1.213333333333333286e+01
1.119999999999999929e+01
1.213333333333333286e+01
1.106666666666666643e+01
1.319999999999999929e+01
9.933333333333333570e+00
1.233333333333333393e+01
1.133333333333333393e+01
1.333333333333333393e+01
1.259999999999999964e+01
1.333333333333333393e+01
1.173333333333333250e+01
1.159999999999999964e+01
1.280000000000000071e+01
1.240000000000000036e+01
1.480000000000000071e+01
1.326666666666666750e+01
1.119999999999999929e+01
1.286666666666666714e+01
1.353333333333333321e+01
1.366666666666666607e+01
1.453333333333333321e+01
1.046666666666666679e+01
1.246666666666666679e+01
1.706666666666666643e+01
1.340000000000000036e+01
1.240000000000000036e+01
1.246666666666666679e+01
1.186666666666666714e+01
1.433333333333333393e+01
1.193333333333333357e+01
1.559999999999999964e+01
1.413333333333333286e+01
1.080000000000000071e+01
1.126666666666666750e+01
1.286666666666666714e+01
1.353333333333333321e+01
1.340000000000000036e+01
1.153333333333333321e+01
1.113333333333333286e+01
1.173333333333333250e+01
1.066666666666666607e+01
1.393333333333333357e+01
1.333333333333333393e+01
1.140000000000000036e+01
1.226666666666666750e+01
1.066666666666666607e+01
1.366666666666666607e+01
1.246666666666666679e+01
1.293333333333333357e+01
1.226666666666666750e+01
1.459999999999999964e+01
1.273333333333333250e+01
1.040000000000000036e+01
1.159999999999999964e+01
1.213333333333333286e+01
1.259999999999999964e+01
1.333333333333333393e+01
1.259999999999999964e+01
1.259999999999999964e+01
1.180000000000000071e+01
1.213333333333333286e+01
1.093333333333333357e+01
1.186666666666666714e+01
1.013333333333333286e+01
1.113333333333333286e+01
1.086666666666666714e+01
1.146666666666666679e+01
1.200000000000000000e+01
1.346666666666666679e+01
1.433333333333333393e+01
1.153333333333333321e+01
1.206666666666666643e+01
1.293333333333333357e+01
1.113333333333333286e+01
1.200000000000000000e+01
1.226666666666666750e+01
1.073333333333333250e+01
1.133333333333333393e+01
1.186666666666666714e+01
1.140000000000000036e+01
1.113333333333333286e+01
1.166666666666666607e+01
9.599999999999999645e+00
1.053333333333333321e+01
1.246666666666666679e+01
1.213333333333333286e+01
1.153333333333333321e+01
1.100000000000000000e+01
1.126666666666666750e+01
1.226666666666666750e+01
1.153333333333333321e+01
1.040000000000000036e+01
1.040000000000000036e+01
1.206666666666666643e+01
1.306666666666666643e+01
1.133333333333333393e+01
1.173333333333333250e+01
1.033333333333333393e+01
1.086666666666666714e+01
1.066666666666666607e+01
1.159999999999999964e+01
9.933333333333333570e+00
1.180000000000000071e+01
1.193333333333333357e+01
1.073333333333333250e+01
1.140000000000000036e+01
1.259999999999999964e+01
1.000000000000000000e+01
1.133333333333333393e+01
1.086666666666666714e+01
1.066666666666666607e+01
1.293333333333333357e+01
1.126666666666666750e+01
1.173333333333333250e+01
1.026666666666666750e+01
1.126666666666666750e+01
9.933333333333333570e+00
1.153333333333333321e+01
1.093333333333333357e+01
1.213333333333333286e+01
1.119999999999999929e+01
1.113333333333333286e+01
1.193333333333333357e+01
1.140000000000000036e+01
1.073333333333333250e+01
1.200000000000000000e+01
1.019999999999999929e+01
1.000000000000000000e+01
1.186666666666666714e+01
1.206666666666666643e+01
1.080000000000000071e+01
1.200000000000000000e+01
1.180000000000000071e+01
1.186666666666666714e+01
1.519999999999999929e+01
1.080000000000000071e+01
1.093333333333333357e+01
1.106666666666666643e+01
1.180000000000000071e+01
1.206666666666666643e+01
1.113333333333333286e+01
1.000000000000000000e+01
1.100000000000000000e+01
1.153333333333333321e+01
1.146666666666666679e+01
1.193333333333333357e+01
1.146666666666666679e+01
1.133333333333333393e+01
1.319999999999999929e+01
1.100000000000000000e+01
1.059999999999999964e+01
1.053333333333333321e+01
1.266666666666666607e+01
1.100000000000000000e+01
1.153333333333333321e+01
1.126666666666666750e+01
1.180000000000000071e+01
1.206666666666666643e+01
1.093333333333333357e+01
9.933333333333333570e+00
1.093333333333333357e+01
1.126666666666666750e+01
1.106666666666666643e+01
1.000000000000000000e+01
1.119999999999999929e+01
1.259999999999999964e+01
1.300000000000000000e+01
1.293333333333333357e+01
1.353333333333333321e+01
1.240000000000000036e+01
1.280000000000000071e+01
1.173333333333333250e+01
1.326666666666666750e+01
1.033333333333333393e+01
1.280000000000000071e+01
1.266666666666666607e+01
1.293333333333333357e+01
1.526666666666666750e+01
1.140000000000000036e+01
1.200000000000000000e+01
1.173333333333333250e+01
1.333333333333333393e+01
1.240000000000000036e+01
1.246666666666666679e+01
1.233333333333333393e+01
1.106666666666666643e+01
9.933333333333333570e+00
1.059999999999999964e+01
1.093333333333333357e+01
1.213333333333333286e+01
1.100000000000000000e+01
1.013333333333333286e+01
1.219999999999999929e+01
1.219999999999999929e+01
1.240000000000000036e+01
1.053333333333333321e+01
1.266666666666666607e+01
1.173333333333333250e+01
1.280000000000000071e+01
1.413333333333333286e+01
1.773333333333333428e+01
1.713333333333333286e+01
1.293333333333333357e+01
1.233333333333333393e+01
1.359999999999999964e+01
1.453333333333333321e+01
1.573333333333333250e+01
1.306666666666666643e+01
1.446666666666666679e+01
1.126666666666666750e+01
1.433333333333333393e+01
1.466666666666666607e+01
1.353333333333333321e+01
1.166666666666666607e+01
1.366666666666666607e+01
1.440000000000000036e+01
1.313333333333333286e+01
1.306666666666666643e+01
1.646666666666666501e+01
1.400000000000000000e+01
1.606666666666666643e+01
1.680000000000000071e+01
1.780000000000000071e+01
1.559999999999999964e+01
1.506666666666666643e+01
1.540000000000000036e+01
1.480000000000000071e+01
2.060000000000000142e+01
1.519999999999999929e+01
1.446666666666666679e+01
1.606666666666666643e+01
1.706666666666666643e+01
2.346666666666666501e+01
1.300000000000000000e+01
1.406666666666666643e+01
1.380000000000000071e+01
1.313333333333333286e+01
1.519999999999999929e+01
1.973333333333333428e+01
1.219999999999999929e+01
2.060000000000000142e+01
1.419999999999999929e+01
1.500000000000000000e+01
1.673333333333333428e+01
1.240000000000000036e+01
1.406666666666666643e+01
1.506666666666666643e+01
1.819999999999999929e+01
1.593333333333333357e+01
1.440000000000000036e+01
1.413333333333333286e+01
1.340000000000000036e+01
1.159999999999999964e+01
1.666666666666666785e+01
1.133333333333333393e+01
1.359999999999999964e+01
1.200000000000000000e+01
1.219999999999999929e+01
1.326666666666666750e+01
1.466666666666666607e+01
1.159999999999999964e+01
1.259999999999999964e+01
1.159999999999999964e+01
1.193333333333333357e+01
1.413333333333333286e+01
1.233333333333333393e+01
1.180000000000000071e+01
1.159999999999999964e+01
1.193333333333333357e+01
1.406666666666666643e+01
1.113333333333333286e+01
1.219999999999999929e+01
9.866666666666667140e+00
1.219999999999999929e+01
1.046666666666666679e+01
1.140000000000000036e+01
9.933333333333333570e+00
1.240000000000000036e+01
1.166666666666666607e+01
1.073333333333333250e+01
1.133333333333333393e+01
1.046666666666666679e+01
1.419999999999999929e+01
1.226666666666666750e+01
1.240000000000000036e+01
1.126666666666666750e+01
1.119999999999999929e+01
1.140000000000000036e+01
1.166666666666666607e+01
1.193333333333333357e+01
1.119999999999999929e+01
1.119999999999999929e+01
9.666666666666666075e+00
1.246666666666666679e+01
1.233333333333333393e+01
1.100000000000000000e+01
1.106666666666666643e+01
1.046666666666666679e+01
1.213333333333333286e+01
1.146666666666666679e+01
1.173333333333333250e+01
1.166666666666666607e+01
1.226666666666666750e+01
1.166666666666666607e+01
1.119999999999999929e+01
1.066666666666666607e+01
1.233333333333333393e+01
1.119999999999999929e+01
1.080000000000000071e+01
1.106666666666666643e+01
1.346666666666666679e+01
1.119999999999999929e+01
1.053333333333333321e+01
1.059999999999999964e+01
1.180000000000000071e+01
1.026666666666666750e+01
1.273333333333333250e+01
1.126666666666666750e+01
1.193333333333333357e+01
1.080000000000000071e+01
1.073333333333333250e+01
1.259999999999999964e+01
1.173333333333333250e+01
1.386666666666666714e+01
1.173333333333333250e+01
1.226666666666666750e+01
1.333333333333333393e+01
1.213333333333333286e+01
1.173333333333333250e+01
1.073333333333333250e+01
1.073333333333333250e+01
1.186666666666666714e+01
1.133333333333333393e+01
1.146666666666666679e+01
1.119999999999999929e+01
1.066666666666666607e+01
1.226666666666666750e+01
1.153333333333333321e+01
1.380000000000000071e+01
1.359999999999999964e+01
1.026666666666666750e+01
1.159999999999999964e+01
1.219999999999999929e+01
1.000000000000000000e+01
1.313333333333333286e+01
1.300000000000000000e+01
1.180000000000000071e+01
1.113333333333333286e+01
1.206666666666666643e+01
1.126666666666666750e+01
1.226666666666666750e+01
1.266666666666666607e+01
1.319999999999999929e+01
1.240000000000000036e+01
1.226666666666666750e+01
1.226666666666666750e+01
1.326666666666666750e+01
1.159999999999999964e+01
1.133333333333333393e+01
1.313333333333333286e+01
1.333333333333333393e+01
1.346666666666666679e+01
1.213333333333333286e+01
1.219999999999999929e+01
1.319999999999999929e+01
1.693333333333333357e+01
1.480000000000000071e+01
1.600000000000000000e+01
1.746666666666666501e+01
1.500000000000000000e+01
1.800000000000000000e+01
1.566666666666666607e+01
1.473333333333333250e+01
1.853333333333333499e+01
1.513333333333333286e+01
1.553333333333333321e+01
1.873333333333333428e+01
1.806666666666666643e+01
2.013333333333333286e+01
1.673333333333333428e+01
1.700000000000000000e+01
1.566666666666666607e+01
2.060000000000000142e+01
1.760000000000000142e+01
2.313333333333333286e+01
2.260000000000000142e+01
2.060000000000000142e+01
2.433333333333333215e+01
1.866666666666666785e+01
1.806666666666666643e+01
1.880000000000000071e+01
1.780000000000000071e+01
2.246666666666666501e+01
1.866666666666666785e+01
1.600000000000000000e+01
1.733333333333333215e+01
3.339999999999999858e+01
1.653333333333333499e+01
3.073333333333333428e+01
2.800000000000000000e+01
2.426666666666666572e+01
3.273333333333333428e+01
1.853333333333333499e+01
2.673333333333333428e+01
2.406666666666666643e+01
2.346666666666666501e+01
2.460000000000000142e+01
3.253333333333333144e+01
1.973333333333333428e+01
2.313333333333333286e+01
2.460000000000000142e+01
2.813333333333333286e+01
2.813333333333333286e+01
3.953333333333333144e+01
3.073333333333333428e+01
2.226666666666666572e+01
3.139999999999999858e+01
2.553333333333333499e+01
2.780000000000000071e+01
2.780000000000000071e+01
3.500000000000000000e+01
3.646666666666666856e+01
2.380000000000000071e+01
2.739999999999999858e+01
2.760000000000000142e+01
2.819999999999999929e+01
4.226666666666666572e+01
3.460000000000000142e+01
2.733333333333333215e+01
3.373333333333333428e+01
2.893333333333333357e+01
3.373333333333333428e+01
2.413333333333333286e+01
2.853333333333333499e+01
3.013333333333333286e+01
3.239999999999999858e+01
3.206666666666666998e+01
2.960000000000000142e+01
2.986666666666666714e+01
3.000000000000000000e+01
3.213333333333333286e+01
3.746666666666666856e+01
3.573333333333333428e+01
3.080000000000000071e+01
3.060000000000000142e+01
2.700000000000000000e+01
5.126666666666666572e+01
3.393333333333333002e+01
3.860000000000000142e+01
3.713333333333333286e+01
3.239999999999999858e+01
3.973333333333333428e+01
3.513333333333333286e+01
4.446666666666666856e+01
2.906666666666666643e+01
5.153333333333333144e+01
2.439999999999999858e+01
3.500000000000000000e+01
5.260000000000000142e+01
3.100000000000000000e+01
5.333333333333333570e+01
4.086666666666666714e+01
4.433333333333333570e+01
4.946666666666666856e+01
3.573333333333333428e+01
5.306666666666666998e+01
4.639999999999999858e+01
3.160000000000000142e+01
3.413333333333333286e+01
3.786666666666666714e+01
4.626666666666666572e+01
3.126666666666666572e+01
4.026666666666666572e+01
4.100000000000000000e+01
4.060000000000000142e+01
5.466666666666666430e+01
3.486666666666666714e+01
3.986666666666666714e+01
4.653333333333333144e+01
3.426666666666666572e+01
6.013333333333333286e+01
5.660000000000000142e+01
5.953333333333333144e+01
3.879999999999999716e+01
4.000000000000000000e+01
3.426666666666666572e+01
4.573333333333333428e+01
4.206666666666666998e+01
3.326666666666666572e+01
2.586666666666666714e+01
3.220000000000000284e+01
5.306666666666666998e+01
4.786666666666666714e+01
4.039999999999999858e+01
3.493333333333333002e+01
5.406666666666666998e+01
5.086666666666666714e+01
5.386666666666666714e+01
4.979999999999999716e+01
4.300000000000000000e+01
4.033333333333333570e+01
4.013333333333333286e+01
5.479999999999999716e+01
5.573333333333333428e+01
3.473333333333333428e+01
4.553333333333333144e+01
4.466666666666666430e+01
5.486666666666666714e+01
5.613333333333333286e+01
4.213333333333333286e+01
3.393333333333333002e+01
2.826666666666666572e+01
5.660000000000000142e+01
5.633333333333333570e+01
4.539999999999999858e+01
6.239999999999999858e+01
4.813333333333333286e+01
4.446666666666666856e+01
5.693333333333333002e+01
5.153333333333333144e+01
4.666666666666666430e+01
5.453333333333333144e+01
4.686666666666666714e+01
6.706666666666666288e+01
4.973333333333333428e+01
5.053333333333333144e+01
3.900000000000000000e+01
5.579999999999999716e+01
5.733333333333333570e+01
5.353333333333333144e+01
4.573333333333333428e+01
6.186666666666666714e+01
6.333333333333333570e+01
6.293333333333333002e+01
4.000000000000000000e+01
8.153333333333333144e+01
4.800000000000000000e+01
6.766666666666667140e+01
4.293333333333333002e+01
5.046666666666666856e+01
4.986666666666666714e+01
5.086666666666666714e+01
8.446666666666666856e+01
6.339999999999999858e+01
6.186666666666666714e+01
7.020000000000000284e+01
7.813333333333333997e+01
9.526666666666666572e+01
5.266666666666666430e+01
4.886666666666666714e+01
7.459999999999999432e+01
6.446666666666666856e+01
5.873333333333333428e+01
5.439999999999999858e+01
6.293333333333333002e+01
8.233333333333332860e+01
4.406666666666666998e+01
7.106666666666666288e+01
6.759999999999999432e+01
8.240000000000000568e+01
4.820000000000000284e+01
4.860000000000000142e+01
6.886666666666666003e+01
6.066666666666666430e+01
6.013333333333333286e+01
6.693333333333333712e+01
5.453333333333333144e+01
5.079999999999999716e+01
8.306666666666666288e+01
4.506666666666666998e+01
7.173333333333333428e+01
3.646666666666666856e+01
7.086666666666666003e+01
7.920000000000000284e+01
9.093333333333333712e+01
6.233333333333333570e+01
8.386666666666666003e+01
7.893333333333333712e+01
8.306666666666666288e+01
6.433333333333332860e+01
6.486666666666666003e+01
7.140000000000000568e+01
6.486666666666666003e+01
8.586666666666666003e+01
5.226666666666666572e+01
6.800000000000000000e+01
8.020000000000000284e+01
6.486666666666666003e+01
8.233333333333332860e+01
4.839999999999999858e+01
6.060000000000000142e+01
7.086666666666666003e+01
7.700000000000000000e+01
6.720000000000000284e+01
7.706666666666666288e+01
7.040000000000000568e+01
6.786666666666666003e+01
7.533333333333332860e+01
5.246666666666666856e+01
9.586666666666666003e+01
7.079999999999999716e+01
9.479999999999999716e+01
9.466666666666667140e+01
6.953333333333333144e+01
9.966666666666667140e+01
6.139999999999999858e+01
7.333333333333332860e+01
5.526666666666666572e+01
7.653333333333333144e+01
8.953333333333333144e+01
9.759999999999999432e+01
8.246666666666666856e+01
9.826666666666666572e+01
7.493333333333333712e+01
6.993333333333333712e+01
9.253333333333333144e+01
1.083333333333333286e+02
8.820000000000000284e+01
6.246666666666666856e+01
1.181333333333333400e+02
9.026666666666666572e+01
1.188666666666666600e+02
9.253333333333333144e+01
7.373333333333333428e+01
8.806666666666666288e+01
7.159999999999999432e+01
1.193333333333333286e+02
1.135999999999999943e+02
9.020000000000000284e+01
9.646666666666666856e+01
1.043333333333333286e+02
9.720000000000000284e+01
1.010666666666666629e+02
1.193333333333333286e+02
9.546666666666666856e+01
1.269333333333333371e+02
1.017333333333333343e+02
8.926666666666666572e+01
7.700000000000000000e+01
8.453333333333333144e+01
8.620000000000000284e+01
1.110666666666666629e+02
8.426666666666666572e+01
6.759999999999999432e+01
9.833333333333332860e+01
9.233333333333332860e+01
1.146666666666666714e+02
1.124000000000000057e+02
1.034666666666666686e+02
6.940000000000000568e+01
1.325999999999999943e+02
1.155999999999999943e+02
1.240666666666666629e+02
9.113333333333333997e+01
1.137999999999999972e+02
7.953333333333333144e+01
1.330000000000000000e+02
1.224000000000000057e+02
1.038666666666666600e+02
7.213333333333333997e+01
8.540000000000000568e+01
1.334666666666666686e+02
1.425333333333333314e+02
1.068666666666666600e+02
1.073333333333333286e+02
1.036666666666666714e+02
1.364000000000000057e+02
9.506666666666666288e+01
9.393333333333333712e+01
8.726666666666666572e+01
8.533333333333332860e+01
9.886666666666666003e+01
9.713333333333333997e+01
6.579999999999999716e+01
1.139333333333333371e+02
7.826666666666666572e+01
9.240000000000000568e+01
1.035333333333333314e+02
1.191333333333333400e+02
1.230000000000000000e+02
8.779999999999999716e+01
8.020000000000000284e+01
7.879999999999999716e+01
1.136666666666666714e+02
1.458000000000000114e+02
1.094666666666666686e+02
1.194000000000000057e+02
6.979999999999999716e+01
1.162666666666666657e+02
1.157999999999999972e+02
1.339333333333333371e+02
1.103333333333333286e+02
1.030000000000000000e+02
6.479999999999999716e+01
1.448666666666666742e+02
1.362666666666666799e+02
1.218666666666666600e+02
9.313333333333333997e+01
1.181333333333333400e+02
