4.787019485604330882e+00
3.249615361854384155e+00
5.136362742468858933e+00
2.434930982366623198e+00
6.273754856543249048e+00
1.842703328144700503e+00
4.237399621885521661e+00
2.958978802822952670e+00
6.268084945889683901e+00
5.043808085167396982e+00
7.462498836776384259e+00
3.335998934185814058e+00
3.241398874971525235e+00
4.445222154178574137e+00
4.730045806684469945e+00
7.110555533852471299e+00
5.384752135015646424e+00
2.925747767665558996e+00
3.052139504602559228e+00
5.314968380798599235e+00
9.470421790442539844e+00
9.315697624022703849e+00
2.186829262247563133e+00
5.136362742468858933e+00
1.285024859249380214e+01
5.817215828899595209e+00
5.713142742834280696e+00
7.163487667020552507e+00
4.937835783237654930e+00
5.940445175985457738e+00
2.885981442921781159e+00
1.357350360076572215e+01
6.238233368154444847e+00
2.343786110832926095e+00
2.462158041682585008e+00
7.374430298146577911e+00
5.149325737954004722e+00
9.645724441429994300e+00
2.362672686222579976e+00
3.008137112714261097e+00
2.462158041682585008e+00
3.663635110409089624e+00
4.567518168789503896e+00
4.685675570881487673e+00
2.524546163834865187e+00
2.768071932270226299e+00
1.738453974720706396e+00
7.533628312808879457e+00
5.920210206478220272e+00
4.625533002320440623e+00
3.434465832637668914e+00
8.179649544244952608e+00
6.536733808936147305e+00
1.306394529484361522e+00
3.996665276619163265e+00
4.856153027059817440e+00
4.977281721314690266e+00
5.198290317231447411e+00
4.572380853195267214e+00
4.424176006143215822e+00
2.809507667427397326e+00
3.030218180630269931e+00
3.714236873915764736e+00
3.442221504913489216e+00
1.707499796648760171e+00
2.418447619628941059e+00
2.729265265394496431e+00
2.124983660067897073e+00
4.690415759823429731e+00
4.161196409153928855e+00
4.299870799092559537e+00
3.242769735204082515e+00
4.918897798852457370e+00
2.862788073811185274e+00
2.305548862105411434e+00
3.055050463303893515e+00
3.696244340167763376e+00
1.913693345920976618e+00
2.820559440174157828e+00
3.180496117833750080e+00
2.360790827950102866e+00
3.159465496286076203e+00
3.552776691859794056e+00
1.743559577416269546e+00
2.156128217172830652e+00
3.827386691841952793e+00
3.159465496286076203e+00
2.753583523741784500e+00
2.033060090930254304e+00
1.878533707147382881e+00
3.659993928349547510e+00
4.759084879353264519e+00
2.524546163834865187e+00
2.776088375154268650e+00
3.837823457233134228e+00
6.104279009205118456e+00
3.438345855527367156e+00
3.714236873915765180e+00
2.149935399546280212e+00
3.575223380744512180e+00
2.748737083745107057e+00
7.552483035399681022e+00
1.481740718059524786e+00
4.592747906573289463e+00
5.065789397736765842e+00
1.526069752301279614e+00
2.154065922853801940e+00
3.094080369565944455e+00
2.658320271650251421e+00
3.339993346633426619e+00
2.985892756874492182e+00
2.867441755680875559e+00
6.677990383008613584e+00
2.174600857373345519e+00
2.976948474902147979e+00
3.549021774454977241e+00
3.678163793102326107e+00
1.948218559493661184e+00
4.485036851081109610e+00
3.749962962780062359e+00
5.760401220594119742e+00
2.481934729198171485e+00
2.679966832298904311e+00
3.820413008505174624e+00
3.322649545167230212e+00
2.542090128658348824e+00
4.857983120596447435e+00
2.761642023627731035e+00
1.591644851508442926e+00
4.410089442277659977e+00
4.281225162133952544e+00
2.166410241236255807e+00
2.966479394838265282e+00
3.370459909270543175e+00
2.445858177045885817e+00
6.368673331236262669e+00
1.939071942966531514e+00
2.462158041682585008e+00
2.743882083634223701e+00
3.187475490101845388e+00
3.375730373645910110e+00
2.985892756874492182e+00
2.943920288775948801e+00
3.881580434135903257e+00
3.073904502239600767e+00
3.343982987729186895e+00
4.479087208597552383e+00
4.145144415122617332e+00
2.936362072739365559e+00
4.323578764557589160e+00
2.160246899469286941e+00
2.244994432064364887e+00
1.783878421367953493e+00
5.688194402053743381e+00
2.708012801545319981e+00
4.302970550161313135e+00
2.379542439676633148e+00
3.762977544445355704e+00
2.954469307488045260e+00
2.568181371234429466e+00
1.339983416149452156e+00
4.767482447674966650e+00
3.255081497528987455e+00
3.021405118299909098e+00
2.221110833194357426e+00
3.833188403057346871e+00
5.017303392593807310e+00
4.305035810923451223e+00
3.129785225148133954e+00
3.844765561412323951e+00
2.416609194718914555e+00
7.431464638055318872e+00
4.373658524495126265e+00
6.717803873952326477e+00
2.241031508529548244e+00
3.290390047800817452e+00
6.679986693266853237e+00
5.397118572802424907e+00
1.674302508177327553e+01
3.791217922163448328e+00
5.316640543300502841e+00
2.694851057521031379e+00
4.221637386396683844e+00
5.135497379352202074e+00
4.161196409153928855e+00
4.467164151400254468e+00
1.806162291219208793e+00
2.080598204576964427e+00
2.653299832284320203e+00
2.351358945139786272e+00
3.913509365717112498e+00
3.204163957519444494e+00
2.093375795747677515e+00
4.052982440952177079e+00
3.229034943549955905e+00
5.425863986500214509e+00
3.008137112714260653e+00
4.093355048802333584e+00
5.421766829692656664e+00
5.576139644353729885e+00
8.686131986614576306e+00
1.047833744234053199e+01
1.062617313784955897e+01
6.567258856546533075e+00
4.189935029992178706e+00
6.053098380168622228e+00
9.541954144140962768e+00
8.872930118562237567e+00
3.395421754199158038e+00
5.175154318686759680e+00
2.619584360585133442e+00
5.094659513211412971e+00
7.030094040780836551e+00
6.530611678004510701e+00
3.359894178227774031e+00
8.866917289691057746e+00
8.428523002282190646e+00
6.042810236599819085e+00
4.186751591495355029e+00
1.282116306043340970e+01
5.773502691896258199e+00
7.531858262665920734e+00
1.032279032045115308e+01
1.027748347926994654e+01
6.809796864322263055e+00
1.003637827549803418e+01
8.252676333570017064e+00
5.114684741017769376e+00
1.326549408553384168e+01
4.489988864128729773e+00
8.007218965131123412e+00
9.095542253702573632e+00
1.118014112413414729e+01
2.122849238379609460e+01
4.211096452627668185e+00
5.322488974989886046e+00
5.878775382679628514e+00
4.080304999493161056e+00
5.991104516976259120e+00
1.128105590014614812e+01
4.888080741286229269e+00
1.470510115572143839e+01
5.623759122390171505e+00
5.944184833375669719e+00
6.016274225428521305e+00
4.730045806684469945e+00
5.579326920775379506e+00
5.322488974989886046e+00
1.760378747126121723e+01
7.672171936435094430e+00
4.409081537009720719e+00
6.448427887649998524e+00
5.595236068895276915e+00
3.158058475287202960e+00
2.038517980189420697e+01
4.141926551202418594e+00
6.974238309665077296e+00
4.163331998932265243e+00
6.910861017268397966e+00
7.370813312578802012e+00
9.533566430716728490e+00
3.382306905057552715e+00
5.486954224947266923e+00
3.028751117760146272e+00
2.379542439676633148e+00
3.739280976634708598e+00
2.573367875415837780e+00
4.261455150532503566e+00
2.823709144606315835e+00
2.407396011369038469e+00
4.823092599382912127e+00
2.186829262247563577e+00
3.166491223210111006e+00
2.217105219775452607e+00
2.948445918332797344e+00
1.783878421367953715e+00
3.592584956081994907e+00
1.569146972791976014e+00
4.572380853195266326e+00
4.628414655389275545e+00
2.015495527710796875e+00
2.958978802822953114e+00
1.927577639306794488e+00
6.584831053261731348e+00
4.234251868853444734e+00
4.498888751680797604e+00
3.315954697452237365e+00
3.249615361854384155e+00
4.046397574798271002e+00
3.003701420285016077e+00
3.193048003954146008e+00
2.256841450641434488e+00
4.519587001780877245e+00
1.577621275493231057e+00
4.410089442277659977e+00
2.385139175999775318e+00
2.756809750418044214e+00
1.339983416149452156e+00
1.820866704499688238e+00
4.883532419149983816e+00
2.390722810272147836e+00
2.862788073811184830e+00
4.376706016578626901e+00
5.208539995899895914e+00
3.571492062927699607e+00
4.069397989875160881e+00
2.385139175999775762e+00
4.452215428550399423e+00
3.487119154832538648e+00
2.612789058968723488e+00
2.619584360585133442e+00
3.721409529854097009e+00
3.310589071449370202e+00
2.156128217172830652e+00
1.743559577416269324e+00
3.187475490101845388e+00
1.913693345920976396e+00
5.531324936717743945e+00
1.878533707147382659e+00
3.315954697452236921e+00
1.375984496036686044e+00
2.235073948565361235e+00
6.945502141674135821e+00
2.792052212182922766e+00
5.631656555184767043e+00
5.078932521264242439e+00
2.999259167787197811e+00
5.362420680584055077e+00
2.305548862105411434e+00
2.264705033528403799e+00
1.842703328144700503e+00
2.235073948565361235e+00
3.844765561412323951e+00
3.299831645537221636e+00
3.480740661921763124e+00
2.993325909419153330e+00
2.573367875415837780e+00
2.885981442921781603e+00
3.930507459462313502e+00
6.685307272918227461e+00
5.187163643713843086e+00
2.205044721138830432e+00
2.332380757938120386e+00
3.745219174716837074e+00
2.097617696340303262e+00
5.487764167268447402e+00
5.189733454940950175e+00
4.052982440952177079e+00
2.418447619628941059e+00
3.434465832637668914e+00
3.749962962780061915e+00
4.625533002320441511e+00
2.699794230842212261e+00
4.245782220824175113e+00
4.557777236036589130e+00
4.567518168789503008e+00
3.696244340167762932e+00
5.065789397736765842e+00
3.220765954448309820e+00
3.699849846803095144e+00
3.116978594016256210e+00
5.827139568909908363e+00
5.536143864540451709e+00
3.518838192105772755e+00
4.261455150532503566e+00
5.729456053297439233e+00
1.484347967590109363e+01
6.358196809368727109e+00
1.046900186264192101e+01
1.271674311903623966e+01
1.144261042478215806e+01
1.570562531918632843e+01
8.419553960210059529e+00
7.307226255943875870e+00
1.084353365938531333e+01
9.769794720918598685e+00
7.050925865129738845e+00
1.168741013037343457e+01
1.029217610075191480e+01
1.183704167246003891e+01
1.529037460481447930e+01
1.355482693852390419e+01
4.407065034943576265e+00
1.611955334368790815e+01
9.379410073844374196e+00
2.370897626544756065e+01
1.863258793977190209e+01
1.606154828568321236e+01
1.790964978874672298e+01
8.162243700247023170e+00
9.284156157430548006e+00
9.689857240090452351e+00
1.067832696009382687e+01
1.706015500776264560e+01
1.127041357813555322e+01
6.703233050799690673e+00
1.029994606242619604e+01
3.696809435175148195e+01
7.446401069569708042e+00
3.270569097607054232e+01
2.259203399430870007e+01
2.171471595229578355e+01
3.500945903926854186e+01
8.293504821378125058e+00
2.046286609663682654e+01
2.146459617344078907e+01
1.571354688017811974e+01
2.357060316015127910e+01
2.049346779396357476e+01
9.691691745453365314e+00
1.296079558600560055e+01
1.842389752468244524e+01
2.351415649253775797e+01
1.736612283217593244e+01
2.712407704522968288e+01
2.204681886854024597e+01
1.304590186823262776e+01
2.314245737456014851e+01
2.318006806624078209e+01
1.305986217385160764e+01
1.681348665010721177e+01
2.438305422487784568e+01
2.740040551200332430e+01
1.060942976789987569e+01
1.731973825822241864e+01
1.607814251294802688e+01
1.724799505256576992e+01
2.796060721006530159e+01
2.981453784090349757e+01
1.504068556357130504e+01
1.852013918834185091e+01
1.482550355150055488e+01
2.342780873710177403e+01
1.203254845085704261e+01
1.789549912377101037e+01
2.189936579497731017e+01
1.732358700346630442e+01
2.473719646380504855e+01
2.089912278860845873e+01
2.303871138371723859e+01
1.927347054027028861e+01
2.046416922873298816e+01
2.441001615912797718e+01
2.233820842313804533e+01
2.326141296940780023e+01
2.052900387257014359e+01
1.275408431313932667e+01
2.957130741482733427e+01
1.629914789865476976e+01
1.893075099760527991e+01
1.992943105615968946e+01
1.672044656500936100e+01
3.482234276374229864e+01
2.019526897292751499e+01
3.162881948828033885e+01
1.376694914964419070e+01
3.962804842813007156e+01
1.371519838232997124e+01
2.153137245973883651e+01
2.828144267890165509e+01
2.384952829722214673e+01
4.784790718748545402e+01
2.025130997134643351e+01
2.521022720158538633e+01
2.973632271967885643e+01
1.920231467529081471e+01
4.433278195145840073e+01
2.364402672981064057e+01
1.923815652984107061e+01
2.601247563937137031e+01
1.631304862849233217e+01
2.849202617497667234e+01
2.297089946480594591e+01
1.960430791660060024e+01
2.420468274253283170e+01
2.341167799767173108e+01
3.106909861725777233e+01
1.557719130295602916e+01
2.687468862868719555e+01
3.531924247331600242e+01
1.693307086410757734e+01
4.157542008874420958e+01
3.856042876663415342e+01
5.063578005938312998e+01
3.020860804472791372e+01
2.114710382061808502e+01
2.381166847483719451e+01
3.815488901249164400e+01
2.729216411760383565e+01
1.983756257429044467e+01
1.000577610960566943e+01
2.573765076044561440e+01
4.350090675938708529e+01
1.956822821707564586e+01
2.886243232993366448e+01
1.853453233531639199e+01
5.222830224653636577e+01
5.382300210463510837e+01
3.680193231641814577e+01
3.069028076335133903e+01
3.158480647399948893e+01
1.475428374706440593e+01
2.039891064629568618e+01
3.035391243316090382e+01
4.759477095461456742e+01
2.784113663069252453e+01
6.603621901821924212e+01
2.609129271530170158e+01
3.297244640942224692e+01
4.758272328855879607e+01
2.526094922119031239e+01
1.643762621413309688e+01
1.941637338834303250e+01
2.848578592912612706e+01
3.815349117563016534e+01
4.686690374525147718e+01
3.870193793597421461e+01
3.038830184279616731e+01
3.057856911120742538e+01
3.181711628807502024e+01
1.292989645056070280e+01
3.856711322126952268e+01
2.491550164500450393e+01
4.663884885181260387e+01
3.252991785350150167e+01
3.811468075281346302e+01
2.673541139055507898e+01
2.152208168370336949e+01
5.780911116193824739e+01
3.919637171417216592e+01
6.500140169428827619e+01
2.483939523328930932e+01
4.157221294192658689e+01
4.437667054758489371e+01
3.444893160736467053e+01
2.009643417789998665e+01
6.615725373851473989e+01
1.925616784305745455e+01
4.042881260795188325e+01
2.372190736194897198e+01
3.148939856875996668e+01
2.717073589155966928e+01
4.287635971280936076e+01
1.161745047570918388e+02
4.329865278889555924e+01
3.342627044041191908e+01
5.524515061674343031e+01
9.069646569127647240e+01
7.261080421596285817e+01
3.448606804042596252e+01
2.000622125462199463e+01
3.495673516410440129e+01
7.209056033135607322e+01
3.161321805124488549e+01
5.295129837879331092e+01
6.348697154184907987e+01
8.018866642002609524e+01
2.823819320628632923e+01
4.255109347073886283e+01
2.700074073057997026e+01
8.443759036511325178e+01
2.816427997777799774e+01
3.106080059066947641e+01
6.982155031857205074e+01
4.104739807696572029e+01
3.028281507536722827e+01
4.441841459975305639e+01
5.274449944991631156e+01
3.781569339132454388e+01
8.386375193663165817e+01
2.322776116824195469e+01
5.583244775417089301e+01
2.926400899094691610e+01
3.423812040531559830e+01
3.863538964904241624e+01
4.792141715582106798e+01
4.288848589332831551e+01
8.746036562669718251e+01
4.678385286494570749e+01
4.534235204407562492e+01
6.061206333909301236e+01
2.736632155689828139e+01
5.508635644755121064e+01
4.191557652657965605e+01
5.509369796587950674e+01
2.328509299005601108e+01
3.923773693780006511e+01
4.392599837605666835e+01
2.342610130222744047e+01
7.194040743714357689e+01
2.723429210878569506e+01
7.010829717895974511e+01
3.202263088643543654e+01
5.459548210856523554e+01
4.366264612533998246e+01
4.421683942672620304e+01
4.273140921305233064e+01
5.327897229572740656e+01
4.428945196720721356e+01
3.599975308557299059e+01
5.809746599943542833e+01
4.463810031800188938e+01
5.566830336915253241e+01
5.421397933702667871e+01
3.570035791915194778e+01
6.869416924957231174e+01
4.173056433838392110e+01
5.979817908784700364e+01
2.753535101565903886e+01
5.169379932727801474e+01
9.042334998340983532e+01
7.973522851705303083e+01
6.189331322705403693e+01
1.050152158287338722e+02
6.802594276369043769e+01
3.281761044859231191e+01
6.014412320048863592e+01
6.223361006901514259e+01
9.084286800110764659e+01
4.805672574040900003e+01
9.279142680705416524e+01
6.920256899534550143e+01
7.042430136126463935e+01
5.552520948982442661e+01
4.699427861157379027e+01
8.111429521908509344e+01
6.297597425473728094e+01
7.447027744155532503e+01
8.113922191722897992e+01
6.137882370981053270e+01
6.230341528002742990e+01
7.254025702248985397e+01
5.977647251776125614e+01
6.222268253797984272e+01
7.419763398443974722e+01
7.294643392395697390e+01
6.861240574577036000e+01
5.440277770686182635e+01
6.222696807297906929e+01
4.882485705730910297e+01
5.996650917155526628e+01
1.064613858009873439e+02
1.123515118822271432e+02
6.878126359861545325e+01
5.155036372325611183e+01
8.002388532320973979e+01
5.472923248949220465e+01
6.513950840738327486e+01
6.263843335631354137e+01
7.461355253720482494e+01
5.958724695771738311e+01
8.199821136260635512e+01
7.200629602101935234e+01
7.439217402089789744e+01
6.861182275834262612e+01
5.741799950073728098e+01
6.496857359951468425e+01
8.461126796512782278e+01
1.015590468643734283e+02
9.341082497345915669e+01
4.647560889565862396e+01
7.321183875121108997e+01
8.218423747221171993e+01
1.130845504724476314e+02
7.398906826161700678e+01
6.685772622184781255e+01
6.702503678145619403e+01
7.392320339379240579e+01
7.037562709410758544e+01
7.495995968219001782e+01
6.785225780244080340e+01
1.170542134606392040e+02
8.657472045708389885e+01
6.370647969834430313e+01
6.349299173924630679e+01
9.768143233093084632e+01
6.785815270760683404e+01
8.505590318529729643e+01
5.506101665929858058e+01
1.048985965375874656e+02
9.243448130072096092e+01
6.325630403366924526e+01
8.127336587099122767e+01
6.478703574018491906e+01
7.689964600409780360e+01
1.080211090481855791e+02
8.893358320804476591e+01
9.805291088658884746e+01
6.263034408335946779e+01
8.092833592478939408e+01
7.878341619063408530e+01
8.486417906801955269e+01
9.013224851418176797e+01
6.363541990642213619e+01
4.752150390437294902e+01
1.217433730799705103e+02
9.858023241107834167e+01
7.926652649272719486e+01
8.152780030285511259e+01
7.353354487730224776e+01
