0.000000000000000000e+00
0.000000000000000000e+00
0.000000000000000000e+00
0.000000000000000000e+00
0.000000000000000000e+00
0.000000000000000000e+00
0.000000000000000000e+00
0.000000000000000000e+00
0.000000000000000000e+00
4.419955303946953261e-03
4.896529995823561791e-03
4.896529995823561791e-03
5.413317590289080591e-03
6.179321124165288934e-03
7.884162324277401920e-03
9.563682496240056424e-03
9.972764154881455165e-03
1.061960584118928907e-02
8.322500665865579725e-03
8.839910607893903052e-03
1.086756778472326712e-02
9.087575070758220977e-03
7.713365989559202614e-03
9.972764154881453430e-03
1.235864224833057960e-02
1.257235218865407171e-02
1.203096156681674085e-02
1.146403213921211479e-02
1.404051456796838113e-02
1.413506455591904964e-02
1.288627337734050797e-02
1.453767701143782697e-02
1.513618371100629474e-02
1.309137284202417303e-02
1.355787763626738023e-02
1.548418741813721577e-02
1.576832464855480731e-02
1.618518043012046048e-02
1.667165467359356737e-02
1.480999847700491430e-02
1.407210181726790271e-02
1.480999847700491256e-02
1.489966629007356304e-02
1.444576243132293832e-02
1.407210181726790271e-02
1.407210181726790271e-02
1.459863189937099341e-02
1.468958998747068624e-02
1.388150021511440520e-02
1.397712591661418730e-02
1.407210181726790271e-02
1.305741332219616420e-02
1.468958998747068624e-02
1.339313424441374023e-02
1.453767701143782697e-02
1.453767701143782697e-02
1.453767701143782697e-02
1.468958998747068451e-02
1.498879769101648697e-02
1.542673197911840349e-02
1.539792386438289251e-02
1.498879769101648697e-02
1.480999847700491256e-02
1.556997304643349504e-02
1.453767701143782697e-02
1.568362399305575985e-02
1.585257275299147353e-02
1.568362399305576332e-02
1.690964433557235608e-02
1.599199999999996111e-02
1.599199999999996111e-02
1.444576243132294005e-02
1.407210181726790271e-02
1.407210181726790271e-02
1.397712591661418730e-02
1.388150021511440520e-02
1.468958998747068451e-02
1.413506455591905138e-02
1.576832464855480731e-02
1.576832464855480731e-02
1.407210181726790271e-02
1.407210181726790271e-02
1.407210181726790271e-02
1.542673197911840349e-02
1.542673197911840349e-02
1.737584747733341914e-02
1.737584747733341914e-02
1.729901947767235187e-02
1.719604820881816959e-02
1.651108925002287356e-02
1.841781976480623764e-02
1.832113762843340377e-02
1.856189877739399322e-02
1.819956271147434371e-02
1.819956271147434371e-02
1.812622636464139222e-02
1.812622636464139222e-02
1.812622636464139222e-02
1.729901947767235187e-02
1.729901947767235187e-02
1.795394331801972512e-02
1.856189877739399322e-02
1.824828987421374046e-02
1.841781976480623764e-02
1.891729604239342222e-02
2.014487779946936424e-02
1.992325523937620371e-02
2.025477974865845521e-02
1.954072914595444965e-02
1.903428723820949769e-02
1.856189877739399322e-02
1.787959954808827218e-02
1.877594440293804678e-02
1.891729604239342222e-02
1.832113762843340724e-02
1.832113762843340724e-02
1.832113762843340724e-02
1.877594440293804678e-02
1.848999960939842757e-02
1.812622636464139222e-02
1.812622636464139222e-02
1.868111579465562069e-02
1.868111579465562069e-02
1.868111579465562069e-02
1.868111579465562069e-02
1.856189877739399322e-02
1.856189877739399322e-02
1.856189877739399322e-02
1.750314476506051320e-02
1.767982121578780957e-02
1.767982121578780957e-02
1.767982121578780957e-02
1.719604820881816959e-02
1.719604820881816959e-02
1.719604820881816959e-02
1.841781976480623764e-02
2.025477974865845174e-02
2.025477974865845174e-02
2.025477974865845174e-02
2.185735847616434441e-02
2.185735847616434441e-02
2.185735847616434441e-02
2.243871934848327282e-02
2.209977651973476370e-02
2.321672101931895188e-02
2.342614217777503824e-02
2.342614217777503824e-02
2.361491349879463186e-02
2.263572681011634391e-02
2.263572681011634391e-02
2.389527448867006035e-02
2.487842750032416908e-02
2.496750199759673744e-02
2.444635247957356594e-02
2.415400890121549224e-02
2.383946606411770086e-02
2.507397370448749552e-02
2.507397370448749552e-02
2.498527879016400333e-02
2.498527879016400333e-02
2.498527879016400333e-02
2.498527879016400333e-02
2.498527879016400333e-02
2.406192313363348170e-02
2.406192313363348170e-02
2.350183265667210933e-02
2.350183265667210933e-02
2.592713189348599956e-02
2.592713189348599956e-02
2.673649526188661557e-02
2.673649526188661557e-02
2.774700330966684350e-02
2.774700330966684350e-02
2.800186058500788930e-02
2.727900632761792385e-02
2.651973182368171436e-02
2.742510142592400821e-02
2.718117335379187718e-02
2.618274568404834607e-02
2.551282349895608523e-02
2.523283890752941322e-02
2.523283890752941322e-02
2.444635247957356941e-02
2.433713516875433969e-02
2.370873553495976907e-02
2.365248697283220750e-02
2.365248697283220750e-02
2.378352668456788777e-02
2.333118377241539740e-02
2.298608562200662314e-02
2.243871934848327282e-02
2.275311252456579947e-02
2.333118377241540087e-02
2.331214567559145370e-02
2.269449556365786547e-02
2.269449556365786547e-02
2.269449556365786547e-02
2.269449556365786547e-02
2.321672101931894841e-02
2.314009796867760871e-02
2.314009796867760871e-02
2.333118377241539740e-02
2.292806427842422612e-02
2.292806427842422612e-02
2.292806427842422612e-02
2.159166776019546749e-02
2.159166776019546749e-02
2.159166776019546749e-02
2.159166776019546749e-02
2.233956411591073513e-02
2.233956411591073513e-02
2.233956411591073513e-02
2.233956411591073513e-02
2.185735847616434441e-02
2.225992192259437438e-02
2.225992192259437438e-02
2.111341070399459091e-02
2.111341070399459091e-02
2.058096465183296628e-02
2.058096465183296628e-02
2.058096465183296628e-02
2.058096465183296628e-02
2.058096465183296628e-02
2.058096465183296628e-02
2.058096465183296628e-02
2.155050153064239082e-02
2.155050153064239082e-02
2.155050153064239082e-02
2.215996667165558848e-02
2.215996667165558848e-02
2.215996667165558848e-02
2.215996667165558848e-02
2.215996667165558848e-02
2.302468528919915727e-02
2.302468528919915727e-02
2.302468528919915727e-02
2.302468528919915727e-02
2.302468528919915727e-02
2.302468528919915727e-02
2.406192313363348170e-02
2.406192313363348170e-02
2.398799999999993993e-02
2.378352668456788777e-02
2.378352668456788777e-02
2.378352668456788777e-02
2.460926962661737910e-02
2.460926962661737910e-02
2.460926962661737910e-02
2.460926962661737910e-02
2.480693761833566158e-02
2.572081191478123655e-02
2.703376005828426326e-02
2.869104748872017621e-02
2.979933258014712608e-02
3.164907977598498817e-02
3.115420104719240565e-02
3.085346395823681045e-02
3.085346395823681045e-02
3.115420104719240565e-02
3.115420104719240565e-02
3.212251948745952629e-02
3.132475451708362224e-02
3.157885763537925106e-02
3.219155571471078031e-02
3.219155571471078031e-02
3.338323349960101855e-02
3.273860516610652832e-02
3.329000266346231196e-02
3.462369564330177590e-02
3.528422184993669497e-02
3.528422184993669497e-02
3.528422184993669497e-02
3.647224057949939591e-02
3.647224057949939591e-02
3.647224057949939591e-02
3.647224057949939591e-02
3.853227700974274500e-02
3.925150169809492329e-02
3.927411852607251563e-02
3.979075767338710601e-02
3.944333136708062099e-02
4.005766345601734918e-02
4.206880605494860842e-02
4.482794332655559016e-02
4.643344203863789682e-02
4.643344203863790376e-02
4.628019593735521742e-02
4.579799695280219185e-02
4.608792175348705444e-02
4.662429135118290741e-02
4.482794332655558323e-02
4.371471695232869575e-02
4.585612855684845224e-02
4.613606542247242898e-02
4.714514350622141942e-02
4.798525373718692116e-02
4.893808945324001902e-02
4.919146882901082735e-02
4.853724950546275257e-02
4.834476791638241122e-02
4.983710085423854325e-02
4.983710085423854325e-02
5.010365883069030357e-02
5.041286181124800952e-02
4.899249535047847659e-02
4.956910948250813076e-02
4.912824649832302215e-02
5.041286181124800259e-02
5.133794561097612674e-02
5.102564699791216352e-02
5.244174566337593546e-02
5.107782936743569813e-02
5.171708295460331062e-02
5.249252032009457669e-02
5.269512970748696512e-02
5.396888667453568489e-02
5.436234670758374743e-02
5.605126926504169077e-02
5.671275698543382093e-02
5.784448839200946602e-02
5.826512550021273329e-02
5.948681270294735313e-02
6.128817944758990777e-02
6.057406143079894362e-02
6.264950903416724448e-02
6.298876878371945098e-02
6.341029101196589413e-02
6.401656836753696900e-02
6.448647176475580389e-02
6.553821080018028267e-02
6.517135155026991533e-02
6.706505144675231622e-02
6.706505144675231622e-02
6.951616509369104580e-02
7.062504689005309755e-02
7.069416702010598852e-02
7.193314461977080854e-02
7.418777107673008020e-02
7.459958037862304825e-02
7.730615431875735577e-02
7.724869897502030514e-02
7.993223128931693788e-02
8.060705692431630043e-02
8.274346930926512744e-02
8.316096278102265427e-02
8.525421877472606769e-02
8.689456766424195899e-02
8.868493653502937391e-02
8.789540336862501635e-02
8.868493653502937391e-02
8.901475149035049939e-02
9.019899132473692405e-02
9.108559752355026296e-02
9.192985431778327721e-02
9.071927060749289395e-02
9.024820240992166565e-02
9.067031519374629811e-02
9.268023602449189380e-02
9.483494213983910404e-02
9.481153015090264258e-02
9.606761321879253579e-02
9.734854067501742814e-02
9.775816278733720499e-02
9.866684567889150159e-02
1.001807292424821832e-01
1.014578660134342059e-01
1.039010043337191269e-01
1.053017510532890388e-01
1.047140236262553703e-01
1.058191041458119153e-01
1.070414259403026647e-01
1.094086056741220142e-01
1.096396780742363852e-01
1.088593724286316261e-01
1.106795512529551440e-01
1.131982473657018873e-01
1.138357906938272934e-01
1.150925684607345123e-01
1.159573169959052519e-01
1.159802886969255459e-01
1.166292733579351731e-01
1.173276584820853730e-01
1.172330134362045001e-01
1.166292733579351870e-01
1.155660994505836869e-01
1.155737831113381742e-01
1.157848839654333356e-01
1.155084557029868036e-01
1.163128685294775727e-01
1.171799788198572556e-01
1.183637592593272392e-01
1.194949520830621004e-01
1.203206865958171834e-01
1.202173182892824349e-01
1.219116881981924944e-01
1.233058790361954565e-01
1.221845314923291625e-01
1.235971998990627180e-01
1.260163004297459033e-01
1.267155081993605326e-01
1.287351861276990472e-01
1.311170633526475837e-01
1.307881809670378703e-01
1.321693624542221168e-01
1.338086263312894264e-01
1.342293727501133460e-01
1.341069293536566176e-01
1.341698196499081230e-01
1.353559033987394022e-01
1.354706632177854475e-01
1.339213966781343246e-01
1.346158257222711263e-01
1.333732373887488165e-01
1.334930277563421697e-01
1.328395288157858123e-01
1.320887140001832660e-01
1.321290443804422621e-01
1.317656265681185768e-01
1.307100771767638059e-01
1.305469274433101456e-01
1.296767527671101872e-01
1.277310772008475870e-01
1.269780297330561081e-01
1.265261554233835795e-01
1.252883870445390402e-01
1.233238817342366955e-01
1.210711347440925761e-01
1.190407810215567269e-01
1.184237624362423080e-01
1.166559188620772680e-01
1.144193483473062989e-01
1.123003969538843710e-01
1.102454490741253262e-01
1.088104175292462089e-01
1.067673117235170971e-01
1.072072146649759167e-01
1.074760758990886689e-01
1.054408022646936560e-01
1.052384852207383370e-01
1.037342117764862293e-01
1.037983944780564854e-01
1.023120062336554947e-01
1.017244640661997129e-01
1.018117212996617893e-01
1.021165344572344952e-01
1.021773879714424349e-01
1.008037030217089486e-01
9.919194756744233177e-02
9.638598614367596684e-02
9.460056151818317660e-02
9.421962758128245297e-02
9.303884224463579433e-02
8.950719526881006916e-02
8.853461448244727416e-02
8.638209228383704474e-02
8.400558175502388647e-02
8.001550851067702752e-02
7.783845782273840497e-02
7.465907443096848894e-02
7.083220493218857217e-02
6.894537830453581484e-02
6.724356572606451921e-02
6.688606072684770421e-02
6.553821080018047696e-02
6.198690959836244269e-02
5.961356296459167231e-02
5.616205827187368410e-02
5.278773245114184998e-02
4.950636942185655809e-02
4.633772261703562184e-02
4.330654072231276269e-02
4.012411248724249979e-02
3.927411852607262666e-02
3.621569174021425225e-02
3.560989072341186334e-02
3.517078773009720688e-02
3.243886963710871513e-02
2.984399810496055766e-02
2.742510142592407413e-02
2.493191038720370123e-02
2.243871934848332833e-02
1.994552830976296237e-02
1.745233727104258947e-02
1.495914623232221831e-02
1.246595519360184715e-02
9.972764154881477716e-03
7.479573116161109154e-03
4.986382077440739725e-03
2.493191038720369863e-03
0.000000000000000000e+00
0.000000000000000000e+00
0.000000000000000000e+00
0.000000000000000000e+00
0.000000000000000000e+00
0.000000000000000000e+00
0.000000000000000000e+00
0.000000000000000000e+00
0.000000000000000000e+00
0.000000000000000000e+00
0.000000000000000000e+00
0.000000000000000000e+00
0.000000000000000000e+00
0.000000000000000000e+00
0.000000000000000000e+00
0.000000000000000000e+00
0.000000000000000000e+00
0.000000000000000000e+00
0.000000000000000000e+00
0.000000000000000000e+00
0.000000000000000000e+00
0.000000000000000000e+00
0.000000000000000000e+00
0.000000000000000000e+00
0.000000000000000000e+00
0.000000000000000000e+00
0.000000000000000000e+00
0.000000000000000000e+00
0.000000000000000000e+00
0.000000000000000000e+00
0.000000000000000000e+00
0.000000000000000000e+00
0.000000000000000000e+00
0.000000000000000000e+00
0.000000000000000000e+00
0.000000000000000000e+00
0.000000000000000000e+00
0.000000000000000000e+00
0.000000000000000000e+00
0.000000000000000000e+00
0.000000000000000000e+00
0.000000000000000000e+00
0.000000000000000000e+00
0.000000000000000000e+00
0.000000000000000000e+00
0.000000000000000000e+00
0.000000000000000000e+00
0.000000000000000000e+00
0.000000000000000000e+00
0.000000000000000000e+00
0.000000000000000000e+00
0.000000000000000000e+00
0.000000000000000000e+00
0.000000000000000000e+00
0.000000000000000000e+00
0.000000000000000000e+00
0.000000000000000000e+00
0.000000000000000000e+00
0.000000000000000000e+00
0.000000000000000000e+00
0.000000000000000000e+00
0.000000000000000000e+00
0.000000000000000000e+00
0.000000000000000000e+00
0.000000000000000000e+00
0.000000000000000000e+00
0.000000000000000000e+00
0.000000000000000000e+00
0.000000000000000000e+00
0.000000000000000000e+00
0.000000000000000000e+00
0.000000000000000000e+00
0.000000000000000000e+00
0.000000000000000000e+00
0.000000000000000000e+00
0.000000000000000000e+00
0.000000000000000000e+00
0.000000000000000000e+00
0.000000000000000000e+00
0.000000000000000000e+00
0.000000000000000000e+00
0.000000000000000000e+00
0.000000000000000000e+00
0.000000000000000000e+00
0.000000000000000000e+00
0.000000000000000000e+00
0.000000000000000000e+00
0.000000000000000000e+00
0.000000000000000000e+00
0.000000000000000000e+00
0.000000000000000000e+00
0.000000000000000000e+00
0.000000000000000000e+00
0.000000000000000000e+00
0.000000000000000000e+00
0.000000000000000000e+00
0.000000000000000000e+00
0.000000000000000000e+00
0.000000000000000000e+00
0.000000000000000000e+00
0.000000000000000000e+00
0.000000000000000000e+00
0.000000000000000000e+00
0.000000000000000000e+00
0.000000000000000000e+00
0.000000000000000000e+00
0.000000000000000000e+00
0.000000000000000000e+00
0.000000000000000000e+00
0.000000000000000000e+00
0.000000000000000000e+00
0.000000000000000000e+00
0.000000000000000000e+00
0.000000000000000000e+00
0.000000000000000000e+00
0.000000000000000000e+00
0.000000000000000000e+00
0.000000000000000000e+00
0.000000000000000000e+00
0.000000000000000000e+00
0.000000000000000000e+00
0.000000000000000000e+00
0.000000000000000000e+00
0.000000000000000000e+00
0.000000000000000000e+00
0.000000000000000000e+00
0.000000000000000000e+00
0.000000000000000000e+00
0.000000000000000000e+00
0.000000000000000000e+00
0.000000000000000000e+00
0.000000000000000000e+00
0.000000000000000000e+00
0.000000000000000000e+00
0.000000000000000000e+00
0.000000000000000000e+00
0.000000000000000000e+00
0.000000000000000000e+00
0.000000000000000000e+00
0.000000000000000000e+00
0.000000000000000000e+00
0.000000000000000000e+00
0.000000000000000000e+00
0.000000000000000000e+00
0.000000000000000000e+00
0.000000000000000000e+00
0.000000000000000000e+00
0.000000000000000000e+00
0.000000000000000000e+00
0.000000000000000000e+00
0.000000000000000000e+00
0.000000000000000000e+00
0.000000000000000000e+00
0.000000000000000000e+00
0.000000000000000000e+00
0.000000000000000000e+00
0.000000000000000000e+00
0.000000000000000000e+00
0.000000000000000000e+00
0.000000000000000000e+00
0.000000000000000000e+00
0.000000000000000000e+00
0.000000000000000000e+00
0.000000000000000000e+00
0.000000000000000000e+00
0.000000000000000000e+00
0.000000000000000000e+00
0.000000000000000000e+00
0.000000000000000000e+00
0.000000000000000000e+00
0.000000000000000000e+00
0.000000000000000000e+00
0.000000000000000000e+00
0.000000000000000000e+00
0.000000000000000000e+00
0.000000000000000000e+00
0.000000000000000000e+00
0.000000000000000000e+00
0.000000000000000000e+00
0.000000000000000000e+00
0.000000000000000000e+00
0.000000000000000000e+00
0.000000000000000000e+00
0.000000000000000000e+00
0.000000000000000000e+00
0.000000000000000000e+00
0.000000000000000000e+00
0.000000000000000000e+00
0.000000000000000000e+00
0.000000000000000000e+00
0.000000000000000000e+00
0.000000000000000000e+00
0.000000000000000000e+00
0.000000000000000000e+00
0.000000000000000000e+00
0.000000000000000000e+00
0.000000000000000000e+00
0.000000000000000000e+00
0.000000000000000000e+00
0.000000000000000000e+00
0.000000000000000000e+00
0.000000000000000000e+00
0.000000000000000000e+00
0.000000000000000000e+00
0.000000000000000000e+00
0.000000000000000000e+00
0.000000000000000000e+00
0.000000000000000000e+00
0.000000000000000000e+00
0.000000000000000000e+00
0.000000000000000000e+00
