8.466666666666666785e+00
8.266666666666667496e+00
1.006666666666666643e+01
8.666666666666666075e+00
9.199999999999999289e+00
8.599999999999999645e+00
8.933333333333333570e+00
9.533333333333333215e+00
8.333333333333333925e+00
8.533333333333333215e+00
8.466666666666666785e+00
8.666666666666666075e+00
8.466666666666666785e+00
9.000000000000000000e+00
8.599999999999999645e+00
8.533333333333333215e+00
8.333333333333333925e+00
8.266666666666667496e+00
9.000000000000000000e+00
8.666666666666666075e+00
8.266666666666667496e+00
8.466666666666666785e+00
8.533333333333333215e+00
8.599999999999999645e+00
8.400000000000000355e+00
8.533333333333333215e+00
8.133333333333332860e+00
8.533333333333333215e+00
1.019999999999999929e+01
8.333333333333333925e+00
8.733333333333332504e+00
8.400000000000000355e+00
8.400000000000000355e+00
8.133333333333332860e+00
8.333333333333333925e+00
8.199999999999999289e+00
8.533333333333333215e+00
8.266666666666667496e+00
7.933333333333333570e+00
8.466666666666666785e+00
8.400000000000000355e+00
8.666666666666666075e+00
8.266666666666667496e+00
8.333333333333333925e+00
8.199999999999999289e+00
8.000000000000000000e+00
8.066666666666666430e+00
8.599999999999999645e+00
8.266666666666667496e+00
8.599999999999999645e+00
8.266666666666667496e+00
7.933333333333333570e+00
8.533333333333333215e+00
8.266666666666667496e+00
8.199999999999999289e+00
8.266666666666667496e+00
8.133333333333332860e+00
8.133333333333332860e+00
8.466666666666666785e+00
8.266666666666667496e+00
8.533333333333333215e+00
8.066666666666666430e+00
8.199999999999999289e+00
8.733333333333332504e+00
8.333333333333333925e+00
8.800000000000000711e+00
8.533333333333333215e+00
8.800000000000000711e+00
8.466666666666666785e+00
7.933333333333333570e+00
8.199999999999999289e+00
7.866666666666666252e+00
8.466666666666666785e+00
8.599999999999999645e+00
8.466666666666666785e+00
8.666666666666666075e+00
8.333333333333333925e+00
8.599999999999999645e+00
8.533333333333333215e+00
8.733333333333332504e+00
8.533333333333333215e+00
8.333333333333333925e+00
8.266666666666667496e+00
8.466666666666666785e+00
8.400000000000000355e+00
8.066666666666666430e+00
8.933333333333333570e+00
8.466666666666666785e+00
8.466666666666666785e+00
8.533333333333333215e+00
8.533333333333333215e+00
8.199999999999999289e+00
8.666666666666666075e+00
8.333333333333333925e+00
8.400000000000000355e+00
8.599999999999999645e+00
8.266666666666667496e+00
8.133333333333332860e+00
8.266666666666667496e+00
8.666666666666666075e+00
8.400000000000000355e+00
8.599999999999999645e+00
8.733333333333332504e+00
8.133333333333332860e+00
8.400000000000000355e+00
8.133333333333332860e+00
8.199999999999999289e+00
8.266666666666667496e+00
8.599999999999999645e+00
8.066666666666666430e+00
8.533333333333333215e+00
8.466666666666666785e+00
8.533333333333333215e+00
8.666666666666666075e+00
8.599999999999999645e+00
8.199999999999999289e+00
8.466666666666666785e+00
8.199999999999999289e+00
8.533333333333333215e+00
8.333333333333333925e+00
8.466666666666666785e+00
8.400000000000000355e+00
8.333333333333333925e+00
8.466666666666666785e+00
8.866666666666667140e+00
8.199999999999999289e+00
8.333333333333333925e+00
8.333333333333333925e+00
8.599999999999999645e+00
8.599999999999999645e+00
8.466666666666666785e+00
8.800000000000000711e+00
7.866666666666666252e+00
8.333333333333333925e+00
8.599999999999999645e+00
8.466666666666666785e+00
8.333333333333333925e+00
8.666666666666666075e+00
8.466666666666666785e+00
8.333333333333333925e+00
8.666666666666666075e+00
8.266666666666667496e+00
8.333333333333333925e+00
8.333333333333333925e+00
8.266666666666667496e+00
8.533333333333333215e+00
8.400000000000000355e+00
8.599999999999999645e+00
8.066666666666666430e+00
8.666666666666666075e+00
8.199999999999999289e+00
8.866666666666667140e+00
8.533333333333333215e+00
8.133333333333332860e+00
8.333333333333333925e+00
8.133333333333332860e+00
8.333333333333333925e+00
8.533333333333333215e+00
8.400000000000000355e+00
8.666666666666666075e+00
8.400000000000000355e+00
8.266666666666667496e+00
8.733333333333332504e+00
8.400000000000000355e+00
8.533333333333333215e+00
8.333333333333333925e+00
8.400000000000000355e+00
8.000000000000000000e+00
8.733333333333332504e+00
8.466666666666666785e+00
8.333333333333333925e+00
8.800000000000000711e+00
8.599999999999999645e+00
8.000000000000000000e+00
8.333333333333333925e+00
8.599999999999999645e+00
8.133333333333332860e+00
8.533333333333333215e+00
8.533333333333333215e+00
8.666666666666666075e+00
8.800000000000000711e+00
8.466666666666666785e+00
8.400000000000000355e+00
9.066666666666666430e+00
8.333333333333333925e+00
8.266666666666667496e+00
8.466666666666666785e+00
8.466666666666666785e+00
8.133333333333332860e+00
8.400000000000000355e+00
8.400000000000000355e+00
8.199999999999999289e+00
8.533333333333333215e+00
8.400000000000000355e+00
8.266666666666667496e+00
8.533333333333333215e+00
8.066666666666666430e+00
8.266666666666667496e+00
8.199999999999999289e+00
8.733333333333332504e+00
8.800000000000000711e+00
8.333333333333333925e+00
8.333333333333333925e+00
8.133333333333332860e+00
8.266666666666667496e+00
8.466666666666666785e+00
8.800000000000000711e+00
7.933333333333333570e+00
8.133333333333332860e+00
8.599999999999999645e+00
8.133333333333332860e+00
8.666666666666666075e+00
8.533333333333333215e+00
8.266666666666667496e+00
8.199999999999999289e+00
8.199999999999999289e+00
8.466666666666666785e+00
8.599999999999999645e+00
8.466666666666666785e+00
8.466666666666666785e+00
8.866666666666667140e+00
8.066666666666666430e+00
8.400000000000000355e+00
8.000000000000000000e+00
8.533333333333333215e+00
8.400000000000000355e+00
8.333333333333333925e+00
8.466666666666666785e+00
8.400000000000000355e+00
8.400000000000000355e+00
8.266666666666667496e+00
8.666666666666666075e+00
8.533333333333333215e+00
8.599999999999999645e+00
8.066666666666666430e+00
8.333333333333333925e+00
8.400000000000000355e+00
8.199999999999999289e+00
8.733333333333332504e+00
8.599999999999999645e+00
8.266666666666667496e+00
8.066666666666666430e+00
8.733333333333332504e+00
8.599999999999999645e+00
8.533333333333333215e+00
8.733333333333332504e+00
8.733333333333332504e+00
8.599999999999999645e+00
8.466666666666666785e+00
8.133333333333332860e+00
8.666666666666666075e+00
8.533333333333333215e+00
8.400000000000000355e+00
8.599999999999999645e+00
8.866666666666667140e+00
8.599999999999999645e+00
8.400000000000000355e+00
8.533333333333333215e+00
8.333333333333333925e+00
8.400000000000000355e+00
8.400000000000000355e+00
9.000000000000000000e+00
8.533333333333333215e+00
8.666666666666666075e+00
8.866666666666667140e+00
8.333333333333333925e+00
8.133333333333332860e+00
8.266666666666667496e+00
8.066666666666666430e+00
8.866666666666667140e+00
8.599999999999999645e+00
8.466666666666666785e+00
8.666666666666666075e+00
8.933333333333333570e+00
8.466666666666666785e+00
8.000000000000000000e+00
8.466666666666666785e+00
8.533333333333333215e+00
8.466666666666666785e+00
8.533333333333333215e+00
8.533333333333333215e+00
8.333333333333333925e+00
9.333333333333333925e+00
8.466666666666666785e+00
8.599999999999999645e+00
8.666666666666666075e+00
8.133333333333332860e+00
8.466666666666666785e+00
8.733333333333332504e+00
8.333333333333333925e+00
8.666666666666666075e+00
8.066666666666666430e+00
8.533333333333333215e+00
8.800000000000000711e+00
8.400000000000000355e+00
8.400000000000000355e+00
9.400000000000000355e+00
9.199999999999999289e+00
9.466666666666666785e+00
8.400000000000000355e+00
1.146666666666666679e+01
8.533333333333333215e+00
8.266666666666667496e+00
8.266666666666667496e+00
8.266666666666667496e+00
8.466666666666666785e+00
8.466666666666666785e+00
8.066666666666666430e+00
8.533333333333333215e+00
8.199999999999999289e+00
8.400000000000000355e+00
8.199999999999999289e+00
8.666666666666666075e+00
8.333333333333333925e+00
8.400000000000000355e+00
8.533333333333333215e+00
8.866666666666667140e+00
8.800000000000000711e+00
8.133333333333332860e+00
8.866666666666667140e+00
8.333333333333333925e+00
8.266666666666667496e+00
8.666666666666666075e+00
8.066666666666666430e+00
8.266666666666667496e+00
8.533333333333333215e+00
8.199999999999999289e+00
8.400000000000000355e+00
8.400000000000000355e+00
8.599999999999999645e+00
8.333333333333333925e+00
8.733333333333332504e+00
8.599999999999999645e+00
8.466666666666666785e+00
8.400000000000000355e+00
8.000000000000000000e+00
8.133333333333332860e+00
8.599999999999999645e+00
8.333333333333333925e+00
8.466666666666666785e+00
8.333333333333333925e+00
8.800000000000000711e+00
8.400000000000000355e+00
8.199999999999999289e+00
8.533333333333333215e+00
8.066666666666666430e+00
8.133333333333332860e+00
8.266666666666667496e+00
8.333333333333333925e+00
8.533333333333333215e+00
8.599999999999999645e+00
8.266666666666667496e+00
8.466666666666666785e+00
8.133333333333332860e+00
8.466666666666666785e+00
8.666666666666666075e+00
8.133333333333332860e+00
8.466666666666666785e+00
8.400000000000000355e+00
8.400000000000000355e+00
8.266666666666667496e+00
8.733333333333332504e+00
8.466666666666666785e+00
8.266666666666667496e+00
8.133333333333332860e+00
8.866666666666667140e+00
8.466666666666666785e+00
8.266666666666667496e+00
8.466666666666666785e+00
8.866666666666667140e+00
8.466666666666666785e+00
8.666666666666666075e+00
8.599999999999999645e+00
8.199999999999999289e+00
8.333333333333333925e+00
8.599999999999999645e+00
8.266666666666667496e+00
8.266666666666667496e+00
8.333333333333333925e+00
8.599999999999999645e+00
8.266666666666667496e+00
8.333333333333333925e+00
8.400000000000000355e+00
8.199999999999999289e+00
8.599999999999999645e+00
8.666666666666666075e+00
8.400000000000000355e+00
8.400000000000000355e+00
8.400000000000000355e+00
8.666666666666666075e+00
7.933333333333333570e+00
8.466666666666666785e+00
8.333333333333333925e+00
8.333333333333333925e+00
8.133333333333332860e+00
8.400000000000000355e+00
8.599999999999999645e+00
8.266666666666667496e+00
8.266666666666667496e+00
8.133333333333332860e+00
8.400000000000000355e+00
8.000000000000000000e+00
8.333333333333333925e+00
8.533333333333333215e+00
8.199999999999999289e+00
8.533333333333333215e+00
8.333333333333333925e+00
8.599999999999999645e+00
8.666666666666666075e+00
8.599999999999999645e+00
8.800000000000000711e+00
8.133333333333332860e+00
8.333333333333333925e+00
8.666666666666666075e+00
8.133333333333332860e+00
8.000000000000000000e+00
8.400000000000000355e+00
8.133333333333332860e+00
8.466666666666666785e+00
8.333333333333333925e+00
8.199999999999999289e+00
8.266666666666667496e+00
8.400000000000000355e+00
8.599999999999999645e+00
8.333333333333333925e+00
8.266666666666667496e+00
8.466666666666666785e+00
8.800000000000000711e+00
8.333333333333333925e+00
8.266666666666667496e+00
9.000000000000000000e+00
8.066666666666666430e+00
8.333333333333333925e+00
8.333333333333333925e+00
8.599999999999999645e+00
8.333333333333333925e+00
8.400000000000000355e+00
8.333333333333333925e+00
8.400000000000000355e+00
8.666666666666666075e+00
8.466666666666666785e+00
8.599999999999999645e+00
8.066666666666666430e+00
8.599999999999999645e+00
8.533333333333333215e+00
8.266666666666667496e+00
8.400000000000000355e+00
8.199999999999999289e+00
8.533333333333333215e+00
8.466666666666666785e+00
8.133333333333332860e+00
8.733333333333332504e+00
8.266666666666667496e+00
8.933333333333333570e+00
8.800000000000000711e+00
8.933333333333333570e+00
9.000000000000000000e+00
8.666666666666666075e+00
8.733333333333332504e+00
8.933333333333333570e+00
8.466666666666666785e+00
9.000000000000000000e+00
9.066666666666666430e+00
9.133333333333332860e+00
8.733333333333332504e+00
9.000000000000000000e+00
8.599999999999999645e+00
8.866666666666667140e+00
8.599999999999999645e+00
8.800000000000000711e+00
8.933333333333333570e+00
8.866666666666667140e+00
8.866666666666667140e+00
8.400000000000000355e+00
8.599999999999999645e+00
8.933333333333333570e+00
8.933333333333333570e+00
8.933333333333333570e+00
9.266666666666667496e+00
9.199999999999999289e+00
9.333333333333333925e+00
8.800000000000000711e+00
9.133333333333332860e+00
8.466666666666666785e+00
9.400000000000000355e+00
9.400000000000000355e+00
9.933333333333333570e+00
9.000000000000000000e+00
8.933333333333333570e+00
9.733333333333332504e+00
8.599999999999999645e+00
8.666666666666666075e+00
8.933333333333333570e+00
9.066666666666666430e+00
8.733333333333332504e+00
8.599999999999999645e+00
9.066666666666666430e+00
8.733333333333332504e+00
9.199999999999999289e+00
8.733333333333332504e+00
8.599999999999999645e+00
1.026666666666666750e+01
8.933333333333333570e+00
9.000000000000000000e+00
9.199999999999999289e+00
8.666666666666666075e+00
9.066666666666666430e+00
9.000000000000000000e+00
8.666666666666666075e+00
1.186666666666666714e+01
9.266666666666667496e+00
8.400000000000000355e+00
8.866666666666667140e+00
8.800000000000000711e+00
8.599999999999999645e+00
8.866666666666667140e+00
9.000000000000000000e+00
9.800000000000000711e+00
8.400000000000000355e+00
8.733333333333332504e+00
8.933333333333333570e+00
8.599999999999999645e+00
9.133333333333332860e+00
9.066666666666666430e+00
8.599999999999999645e+00
8.933333333333333570e+00
8.733333333333332504e+00
8.599999999999999645e+00
8.599999999999999645e+00
8.933333333333333570e+00
9.333333333333333925e+00
9.199999999999999289e+00
8.599999999999999645e+00
9.000000000000000000e+00
8.933333333333333570e+00
8.266666666666667496e+00
8.800000000000000711e+00
9.599999999999999645e+00
8.800000000000000711e+00
8.800000000000000711e+00
9.199999999999999289e+00
9.266666666666667496e+00
9.133333333333332860e+00
1.306666666666666643e+01
8.400000000000000355e+00
9.400000000000000355e+00
9.199999999999999289e+00
8.400000000000000355e+00
1.013333333333333286e+01
9.199999999999999289e+00
8.599999999999999645e+00
8.800000000000000711e+00
9.133333333333332860e+00
8.933333333333333570e+00
9.800000000000000711e+00
9.599999999999999645e+00
9.133333333333332860e+00
9.333333333333333925e+00
1.019999999999999929e+01
9.733333333333332504e+00
1.026666666666666750e+01
9.400000000000000355e+00
1.000000000000000000e+01
9.400000000000000355e+00
1.019999999999999929e+01
1.000000000000000000e+01
9.466666666666666785e+00
9.666666666666666075e+00
1.066666666666666607e+01
1.133333333333333393e+01
9.599999999999999645e+00
1.046666666666666679e+01
1.040000000000000036e+01
9.333333333333333925e+00
1.186666666666666714e+01
9.866666666666667140e+00
1.126666666666666750e+01
1.006666666666666643e+01
9.533333333333333215e+00
1.113333333333333286e+01
1.300000000000000000e+01
1.000000000000000000e+01
9.599999999999999645e+00
9.866666666666667140e+00
9.333333333333333925e+00
9.133333333333332860e+00
9.000000000000000000e+00
1.026666666666666750e+01
8.666666666666666075e+00
9.599999999999999645e+00
9.800000000000000711e+00
9.000000000000000000e+00
8.800000000000000711e+00
8.800000000000000711e+00
8.733333333333332504e+00
9.400000000000000355e+00
9.333333333333333925e+00
8.466666666666666785e+00
1.113333333333333286e+01
9.599999999999999645e+00
8.666666666666666075e+00
9.000000000000000000e+00
8.466666666666666785e+00
8.733333333333332504e+00
1.153333333333333321e+01
9.199999999999999289e+00
1.119999999999999929e+01
1.033333333333333393e+01
1.019999999999999929e+01
1.026666666666666750e+01
1.033333333333333393e+01
1.040000000000000036e+01
1.073333333333333250e+01
1.026666666666666750e+01
1.153333333333333321e+01
1.119999999999999929e+01
1.133333333333333393e+01
1.173333333333333250e+01
1.166666666666666607e+01
1.046666666666666679e+01
1.159999999999999964e+01
1.146666666666666679e+01
1.180000000000000071e+01
1.193333333333333357e+01
1.159999999999999964e+01
1.266666666666666607e+01
1.413333333333333286e+01
1.593333333333333357e+01
1.046666666666666679e+01
1.213333333333333286e+01
1.573333333333333250e+01
1.700000000000000000e+01
1.073333333333333250e+01
9.533333333333333215e+00
1.100000000000000000e+01
1.019999999999999929e+01
1.066666666666666607e+01
1.166666666666666607e+01
1.073333333333333250e+01
1.046666666666666679e+01
1.580000000000000071e+01
1.119999999999999929e+01
1.193333333333333357e+01
1.146666666666666679e+01
1.526666666666666750e+01
1.253333333333333321e+01
1.246666666666666679e+01
1.100000000000000000e+01
1.093333333333333357e+01
1.146666666666666679e+01
1.053333333333333321e+01
1.193333333333333357e+01
1.126666666666666750e+01
1.273333333333333250e+01
1.100000000000000000e+01
1.200000000000000000e+01
1.119999999999999929e+01
1.000000000000000000e+01
1.406666666666666643e+01
1.200000000000000000e+01
1.140000000000000036e+01
1.146666666666666679e+01
1.259999999999999964e+01
1.193333333333333357e+01
1.119999999999999929e+01
1.200000000000000000e+01
1.226666666666666750e+01
1.186666666666666714e+01
1.226666666666666750e+01
1.100000000000000000e+01
1.406666666666666643e+01
1.366666666666666607e+01
1.173333333333333250e+01
1.053333333333333321e+01
1.366666666666666607e+01
1.013333333333333286e+01
1.200000000000000000e+01
1.193333333333333357e+01
1.153333333333333321e+01
1.366666666666666607e+01
1.500000000000000000e+01
1.326666666666666750e+01
1.159999999999999964e+01
1.046666666666666679e+01
1.159999999999999964e+01
1.340000000000000036e+01
1.253333333333333321e+01
1.086666666666666714e+01
1.280000000000000071e+01
1.280000000000000071e+01
1.153333333333333321e+01
9.933333333333333570e+00
1.019999999999999929e+01
1.293333333333333357e+01
1.713333333333333286e+01
1.080000000000000071e+01
1.373333333333333250e+01
9.733333333333332504e+00
1.300000000000000000e+01
1.326666666666666750e+01
