4.988876515698589809e-01
6.798692684790380580e-01
2.815828277592382634e+00
8.692269873603530872e-01
4.292629341868066106e+00
6.110100926607785476e-01
3.021405118299908654e+00
4.470147897130721582e+00
7.888106377466154173e-01
6.182412330330470107e-01
8.844332774281067344e-01
1.074967699773139884e+00
6.182412330330471217e-01
3.033150177620620003e+00
8.793937305515279190e-01
7.180219742846005726e-01
8.692269873603530872e-01
6.798692684790380580e-01
3.011090610836324011e+00
9.428090415820633563e-01
5.734883511361751340e-01
8.055363982396381850e-01
8.844332774281067344e-01
1.083205120618127903e+00
7.118052168020874149e-01
7.180219742846005726e-01
7.180219742846005726e-01
9.568466729604884202e-01
5.878775382679626738e+00
7.888106377466153063e-01
1.123486636423514540e+00
7.118052168020874149e-01
6.110100926607785476e-01
8.055363982396381850e-01
8.692269873603530872e-01
7.483314773547883325e-01
1.024152766382481206e+00
8.537498983243798634e-01
6.798692684790379470e-01
7.180219742846005726e-01
8.793937305515279190e-01
7.888106377466154173e-01
8.537498983243798634e-01
6.992058987801010872e-01
7.483314773547883325e-01
6.324555320336758824e-01
7.717224601860152022e-01
4.898979485566355985e-01
7.717224601860150912e-01
6.110100926607786587e-01
7.717224601860150912e-01
5.734883511361750230e-01
4.988876515698589253e-01
8.537498983243798634e-01
9.092121131323903649e-01
7.717224601860150912e-01
8.055363982396380740e-01
8.055363982396380740e-01
8.055363982396381850e-01
7.717224601860150912e-01
6.182412330330470107e-01
8.537498983243798634e-01
5.416025603090639517e-01
5.734883511361751340e-01
8.692269873603530872e-01
8.326663997864530709e-01
8.055363982396382960e-01
5.416025603090639517e-01
8.055363982396382960e-01
8.537498983243797523e-01
9.797958971132711969e-01
6.182412330330468997e-01
8.055363982396382960e-01
7.118052168020874149e-01
7.180219742846005726e-01
6.992058987801010872e-01
7.888106377466154173e-01
8.793937305515279190e-01
6.182412330330470107e-01
8.537498983243798634e-01
8.844332774281067344e-01
6.992058987801010872e-01
8.537498983243798634e-01
6.182412330330470107e-01
4.898979485566355430e-01
8.537498983243798634e-01
1.181336343111290210e+00
8.055363982396382960e-01
8.055363982396382960e-01
7.180219742846005726e-01
7.180219742846005726e-01
9.797958971132711969e-01
6.992058987801010872e-01
7.888106377466153063e-01
1.199999999999999956e+00
7.999999999999999334e-01
6.798692684790380580e-01
8.055363982396380740e-01
7.717224601860150912e-01
5.962847939999439406e-01
7.999999999999999334e-01
8.793937305515279190e-01
8.537498983243798634e-01
7.180219742846005726e-01
7.118052168020874149e-01
8.055363982396380740e-01
7.483314773547883325e-01
8.537498983243798634e-01
6.110100926607786587e-01
7.717224601860149802e-01
6.182412330330470107e-01
7.180219742846005726e-01
8.055363982396382960e-01
5.962847939999439406e-01
6.110100926607786587e-01
9.092121131323903649e-01
8.055363982396381850e-01
6.531972647421808720e-01
6.182412330330471217e-01
7.888106377466154173e-01
8.844332774281067344e-01
8.000000000000000444e-01
4.714045207910317337e-01
7.180219742846006836e-01
4.988876515698587033e-01
6.531972647421808720e-01
9.428090415820633563e-01
7.888106377466153063e-01
4.898979485566355430e-01
9.521904571390465977e-01
9.568466729604884202e-01
9.092121131323904759e-01
6.182412330330468997e-01
8.692269873603530872e-01
8.793937305515279190e-01
7.180219742846006836e-01
9.428090415820633563e-01
9.428090415820632453e-01
7.180219742846006836e-01
9.428090415820632453e-01
7.888106377466155283e-01
7.717224601860150912e-01
7.888106377466154173e-01
5.962847939999440516e-01
8.537498983243798634e-01
6.182412330330471217e-01
6.110100926607786587e-01
7.999999999999999334e-01
6.798692684790379470e-01
5.962847939999439406e-01
9.797958971132713080e-01
7.180219742846006836e-01
7.180219742846005726e-01
1.087300428686672538e+00
7.888106377466154173e-01
7.180219742846006836e-01
1.074967699773139884e+00
8.055363982396381850e-01
6.110100926607786587e-01
4.714045207910317337e-01
1.083205120618128126e+00
6.798692684790380580e-01
1.062491830033948537e+00
7.118052168020874149e-01
6.182412330330470107e-01
4.714045207910317337e-01
6.110100926607786587e-01
8.164965809277260345e-01
7.717224601860150912e-01
8.055363982396382960e-01
7.888106377466153063e-01
6.531972647421809830e-01
7.118052168020874149e-01
7.302967433402214326e-01
6.992058987801010872e-01
8.000000000000000444e-01
6.182412330330470107e-01
7.180219742846006836e-01
6.182412330330470107e-01
5.962847939999439406e-01
6.531972647421809830e-01
4.988876515698589809e-01
7.999999999999999334e-01
8.537498983243800854e-01
8.692269873603530872e-01
5.734883511361751340e-01
8.055363982396382960e-01
9.568466729604884202e-01
8.055363982396378519e-01
9.521904571390465977e-01
1.019803902718556810e+00
6.531972647421809830e-01
8.055363982396382960e-01
7.118052168020874149e-01
6.798692684790380580e-01
8.055363982396382960e-01
7.717224601860149802e-01
9.977753031397177397e-01
6.531972647421809830e-01
8.537498983243798634e-01
7.483314773547883325e-01
6.992058987801010872e-01
5.962847939999439406e-01
4.988876515698588143e-01
7.717224601860150912e-01
8.055363982396382960e-01
5.416025603090639517e-01
7.717224601860149802e-01
7.180219742846005726e-01
8.000000000000000444e-01
7.180219742846005726e-01
7.888106377466155283e-01
8.844332774281067344e-01
7.717224601860150912e-01
9.797958971132711969e-01
7.483314773547883325e-01
8.055363982396381850e-01
8.793937305515279190e-01
8.844332774281067344e-01
8.844332774281067344e-01
1.454494948618095140e+00
7.717224601860149802e-01
7.118052168020874149e-01
6.324555320336758824e-01
8.055363982396381850e-01
9.521904571390465977e-01
1.011050059206873186e+00
1.087300428686672760e+00
7.999999999999999334e-01
1.019803902718556810e+00
6.798692684790380580e-01
5.962847939999439406e-01
8.055363982396382960e-01
9.521904571390465977e-01
5.734883511361750230e-01
6.992058987801010872e-01
7.999999999999999334e-01
4.000000000000000222e-01
9.285592184789412951e-01
7.118052168020873038e-01
6.798692684790380580e-01
4.422166387140532562e-01
7.717224601860150912e-01
8.793937305515279190e-01
8.844332774281067344e-01
7.717224601860150912e-01
9.977753031397177397e-01
6.110100926607785476e-01
8.055363982396382960e-01
7.180219742846005726e-01
1.247219128924646814e+00
6.182412330330470107e-01
6.110100926607785476e-01
1.019803902718556810e+00
1.407914138796191539e+00
7.118052168020874149e-01
9.521904571390465977e-01
9.568466729604884202e-01
9.428090415820633563e-01
8.793937305515279190e-01
7.999999999999999334e-01
5.163977794943221955e-01
9.568466729604884202e-01
7.888106377466155283e-01
8.844332774281065124e-01
7.888106377466153063e-01
1.024152766382480984e+00
9.977753031397177397e-01
1.236482466066094021e+00
8.055363982396380740e-01
8.793937305515279190e-01
8.055363982396381850e-01
9.428090415820632453e-01
7.717224601860149802e-01
9.568466729604884202e-01
6.324555320336758824e-01
8.844332774281067344e-01
6.182412330330470107e-01
4.988876515698589253e-01
9.568466729604884202e-01
6.182412330330470107e-01
6.992058987801010872e-01
3.025814858109391547e+00
4.988876515698589809e-01
1.019803902718556810e+00
7.888106377466153063e-01
7.180219742846005726e-01
8.844332774281066234e-01
5.734883511361751340e-01
1.135292424395093258e+00
1.074967699773139884e+00
1.123486636423514540e+00
9.568466729604884202e-01
8.326663997864529598e-01
9.521904571390465977e-01
6.110100926607786587e-01
3.808761828556186391e+00
3.467948480970653780e+00
3.442221504913488772e+00
7.999999999999999334e-01
1.272198447133499855e+01
1.359738536958075672e+00
9.285592184789412951e-01
8.537498983243798634e-01
8.537498983243798634e-01
7.180219742846005726e-01
8.055363982396381850e-01
7.717224601860150912e-01
1.087300428686672760e+00
8.326663997864532929e-01
7.999999999999999334e-01
8.326663997864530709e-01
5.962847939999439406e-01
7.888106377466155283e-01
6.110100926607786587e-01
8.844332774281067344e-01
8.055363982396380740e-01
5.416025603090640628e-01
9.568466729604880872e-01
4.988876515698587588e-01
9.428090415820632453e-01
9.285592184789412951e-01
6.992058987801010872e-01
6.798692684790379470e-01
8.537498983243798634e-01
8.055363982396381850e-01
9.797958971132711969e-01
1.019803902718557032e+00
7.118052168020874149e-01
4.898979485566355430e-01
4.714045207910317337e-01
5.734883511361751340e-01
8.000000000000000444e-01
7.180219742846005726e-01
9.521904571390465977e-01
8.164965809277260345e-01
8.055363982396380740e-01
1.083205120618127903e+00
5.962847939999439406e-01
8.055363982396382960e-01
5.962847939999439406e-01
5.416025603090640628e-01
8.000000000000000444e-01
7.483314773547883325e-01
8.844332774281066234e-01
9.285592184789414061e-01
8.055363982396380740e-01
9.285592184789412951e-01
6.992058987801010872e-01
6.182412330330470107e-01
8.793937305515279190e-01
9.285592184789412951e-01
6.182412330330470107e-01
1.024152766382480984e+00
6.182412330330470107e-01
1.074967699773139884e+00
7.180219742846005726e-01
9.568466729604884202e-01
7.118052168020874149e-01
7.999999999999999334e-01
8.537498983243798634e-01
8.537498983243798634e-01
7.180219742846005726e-01
8.537498983243798634e-01
8.055363982396381850e-01
8.055363982396379630e-01
4.988876515698589253e-01
1.062491830033948537e+00
7.180219742846006836e-01
6.182412330330470107e-01
7.180219742846005726e-01
6.992058987801010872e-01
7.999999999999999334e-01
8.326663997864530709e-01
7.888106377466154173e-01
7.999999999999999334e-01
7.717224601860150912e-01
6.798692684790380580e-01
7.888106377466155283e-01
6.110100926607785476e-01
6.798692684790380580e-01
8.692269873603529762e-01
8.793937305515279190e-01
9.092121131323903649e-01
8.793937305515279190e-01
1.398411797560201730e+00
8.000000000000000444e-01
6.110100926607785476e-01
9.521904571390465977e-01
6.992058987801010872e-01
8.537498983243798634e-01
8.055363982396382960e-01
7.888106377466154173e-01
5.962847939999440516e-01
7.180219742846006836e-01
7.118052168020874149e-01
7.118052168020874149e-01
5.734883511361751340e-01
5.734883511361751340e-01
7.180219742846005726e-01
4.898979485566355430e-01
6.324555320336758824e-01
6.992058987801010872e-01
6.182412330330470107e-01
8.326663997864530709e-01
7.180219742846006836e-01
8.692269873603529762e-01
4.898979485566355430e-01
4.714045207910317337e-01
8.000000000000000444e-01
1.107549848389076663e+00
7.180219742846005726e-01
5.962847939999440516e-01
9.428090415820632453e-01
8.055363982396381850e-01
8.164965809277260345e-01
7.999999999999999334e-01
6.182412330330470107e-01
6.182412330330471217e-01
9.428090415820633563e-01
7.483314773547884435e-01
7.717224601860150912e-01
1.019803902718556810e+00
8.793937305515279190e-01
1.011050059206873186e+00
8.537498983243798634e-01
8.055363982396382960e-01
1.045625809423874619e+00
5.962847939999440516e-01
5.734883511361751340e-01
8.944271909999158554e-01
5.734883511361750230e-01
6.992058987801010872e-01
8.692269873603530872e-01
9.521904571390465977e-01
7.888106377466154173e-01
7.118052168020873038e-01
8.692269873603530872e-01
7.118052168020874149e-01
6.992058987801010872e-01
8.844332774281067344e-01
7.118052168020874149e-01
7.717224601860150912e-01
7.118052168020874149e-01
7.180219742846005726e-01
5.734883511361751340e-01
7.118052168020874149e-01
8.326663997864530709e-01
8.055363982396381850e-01
7.180219742846005726e-01
8.055363982396378519e-01
1.339983416149451934e+00
7.717224601860150912e-01
1.730767331432956135e+00
1.833030277982335754e+00
1.806162291219209015e+00
1.366260102127946352e+00
1.074967699773139884e+00
1.569146972791976014e+00
1.436043948569201367e+00
1.407914138796191317e+00
1.264911064067351765e+00
2.235073948565361235e+00
2.445858177045885817e+00
2.205044721138830432e+00
2.097617696340303262e+00
1.254325848148451827e+00
1.024152766382480761e+00
1.143095213298816359e+00
1.166190378969059749e+00
1.768866554856213469e+00
1.087300428686672316e+00
1.961858529274955520e+00
1.199999999999999956e+00
2.303620339089466285e+00
1.526069752301279836e+00
1.982142499642467692e+00
1.481740718059524786e+00
2.568181371234429466e+00
2.993325909419153330e+00
2.724375565560340551e+00
1.557776192739722898e+00
2.334285520001546654e+00
1.627540748764493728e+00
2.916619047230314621e+00
3.006659275674581799e+00
6.516304337753278553e+00
2.280350850198276103e+00
1.481740718059524786e+00
3.355923452974191257e+00
1.356465996625053627e+00
2.357022603955158502e+00
2.768071932270225410e+00
9.977753031397180727e-01
1.339983416149451934e+00
1.143095213298816359e+00
1.948218559493661184e+00
1.569146972791975569e+00
9.092121131323902539e-01
1.289271973720914399e+00
1.306394529484361522e+00
5.603173703853518539e+00
2.112397269033981395e+00
2.756809750418044214e+00
2.454927018602929945e+00
1.349897115421105465e+00
3.021405118299909098e+00
1.673320053068151125e+00
1.299572579307861409e+00
1.075091727352704929e+01
3.749962962780063247e+00
1.451436070471816109e+00
1.024152766382480761e+00
1.166190378969059749e+00
1.306394529484361522e+00
1.667999467092907251e+00
1.712697677155350373e+00
4.102032016777377166e+00
8.793937305515279190e-01
1.289271973720914399e+00
3.086889840744059033e+00
1.254325848148451827e+00
2.963481436119049572e+00
1.526069752301279836e+00
1.404753833713698441e+00
1.236482466066094243e+00
1.339983416149451934e+00
1.356465996625053627e+00
1.199999999999999956e+00
2.515728301881760665e+00
2.958978802822953558e+00
2.688246020487460530e+00
1.143095213298816359e+00
2.000000000000000000e+00
1.481740718059524786e+00
1.289271973720914399e+00
1.275408431313932445e+00
3.094080369565946231e+00
1.599999999999999867e+00
1.107549848389076441e+00
2.809507667427397326e+00
2.669997919266771103e+00
1.627540748764493728e+00
1.816761465416475474e+01
1.451436070471816109e+00
3.028751117760145828e+00
3.015515434106304404e+00
1.451436070471816109e+00
5.162256182028248652e+00
2.315167380558045718e+00
1.254325848148451827e+00
9.092121131323901428e-01
2.918142483765238993e+00
1.526069752301279836e+00
2.454927018602929500e+00
2.678307923546755287e+00
2.217105219775452607e+00
1.534781924429512001e+00
2.737395355686374376e+00
3.434465832637668470e+00
5.039400317057134870e+00
1.781385228784984953e+00
3.011090610836324011e+00
1.624807680927192299e+00
3.885013942488924510e+00
2.129162589689508334e+00
2.217105219775452607e+00
2.820559440174156940e+00
4.657133119086127593e+00
4.880801391392833644e+00
2.823709144606316279e+00
3.518838192105772311e+00
3.536476589299958118e+00
2.624669291337270227e+00
6.417337627258069332e+00
1.707499796648759949e+00
5.904423953462541341e+00
3.749962962780062359e+00
1.746106780494506072e+00
4.924316083365170016e+00
1.094227276818364381e+01
4.131182235954577564e+00
2.703084657695105975e+00
2.985892756874492182e+00
2.270584848790186960e+00
2.729265265394496431e+00
1.591644851508442926e+00
4.918897798852457370e+00
1.349897115421105465e+00
4.255192905928787184e+00
6.503332479070506267e+00
1.316561177208766642e+00
1.326649916142159658e+00
2.072036035722673919e+00
1.526069752301279614e+00
2.215099696778153326e+00
3.608631627393162233e+00
1.627540748764493728e+00
7.753422183497787223e+00
4.160128203152719806e+00
1.074967699773139662e+00
1.966384160500350031e+00
1.454494948618095140e+00
1.236482466066093799e+00
8.007218965131125188e+00
2.166410241236256251e+00
6.252466180103123605e+00
4.027681991198190481e+00
3.986644370060281162e+00
5.904423953462539565e+00
2.913569784454954625e+00
4.176122603564219382e+00
5.284778982028377037e+00
4.007770230717103033e+00
6.064834888290218551e+00
5.369047091120235038e+00
5.521674464226308032e+00
7.611103000806707541e+00
6.203941399536983425e+00
5.874994089831541366e+00
6.799999999999999822e+00
5.239168721170265997e+00
7.917912182724266223e+00
7.978860960201161312e+00
7.328483244619357961e+00
1.276279314605110038e+01
1.805497776853303904e+01
2.290405107302103005e+01
4.991548412622634601e+00
9.272659932415413309e+00
2.574611081740738427e+01
2.892980009148582710e+01
8.070247139269582703e+00
2.418447619628941059e+00
7.814516406449389052e+00
4.915282290977802226e+00
6.117370531709047654e+00
1.086073457716169166e+01
6.667999866693326005e+00
5.364906543661521532e+00
2.575577605120839664e+01
1.119047213779055205e+01
1.365999837319007604e+01
8.670768260207525557e+00
2.226946090252049260e+01
1.536605204844613226e+01
1.383650566034967966e+01
7.874007874011811126e+00
8.417970196087784629e+00
9.918781287145222336e+00
6.354700797222654352e+00
1.182915419161018633e+01
9.643420324529856202e+00
1.379114047334575943e+01
8.205689083394114292e+00
1.137834199989904782e+01
9.641576634555159231e+00
5.692099788303083052e+00
1.979045785782183486e+01
1.318079410860109490e+01
1.037175652111701396e+01
1.019716736266607526e+01
1.436105845681299265e+01
1.157276496300209523e+01
9.530302548537829210e+00
1.296148139681572076e+01
1.387788008146617713e+01
1.032709489105667622e+01
1.209113541217513799e+01
7.571877794400364792e+00
1.815293058679200655e+01
1.606099484949658063e+01
1.016180211489193574e+01
5.364906543661521532e+00
1.485784491625739001e+01
4.410089442277659977e+00
1.213260071048248001e+01
9.780706632049762206e+00
9.864864700316754664e+00
1.751824445796120955e+01
2.238451845956635111e+01
1.681850832333897117e+01
9.163696488499242676e+00
5.897645481225724851e+00
8.236504112789599930e+00
1.440277750991106487e+01
1.413679202962570258e+01
8.868420879101813981e+00
1.556149093114152748e+01
1.610465771135791613e+01
1.243042861511844421e+01
6.201791855764121841e+00
5.153639490690049563e+00
1.663517023925180283e+01
3.179280142142592780e+01
6.379132647416366986e+00
1.806088468363484267e+01
4.508756911709578041e+00
1.376953158244680431e+01
1.419139019108260769e+01
