1.960000000000000142e+01
2.046666666666666501e+01
2.146666666666666501e+01
2.060000000000000142e+01
1.819999999999999929e+01
2.119999999999999929e+01
2.319999999999999929e+01
2.306666666666666643e+01
2.253333333333333499e+01
3.300000000000000000e+01
2.633333333333333215e+01
2.380000000000000071e+01
2.366666666666666785e+01
2.386666666666666714e+01
2.200000000000000000e+01
2.693333333333333357e+01
2.626666666666666572e+01
2.573333333333333428e+01
2.366666666666666785e+01
1.886666666666666714e+01
1.926666666666666572e+01
2.373333333333333428e+01
2.060000000000000142e+01
2.133333333333333215e+01
1.893333333333333357e+01
2.319999999999999929e+01
1.760000000000000142e+01
1.540000000000000036e+01
1.793333333333333357e+01
1.986666666666666714e+01
1.893333333333333357e+01
1.980000000000000071e+01
2.413333333333333286e+01
2.053333333333333499e+01
2.980000000000000071e+01
2.000000000000000000e+01
2.273333333333333428e+01
2.426666666666666572e+01
2.766666666666666785e+01
2.400000000000000000e+01
1.693333333333333357e+01
2.193333333333333357e+01
1.766666666666666785e+01
2.586666666666666714e+01
1.913333333333333286e+01
1.860000000000000142e+01
2.760000000000000142e+01
2.013333333333333286e+01
2.406666666666666643e+01
2.886666666666666714e+01
1.933333333333333215e+01
2.453333333333333499e+01
2.186666666666666714e+01
2.019999999999999929e+01
2.466666666666666785e+01
2.226666666666666572e+01
2.326666666666666572e+01
1.553333333333333321e+01
1.786666666666666714e+01
2.319999999999999929e+01
3.193333333333333357e+01
1.653333333333333499e+01
2.153333333333333499e+01
2.373333333333333428e+01
1.933333333333333215e+01
1.893333333333333357e+01
2.046666666666666501e+01
1.886666666666666714e+01
2.319999999999999929e+01
2.039999999999999858e+01
2.226666666666666572e+01
2.433333333333333215e+01
1.766666666666666785e+01
2.560000000000000142e+01
2.453333333333333499e+01
2.173333333333333428e+01
1.980000000000000071e+01
1.593333333333333357e+01
2.019999999999999929e+01
1.939999999999999858e+01
2.400000000000000000e+01
1.986666666666666714e+01
2.206666666666666643e+01
1.646666666666666501e+01
2.366666666666666785e+01
1.953333333333333499e+01
2.566666666666666785e+01
2.200000000000000000e+01
2.300000000000000000e+01
2.533333333333333215e+01
2.646666666666666501e+01
1.926666666666666572e+01
2.100000000000000000e+01
2.326666666666666572e+01
2.739999999999999858e+01
2.746666666666666501e+01
2.080000000000000071e+01
2.126666666666666572e+01
2.026666666666666572e+01
1.860000000000000142e+01
2.833333333333333215e+01
2.253333333333333499e+01
2.793333333333333357e+01
1.906666666666666643e+01
1.760000000000000142e+01
2.346666666666666501e+01
2.186666666666666714e+01
2.033333333333333215e+01
1.606666666666666643e+01
2.146666666666666501e+01
2.200000000000000000e+01
1.733333333333333215e+01
1.853333333333333499e+01
2.493333333333333357e+01
1.819999999999999929e+01
1.786666666666666714e+01
1.733333333333333215e+01
2.333333333333333215e+01
2.039999999999999858e+01
2.160000000000000142e+01
1.900000000000000000e+01
1.626666666666666572e+01
1.746666666666666501e+01
2.100000000000000000e+01
2.060000000000000142e+01
2.119999999999999929e+01
1.846666666666666501e+01
1.980000000000000071e+01
2.246666666666666501e+01
2.293333333333333357e+01
1.386666666666666714e+01
1.980000000000000071e+01
2.439999999999999858e+01
2.186666666666666714e+01
1.946666666666666501e+01
1.926666666666666572e+01
1.739999999999999858e+01
2.660000000000000142e+01
1.673333333333333428e+01
2.266666666666666785e+01
3.093333333333333357e+01
1.980000000000000071e+01
2.213333333333333286e+01
1.519999999999999929e+01
2.013333333333333286e+01
1.966666666666666785e+01
2.033333333333333215e+01
2.219999999999999929e+01
2.393333333333333357e+01
2.006666666666666643e+01
1.833333333333333215e+01
2.293333333333333357e+01
1.686666666666666714e+01
1.873333333333333428e+01
2.053333333333333499e+01
1.926666666666666572e+01
2.033333333333333215e+01
1.960000000000000142e+01
2.133333333333333215e+01
1.880000000000000071e+01
1.939999999999999858e+01
2.139999999999999858e+01
2.106666666666666643e+01
2.313333333333333286e+01
2.186666666666666714e+01
2.206666666666666643e+01
1.933333333333333215e+01
2.119999999999999929e+01
1.660000000000000142e+01
1.833333333333333215e+01
2.280000000000000071e+01
1.860000000000000142e+01
2.219999999999999929e+01
1.793333333333333357e+01
2.039999999999999858e+01
2.486666666666666714e+01
2.493333333333333357e+01
1.926666666666666572e+01
2.313333333333333286e+01
1.606666666666666643e+01
1.873333333333333428e+01
2.219999999999999929e+01
2.326666666666666572e+01
2.119999999999999929e+01
2.513333333333333286e+01
2.173333333333333428e+01
1.786666666666666714e+01
1.946666666666666501e+01
2.453333333333333499e+01
2.126666666666666572e+01
1.933333333333333215e+01
1.633333333333333215e+01
1.873333333333333428e+01
2.133333333333333215e+01
2.093333333333333357e+01
2.333333333333333215e+01
1.833333333333333215e+01
2.186666666666666714e+01
2.293333333333333357e+01
2.139999999999999858e+01
1.973333333333333428e+01
1.866666666666666785e+01
1.700000000000000000e+01
2.206666666666666643e+01
2.346666666666666501e+01
2.100000000000000000e+01
2.760000000000000142e+01
2.180000000000000071e+01
2.280000000000000071e+01
2.026666666666666572e+01
2.353333333333333499e+01
2.826666666666666572e+01
1.980000000000000071e+01
2.580000000000000071e+01
2.719999999999999929e+01
2.713333333333333286e+01
2.393333333333333357e+01
2.519999999999999929e+01
1.780000000000000071e+01
2.873333333333333428e+01
2.406666666666666643e+01
1.973333333333333428e+01
1.780000000000000071e+01
2.319999999999999929e+01
2.106666666666666643e+01
1.819999999999999929e+01
2.086666666666666714e+01
2.260000000000000142e+01
2.466666666666666785e+01
2.393333333333333357e+01
1.953333333333333499e+01
2.100000000000000000e+01
2.306666666666666643e+01
2.200000000000000000e+01
1.926666666666666572e+01
1.880000000000000071e+01
2.580000000000000071e+01
2.339999999999999858e+01
1.993333333333333357e+01
2.219999999999999929e+01
2.993333333333333357e+01
2.400000000000000000e+01
1.973333333333333428e+01
1.960000000000000142e+01
1.486666666666666714e+01
2.353333333333333499e+01
2.233333333333333215e+01
2.293333333333333357e+01
1.853333333333333499e+01
2.453333333333333499e+01
2.193333333333333357e+01
2.033333333333333215e+01
1.906666666666666643e+01
1.933333333333333215e+01
1.753333333333333499e+01
2.126666666666666572e+01
2.173333333333333428e+01
2.239999999999999858e+01
2.606666666666666643e+01
1.586666666666666714e+01
2.926666666666666572e+01
2.446666666666666501e+01
2.100000000000000000e+01
2.026666666666666572e+01
1.846666666666666501e+01
2.253333333333333499e+01
1.606666666666666643e+01
2.106666666666666643e+01
1.886666666666666714e+01
2.319999999999999929e+01
1.853333333333333499e+01
2.586666666666666714e+01
1.800000000000000000e+01
2.439999999999999858e+01
2.033333333333333215e+01
2.046666666666666501e+01
2.026666666666666572e+01
2.093333333333333357e+01
1.826666666666666572e+01
2.766666666666666785e+01
1.993333333333333357e+01
1.746666666666666501e+01
2.306666666666666643e+01
2.453333333333333499e+01
2.173333333333333428e+01
2.480000000000000071e+01
2.426666666666666572e+01
1.853333333333333499e+01
2.039999999999999858e+01
1.926666666666666572e+01
1.939999999999999858e+01
2.546666666666666501e+01
2.286666666666666714e+01
1.800000000000000000e+01
2.253333333333333499e+01
2.419999999999999929e+01
1.886666666666666714e+01
2.180000000000000071e+01
1.880000000000000071e+01
2.339999999999999858e+01
2.300000000000000000e+01
2.326666666666666572e+01
2.406666666666666643e+01
1.939999999999999858e+01
2.273333333333333428e+01
2.280000000000000071e+01
2.433333333333333215e+01
1.953333333333333499e+01
2.006666666666666643e+01
2.426666666666666572e+01
2.086666666666666714e+01
2.026666666666666572e+01
1.926666666666666572e+01
2.253333333333333499e+01
2.353333333333333499e+01
2.266666666666666785e+01
1.760000000000000142e+01
2.080000000000000071e+01
2.073333333333333428e+01
1.780000000000000071e+01
1.860000000000000142e+01
2.126666666666666572e+01
1.926666666666666572e+01
1.986666666666666714e+01
2.926666666666666572e+01
2.026666666666666572e+01
2.500000000000000000e+01
2.219999999999999929e+01
2.093333333333333357e+01
2.186666666666666714e+01
2.713333333333333286e+01
2.180000000000000071e+01
1.880000000000000071e+01
1.766666666666666785e+01
1.733333333333333215e+01
2.500000000000000000e+01
2.506666666666666643e+01
1.580000000000000071e+01
2.246666666666666501e+01
2.193333333333333357e+01
1.886666666666666714e+01
2.239999999999999858e+01
2.300000000000000000e+01
2.146666666666666501e+01
1.660000000000000142e+01
2.253333333333333499e+01
1.913333333333333286e+01
1.913333333333333286e+01
2.100000000000000000e+01
1.606666666666666643e+01
1.760000000000000142e+01
1.939999999999999858e+01
2.480000000000000071e+01
1.819999999999999929e+01
2.106666666666666643e+01
1.960000000000000142e+01
2.186666666666666714e+01
2.033333333333333215e+01
1.746666666666666501e+01
1.906666666666666643e+01
2.200000000000000000e+01
1.593333333333333357e+01
2.853333333333333499e+01
2.026666666666666572e+01
1.739999999999999858e+01
2.319999999999999929e+01
2.026666666666666572e+01
2.426666666666666572e+01
1.933333333333333215e+01
1.913333333333333286e+01
2.373333333333333428e+01
2.160000000000000142e+01
2.006666666666666643e+01
1.833333333333333215e+01
2.300000000000000000e+01
2.206666666666666643e+01
2.360000000000000142e+01
2.600000000000000000e+01
2.066666666666666785e+01
2.039999999999999858e+01
2.133333333333333215e+01
2.086666666666666714e+01
1.746666666666666501e+01
1.860000000000000142e+01
2.206666666666666643e+01
1.913333333333333286e+01
1.853333333333333499e+01
2.226666666666666572e+01
1.739999999999999858e+01
2.300000000000000000e+01
1.926666666666666572e+01
2.326666666666666572e+01
2.206666666666666643e+01
1.700000000000000000e+01
2.139999999999999858e+01
2.219999999999999929e+01
2.313333333333333286e+01
1.939999999999999858e+01
2.253333333333333499e+01
1.980000000000000071e+01
1.786666666666666714e+01
3.066666666666666785e+01
1.766666666666666785e+01
1.973333333333333428e+01
2.060000000000000142e+01
2.886666666666666714e+01
1.559999999999999964e+01
1.819999999999999929e+01
1.853333333333333499e+01
2.800000000000000000e+01
2.066666666666666785e+01
2.080000000000000071e+01
2.586666666666666714e+01
2.106666666666666643e+01
1.826666666666666572e+01
1.860000000000000142e+01
1.680000000000000071e+01
2.253333333333333499e+01
1.760000000000000142e+01
1.860000000000000142e+01
2.280000000000000071e+01
2.366666666666666785e+01
1.880000000000000071e+01
2.080000000000000071e+01
2.593333333333333357e+01
2.073333333333333428e+01
2.533333333333333215e+01
2.606666666666666643e+01
2.713333333333333286e+01
2.819999999999999929e+01
2.300000000000000000e+01
2.186666666666666714e+01
1.893333333333333357e+01
2.193333333333333357e+01
1.886666666666666714e+01
2.226666666666666572e+01
2.066666666666666785e+01
2.046666666666666501e+01
2.800000000000000000e+01
1.960000000000000142e+01
2.013333333333333286e+01
1.919999999999999929e+01
1.780000000000000071e+01
2.580000000000000071e+01
2.133333333333333215e+01
1.846666666666666501e+01
2.073333333333333428e+01
2.246666666666666501e+01
2.133333333333333215e+01
1.493333333333333357e+01
2.113333333333333286e+01
1.880000000000000071e+01
1.873333333333333428e+01
1.860000000000000142e+01
1.553333333333333321e+01
2.453333333333333499e+01
2.019999999999999929e+01
1.933333333333333215e+01
1.700000000000000000e+01
1.833333333333333215e+01
1.786666666666666714e+01
2.313333333333333286e+01
2.493333333333333357e+01
2.419999999999999929e+01
2.386666666666666714e+01
2.260000000000000142e+01
2.273333333333333428e+01
2.300000000000000000e+01
1.946666666666666501e+01
2.806666666666666643e+01
2.626666666666666572e+01
1.900000000000000000e+01
2.786666666666666714e+01
2.119999999999999929e+01
2.180000000000000071e+01
2.046666666666666501e+01
2.113333333333333286e+01
2.039999999999999858e+01
2.346666666666666501e+01
2.213333333333333286e+01
2.033333333333333215e+01
2.119999999999999929e+01
1.906666666666666643e+01
1.919999999999999929e+01
2.360000000000000142e+01
2.286666666666666714e+01
2.166666666666666785e+01
1.913333333333333286e+01
2.033333333333333215e+01
2.233333333333333215e+01
2.606666666666666643e+01
2.133333333333333215e+01
1.813333333333333286e+01
1.459999999999999964e+01
2.213333333333333286e+01
1.819999999999999929e+01
2.353333333333333499e+01
1.853333333333333499e+01
1.980000000000000071e+01
2.100000000000000000e+01
2.113333333333333286e+01
1.893333333333333357e+01
2.106666666666666643e+01
2.933333333333333215e+01
2.460000000000000142e+01
2.460000000000000142e+01
3.606666666666666998e+01
3.253333333333333144e+01
3.873333333333333428e+01
3.653333333333333144e+01
2.686666666666666714e+01
3.246666666666666856e+01
2.460000000000000142e+01
4.879999999999999716e+01
3.320000000000000284e+01
4.139999999999999858e+01
3.400000000000000000e+01
5.800000000000000000e+01
6.053333333333333144e+01
6.659999999999999432e+01
4.860000000000000142e+01
6.759999999999999432e+01
6.526666666666666572e+01
4.626666666666666572e+01
6.160000000000000142e+01
5.639999999999999858e+01
7.833333333333332860e+01
6.473333333333333428e+01
7.566666666666667140e+01
9.220000000000000284e+01
9.420000000000000284e+01
9.059999999999999432e+01
9.793333333333333712e+01
9.300000000000000000e+01
7.879999999999999716e+01
7.986666666666666003e+01
7.940000000000000568e+01
6.566666666666667140e+01
9.140000000000000568e+01
9.379999999999999716e+01
7.813333333333333997e+01
1.054666666666666686e+02
1.020000000000000000e+02
1.170666666666666629e+02
1.184000000000000057e+02
1.417333333333333201e+02
1.344000000000000057e+02
1.062000000000000028e+02
1.114000000000000057e+02
1.226666666666666714e+02
1.548666666666666742e+02
1.461999999999999886e+02
1.724666666666666686e+02
1.476666666666666572e+02
1.767333333333333201e+02
2.004000000000000057e+02
1.661999999999999886e+02
1.791333333333333258e+02
1.638000000000000114e+02
1.834666666666666686e+02
1.825999999999999943e+02
1.542666666666666799e+02
1.752666666666666799e+02
1.964000000000000057e+02
2.068666666666666742e+02
1.882666666666666799e+02
2.360666666666666629e+02
2.298000000000000114e+02
2.129333333333333371e+02
2.380666666666666629e+02
2.280666666666666629e+02
2.529333333333333371e+02
2.215333333333333314e+02
2.270666666666666629e+02
2.306666666666666572e+02
2.427333333333333201e+02
2.571333333333333258e+02
2.565333333333333599e+02
2.251999999999999886e+02
2.499333333333333371e+02
2.338000000000000114e+02
2.577333333333333485e+02
2.841999999999999886e+02
2.798000000000000114e+02
2.315333333333333314e+02
2.667333333333333485e+02
3.116000000000000227e+02
2.652666666666666515e+02
2.828666666666666742e+02
2.641333333333333258e+02
2.749333333333333371e+02
3.273333333333333144e+02
2.691999999999999886e+02
2.600000000000000000e+02
2.346666666666666572e+02
2.250000000000000000e+02
2.454000000000000057e+02
2.758000000000000114e+02
2.213333333333333428e+02
2.678000000000000114e+02
2.379333333333333371e+02
2.156666666666666572e+02
2.168666666666666742e+02
2.409333333333333371e+02
2.518666666666666742e+02
2.577333333333333485e+02
2.478666666666666742e+02
2.524000000000000057e+02
2.634666666666666401e+02
2.629333333333333371e+02
2.351333333333333258e+02
2.334666666666666686e+02
2.620666666666666629e+02
2.664666666666666401e+02
2.770000000000000000e+02
2.682666666666666515e+02
2.397333333333333201e+02
2.683999999999999773e+02
2.716666666666666856e+02
2.748666666666666742e+02
2.808666666666666742e+02
2.505333333333333314e+02
2.511999999999999886e+02
2.478666666666666742e+02
2.412666666666666799e+02
2.526666666666666572e+02
2.341999999999999886e+02
2.554666666666666686e+02
2.618666666666666742e+02
2.753999999999999773e+02
2.454666666666666686e+02
2.626666666666666856e+02
2.580000000000000000e+02
2.418000000000000114e+02
2.683999999999999773e+02
2.381999999999999886e+02
2.702666666666666515e+02
2.710666666666666629e+02
2.734666666666666401e+02
2.365999999999999943e+02
2.590000000000000000e+02
2.684666666666666401e+02
2.550666666666666629e+02
2.870000000000000000e+02
2.918666666666666742e+02
2.613333333333333144e+02
2.703333333333333144e+02
2.803999999999999773e+02
2.403333333333333428e+02
3.050666666666666629e+02
2.733999999999999773e+02
2.629333333333333371e+02
2.693999999999999773e+02
2.354666666666666686e+02
2.534000000000000057e+02
2.619333333333333371e+02
2.833999999999999773e+02
2.641999999999999886e+02
2.468666666666666742e+02
2.490666666666666629e+02
2.929333333333333371e+02
2.651999999999999886e+02
2.316666666666666572e+02
2.706000000000000227e+02
2.353333333333333428e+02
2.666666666666666856e+02
2.474000000000000057e+02
2.548000000000000114e+02
2.621333333333333258e+02
2.648000000000000114e+02
2.823999999999999773e+02
2.851333333333333258e+02
2.715333333333333599e+02
2.708666666666666742e+02
2.668000000000000114e+02
2.823333333333333144e+02
2.606000000000000227e+02
2.655333333333333599e+02
2.941999999999999886e+02
2.624666666666666401e+02
2.505333333333333314e+02
2.468000000000000114e+02
2.544666666666666686e+02
2.682666666666666515e+02
2.973999999999999773e+02
2.744666666666666401e+02
2.954666666666666401e+02
2.900666666666666629e+02
2.898666666666666742e+02
2.906666666666666856e+02
2.851999999999999886e+02
2.913999999999999773e+02
2.801333333333333258e+02
3.042666666666666515e+02
2.606666666666666856e+02
2.722666666666666515e+02
2.908000000000000114e+02
3.037333333333333485e+02
3.148666666666666742e+02
2.620000000000000000e+02
