7.787168933572713669e+00
6.965310872858121449e+00
9.054403471362551414e+00
7.631513611335565272e+00
5.647418289212631670e+00
1.357546807050619897e+01
1.069080601888058446e+01
8.751888685052819028e+00
6.984427121978024289e+00
1.914854215512676205e+01
1.714513212417902821e+01
1.288513355253513204e+01
9.964381008817802865e+00
7.965481083330051781e+00
9.493857663422879511e+00
1.234755936297624146e+01
1.084722186655284659e+01
1.218450746736289858e+01
7.507033738804931744e+00
1.110475373682620415e+01
1.223365122202779709e+01
1.392104721475922346e+01
6.829348431585549051e+00
1.173977096123353725e+01
8.629149565410385136e+00
1.663410151866740705e+01
1.207642331156042204e+01
4.715930449020638626e+00
6.233957188032510643e+00
9.844569851220294154e+00
7.169069364677367773e+00
1.481080686525889512e+01
1.106867451665083202e+01
1.199925923639547953e+01
1.649323093474006185e+01
7.527726527090809583e+00
9.088209700241051792e+00
1.774811414081945671e+01
3.069563848859023381e+01
1.708020296522653680e+01
5.347481234708126863e+00
9.095542253702571855e+00
7.725858456436339061e+00
1.219763182844203619e+01
1.194357102749796873e+01
5.535341001239218350e+00
1.615673234289656790e+01
6.888315388314394383e+00
1.425700607498720984e+01
1.543963154425073014e+01
8.387821860027521836e+00
1.517395429309344124e+01
1.336596008107494349e+01
9.382252750095078753e+00
1.596524001977072693e+01
1.624999145298920311e+01
1.304590186823262599e+01
3.442221504913489660e+00
8.090048756891944137e+00
1.543675268096672504e+01
1.275652338565993560e+01
7.779174477767905493e+00
1.457333943275260957e+01
1.168170459403173922e+01
8.776230524674145883e+00
7.415898836658679549e+00
8.492087820763252637e+00
9.632352891283739282e+00
1.170299107066223598e+01
9.421960164070602772e+00
1.331899228754020825e+01
1.163710540565059226e+01
9.030811456096044409e+00
1.243543324536785022e+01
1.029476673957318056e+01
8.598191024214854039e+00
7.573638491504596004e+00
4.725345372445160841e+00
1.155393150980796335e+01
1.137130892495084211e+01
1.230176139149729053e+01
9.171453295719034671e+00
1.333399998333416647e+01
6.302027892318118774e+00
1.026103741777062694e+01
1.086196217182798840e+01
1.605684347006665647e+01
1.476482306023340030e+01
1.353021310499826058e+01
9.782069765079825174e+00
1.380756636373292601e+01
1.201924382905273525e+01
1.079506059887267710e+01
1.354728345052575023e+01
2.050300790941010476e+01
1.453211004025988728e+01
1.126765281680262021e+01
8.160609998986322111e+00
1.031805321861746449e+01
9.228939989691845369e+00
1.275756855970429626e+01
1.471899755040705493e+01
1.675098670393942868e+01
1.328892604974365632e+01
1.259523719506702832e+01
1.229561800895840484e+01
1.024282947019794676e+01
1.757523510195209226e+01
3.957552554574887971e+00
1.281075936685860661e+01
8.809086218218096676e+00
9.470421790442539844e+00
8.048740412152838530e+00
1.765773359057032366e+01
9.332380903785127302e+00
7.265137453773481191e+00
9.140872800534724618e+00
1.198703002786298555e+01
9.075975613306448864e+00
1.479999999999999893e+01
9.451631252505215741e+00
7.809965144323984809e+00
6.721772253075985581e+00
8.944271909999159220e+00
1.327554142022087014e+01
1.395803233506308594e+01
9.315697624022702072e+00
1.091298920247488091e+01
7.491031674980126454e+00
1.292267602145761174e+01
6.130434097372078561e+00
7.404503134354571081e+00
1.541773870146548653e+01
1.110475373682620415e+01
1.592007816842897405e+01
7.325450308494503737e+00
7.172168430816443063e+00
1.564097183681372094e+01
5.626919425602451064e+00
1.269995625539272766e+01
1.727219988562223918e+01
7.934733769950948812e+00
8.357564770247902786e+00
5.022615520489963181e+00
1.035288472949555327e+01
9.561496860963885069e+00
1.390283744020942436e+01
1.119047213779055383e+01
1.099979797794284764e+01
8.028836915906451210e+00
7.577745193804171109e+00
1.057334174022364337e+01
8.468503737706889467e+00
7.689531122824647902e+00
9.999111071601426204e+00
6.495810615739621596e+00
8.474799243771041546e+00
1.172916592658375379e+01
1.199814800523629188e+01
6.294971538193534499e+00
9.721453937897699404e+00
1.441665703275208088e+01
1.038888294711654225e+01
1.029476673957318056e+01
9.258269576738168638e+00
1.449812248380995250e+01
8.466929129790143449e+00
1.549709650224841084e+01
5.953150426454885569e+00
7.254117604658903318e+00
9.778888825764749271e+00
7.578918128598567172e+00
1.127947989344662538e+01
7.809965144323984809e+00
8.670255667126161470e+00
1.980864009017837901e+01
1.488832503078241487e+01
9.511163032049351429e+00
9.646185198765824254e+00
7.397897599243239419e+00
6.191032941996746253e+00
1.080246885361551712e+01
1.092072443669476556e+01
1.064706532336493083e+01
1.070742214022072147e+01
1.073602450734079738e+01
5.806509756777780140e+00
9.214963676301472617e+00
1.414622053961960368e+01
1.123367951988819868e+01
4.452215428550399423e+00
8.355969256897862962e+00
8.613684203379849080e+00
1.369995944843958036e+01
8.282243389055622629e+00
1.003770668806154731e+01
8.521867296679891624e+00
9.952330826941439668e+00
1.316291085673006478e+01
9.548472827281509367e+00
6.526527066944222355e+00
1.381625451737514076e+01
1.014560660253162716e+01
1.026623375710662245e+01
1.225760534887988840e+01
7.924645102463579782e+00
1.418825805610634738e+01
1.140292360172015940e+01
1.290581264392134209e+01
8.744267963770450791e+00
1.171817202278391079e+01
1.343362282566479671e+01
8.557258127850689178e+00
1.591309733102473700e+01
1.359019254217295192e+01
2.018206024060862802e+01
1.712879317277068125e+01
1.566397139936101901e+01
6.625204399362583985e+00
1.781185622618322739e+01
1.067999167706708619e+01
1.093292682171104957e+01
6.978060857669079908e+00
1.002796090937733986e+01
1.095120490580323747e+01
6.316116950574405031e+00
1.444929832975367034e+01
1.428659044932228284e+01
9.177266598624136407e+00
9.219303420300015262e+00
8.507774222569745248e+00
7.874007874011811126e+00
1.215163454940207721e+01
1.105742586078092060e+01
9.058820134113616973e+00
8.673330771201261058e+00
1.595911442822982274e+01
1.342038250820991685e+01
1.059853239316127649e+01
1.115467017292159468e+01
1.921619687196772475e+01
1.610796904226807413e+01
8.386232103208740796e+00
1.092886087385140037e+01
4.318435930853772753e+00
1.152311686229998422e+01
1.619739348029662196e+01
1.040811649093575930e+01
9.207726224330425424e+00
1.515637013125357768e+01
1.268840240359500804e+01
7.862710869809611758e+00
1.062366331461150182e+01
7.639080805669983043e+00
5.475602452901618733e+00
1.766905644214075011e+01
1.116223792774350265e+01
9.769339793455850796e+00
1.577536757803830803e+01
5.389702115042062758e+00
1.589325503336417178e+01
1.357383103213270736e+01
9.359487165438071798e+00
1.183478864290453814e+01
9.548938277223401272e+00
1.017098269042322656e+01
5.847696602556903045e+00
9.319990462560690858e+00
8.890944206825780682e+00
1.320706881433827462e+01
7.684327484490030891e+00
1.549996415766465141e+01
6.228964600958974529e+00
1.683963578386816806e+01
1.065624490876385444e+01
1.341574530997895032e+01
8.667692247010670314e+00
1.102401419125033932e+01
1.141032670678432304e+01
1.662795504230417620e+01
9.902637134734476376e+00
6.621849355647476898e+00
1.703904013989311750e+01
1.210986741830350866e+01
1.116223792774350265e+01
1.594657748024112287e+01
1.819694724092172677e+01
7.973846137355687702e+00
1.081850266903881774e+01
7.962132600977928298e+00
7.097417370659084845e+00
1.347029654049564051e+01
1.212637162917617673e+01
7.321202087089250909e+00
6.781019261307418944e+00
1.761135997020105393e+01
9.394087975364552534e+00
1.245899942477993072e+01
1.070327052820772096e+01
9.624967532412771476e+00
9.479803092188500813e+00
1.361110657596296214e+01
7.316343956436772267e+00
8.420609637470834130e+00
1.393062174571624112e+01
1.258146785289114611e+01
1.286683937707918801e+01
7.517682858138906354e+00
1.134587541306923164e+01
1.441049000631908328e+01
1.017753517420707610e+01
9.882419856605073605e+00
1.038246384802545563e+01
1.110475373682620415e+01
1.503270508665097971e+01
9.498537899183338240e+00
5.941941321375250773e+00
6.774461848245462825e+00
8.984925647376771352e+00
8.696359391530840810e+00
1.055019747050578616e+01
6.835853193924581461e+00
1.215711954187979416e+01
8.228946199578386356e+00
1.323362720076732835e+01
8.977502746062267391e+00
2.158394465028732156e+01
1.386698717578311246e+01
1.106626505295360374e+01
1.039786302831286413e+01
1.224672291767157795e+01
1.217757501858778824e+01
8.619358058076791451e+00
8.145891943523162482e+00
5.120763831912405806e+00
1.605407528739457845e+01
1.110835521378190194e+01
8.848352012286431645e+00
1.265894501484578072e+01
8.457475325940293942e+00
9.569860094182265797e+00
1.034601372510205053e+01
8.302610031389727752e+00
1.318517686225288443e+01
5.964338465692011759e+00
1.055061872856542848e+01
8.655377262462657484e+00
8.065289138579528228e+00
9.295160030897800851e+00
4.972814986392404712e+00
5.559376463837168991e+00
8.475848040166836128e+00
1.316662447250623202e+01
7.129282338823919929e+00
1.187415494069180255e+01
8.333066662399863489e+00
1.007218391853965755e+01
8.443274772793365912e+00
7.675646914466269344e+00
9.139414034219528915e+00
1.796663574518056450e+01
4.202644669993196302e+00
1.800691225304574417e+01
9.835084589818681167e+00
8.056467381344422307e+00
8.611620056644394339e+00
8.902933349308092659e+00
8.932835807041096032e+00
5.198290317231447411e+00
1.484976617848091074e+01
1.950202268711860754e+01
9.864414157296247154e+00
8.127867015535024109e+00
8.553102101317133332e+00
1.403329374499562476e+01
1.106626505295360374e+01
1.058804357124897066e+01
1.895257238477141470e+01
1.460441333600527969e+01
9.891410415102591003e+00
9.364234559689803561e+00
1.364241751140741066e+01
7.605845705040884752e+00
7.002856560004638631e+00
1.068623205604087367e+01
1.005893743007790064e+01
7.329089681232966669e+00
1.239067749918820560e+01
6.580780095601634905e+00
1.558631878710727925e+01
7.397897599243238531e+00
1.372329730381473922e+01
9.080871225946452796e+00
6.801960501698511408e+00
7.561305002004172771e+00
1.269750631685870346e+01
1.457791327850305052e+01
1.192085008154479908e+01
9.728766051709172302e+00
8.407932762179616049e+00
5.487764167268447402e+00
1.613140484341714753e+01
9.561496860963883293e+00
1.051010096156179685e+01
8.530728769181056492e+00
1.522658493848469163e+01
8.538540078178860071e+00
8.125679458769381469e+00
1.038503196378754012e+01
1.793320941716791594e+01
9.547541859324606861e+00
1.042560949457312880e+01
1.786193967319587372e+01
8.298326471176114438e+00
8.902933349308092659e+00
1.033956801160796424e+01
9.246260505379098049e+00
1.597442400283097008e+01
9.871170143402453689e+00
6.385400013572628986e+00
1.407219480630746133e+01
1.246149625401736571e+01
9.318082778483280038e+00
1.093739761856844517e+01
1.807933135440086403e+01
1.289168552034820436e+01
2.006212573205762695e+01
1.134587541306923164e+01
1.243042861511844777e+01
1.914227433370096065e+01
1.330663994653295923e+01
9.047037575299931689e+00
8.598191024214854039e+00
1.017491468705703106e+01
7.116803277377343306e+00
1.131056536557253089e+01
1.343957671291109612e+01
1.270100608438384704e+01
1.521840990379743985e+01
8.593020423576334110e+00
8.523431755395762366e+00
6.316116950574405919e+00
7.082372483850309486e+00
1.367333170810976917e+01
1.026103741777062694e+01
9.171453295719036447e+00
1.117417657915885343e+01
9.499941520287842778e+00
9.644802860723602933e+00
4.218477871881700203e+00
1.291958031654107231e+01
8.174757896516977596e+00
6.999682532483566533e+00
1.071323169418702115e+01
5.737207993053377919e+00
9.422431863495868143e+00
7.850265388295269098e+00
7.272474743090476146e+00
7.797435475847170672e+00
8.194849330863597459e+00
6.489649879273577504e+00
1.434743492366802542e+01
1.382011416579311458e+01
1.120833023543947249e+01
1.373495136099465341e+01
8.882942455440463903e+00
1.063620650837923876e+01
1.299230541512937265e+01
7.701659272881108187e+00
1.889785408158527247e+01
9.814728161741866685e+00
9.993331109628392994e+00
1.113473045126024630e+01
1.191189881309161080e+01
1.524554579759828421e+01
7.464285334548482531e+00
1.154623555777187249e+01
9.548472827281509367e+00
1.403266031640314360e+01
1.190443428120612346e+01
9.162726425881956516e+00
7.573638491504595116e+00
8.274190124853442185e+00
7.054076835419359703e+00
1.589465318904442093e+01
1.195472942209716294e+01
1.459528082025906848e+01
6.936537721050433980e+00
7.888106377466153951e+00
1.167713815776603603e+01
1.185729967385304739e+01
9.191783770786216223e+00
7.419493843173460057e+00
4.786090958879351653e+00
1.152311686229998422e+01
8.101028741256673271e+00
9.178719349064381916e+00
7.079234107977751655e+00
1.099211838849394418e+01
8.671793355471519860e+00
8.709126758113519884e+00
8.410046901705655387e+00
1.277219201581658403e+01
1.691810338726602936e+01
1.778688655536244312e+01
1.294501190935463519e+01
2.260521080537749938e+01
2.037929232224602316e+01
3.139950459623350199e+01
2.828159982902114677e+01
1.567106321288451198e+01
1.798839131835368477e+01
1.334066465110840305e+01
2.515339605964437553e+01
1.582487493368167719e+01
3.322408764736813680e+01
2.225308967312179576e+01
3.295855983908681708e+01
3.394675569509142576e+01
5.878185661125944961e+01
4.951740434769712351e+01
4.470167782086037533e+01
3.994574097725841710e+01
2.840062597119217713e+01
3.813100225975359336e+01
2.456772951115616266e+01
5.929661785370974769e+01
3.384960199995792607e+01
5.240313815878672443e+01
5.098653416998125465e+01
9.057534616733923372e+01
6.711065489175321375e+01
7.006612749554682296e+01
5.235901705214362067e+01
3.655534616623584299e+01
3.837163304085743931e+01
4.715478059893114704e+01
4.284960780320969320e+01
5.816046767349794777e+01
4.363668181702179538e+01
4.960627200488082167e+01
6.559966124573780633e+01
5.533293172545020155e+01
5.697773444269456178e+01
7.697601357998911453e+01
6.337872057893108746e+01
5.096770219135512292e+01
8.520187791357652429e+01
7.009688533261184773e+01
7.713681928164324120e+01
8.015141227008348324e+01
6.603554598345752424e+01
8.713733732192851278e+01
6.115844631410738685e+01
9.849227832113993486e+01
9.171753739970708352e+01
5.341685127373195741e+01
8.056456348102985032e+01
7.664045928881168379e+01
7.460819138822641605e+01
1.329098942893267008e+02
7.655626834049725460e+01
1.077233906303031716e+02
1.001058106871590780e+02
1.276901806021991064e+02
7.800638150533296766e+01
1.231705953365313491e+02
1.096443949015786927e+02
1.029507757242373742e+02
9.156598106769178003e+01
9.561692086422547732e+01
1.096603645605628827e+02
7.248067941795861202e+01
8.859004207898061622e+01
9.326283051438851146e+01
7.996204655265451322e+01
7.355167495637941499e+01
7.355167495637940078e+01
1.021581780051569552e+02
7.855313841951546294e+01
7.561939786412830244e+01
9.367921624114687518e+01
9.457074953000355322e+01
9.942917076995061620e+01
5.390345278571885501e+01
8.762303096535497104e+01
1.030636049566803365e+02
1.010995988562214194e+02
1.260544150577660503e+02
1.087883980742227550e+02
8.512772103662172185e+01
1.024920593130132289e+02
1.297639908962934499e+02
8.867994887985295804e+01
7.895709101925059770e+01
6.056621720618406357e+01
1.116397778571777621e+02
1.007817443786323821e+02
6.474634266805260552e+01
1.098327212931859691e+02
8.562434752387248693e+01
6.745039329429856423e+01
5.947533569098669659e+01
8.928939217821765340e+01
1.178008866218284822e+02
8.710259595570170177e+01
8.307576194186978569e+01
1.071384151460156602e+02
7.305602112230189960e+01
1.090207727402850821e+02
8.935984681176564948e+01
6.989026319086863737e+01
8.676210130132984943e+01
1.172279071817893623e+02
1.133090169992367890e+02
7.400582559651788017e+01
8.684888536353756194e+01
9.357620780233972368e+01
9.662136869703765285e+01
8.360770831023231153e+01
1.069485026647041082e+02
7.336835527361611753e+01
9.499698240821476247e+01
1.202890223124657751e+02
5.615628984262483669e+01
7.564360882160207211e+01
7.320856051947293963e+01
8.391572492023703944e+01
7.413039562524643600e+01
7.805536496615719955e+01
7.088663876610003456e+01
7.083094113607570819e+01
7.261313012580208692e+01
5.653577038772296959e+01
9.946644325265347675e+01
5.375028682094015409e+01
9.235977960610824766e+01
6.051938165212492748e+01
8.346884981170454409e+01
5.691842115402241831e+01
7.046039076436254334e+01
1.189122178565161363e+02
1.149153118121727459e+02
9.320515007230019933e+01
1.072858279964734578e+02
9.663033800117965200e+01
7.693258231869135955e+01
8.705921356563398206e+01
7.821736096005513161e+01
1.078174176817250327e+02
8.895227184657323960e+01
8.708881800910046422e+01
8.641203619866851682e+01
8.650692971599956138e+01
8.436808243247757844e+01
1.156998799576828389e+02
9.092473077588223873e+01
7.570134300878243039e+01
8.166016300634123581e+01
1.032701742464342374e+02
8.759791981294735308e+01
1.053693187476000190e+02
6.777675773367215584e+01
9.825463517480147857e+01
5.648559305010634546e+01
8.001805351849600356e+01
9.470712750368896593e+01
7.465940440873249884e+01
7.811347870601818499e+01
1.093173972125815538e+02
7.011590404466022619e+01
1.053532892488675685e+02
9.721719098092795264e+01
8.990651935328284594e+01
9.503627377656036401e+01
9.930805047370978400e+01
7.081506431073358954e+01
1.058488650020501041e+02
1.099831502246290995e+02
8.116227914219483353e+01
7.703840312179086425e+01
7.565024785154376730e+01
4.097457206067630864e+01
8.841302065998097248e+01
5.881473738216751457e+01
6.324330443260816992e+01
9.828249533303929297e+01
7.946442949871064343e+01
9.548533337056998960e+01
8.551387151931680819e+01
7.279029239305654642e+01
8.202503682819451569e+01
7.767871151237140737e+01
8.022257925436095150e+01
7.820542748996956561e+01
7.720575683774421805e+01
6.965744755587876114e+01
5.701282506789347337e+01
1.025767138400437375e+02
4.637528077183647923e+01
