1.800000000000000000e+01
1.706666666666666643e+01
1.540000000000000036e+01
1.619999999999999929e+01
1.919999999999999929e+01
2.233333333333333215e+01
2.266666666666666785e+01
1.559999999999999964e+01
1.619999999999999929e+01
1.719999999999999929e+01
1.346666666666666679e+01
2.000000000000000000e+01
2.186666666666666714e+01
1.986666666666666714e+01
1.886666666666666714e+01
2.286666666666666714e+01
1.706666666666666643e+01
2.093333333333333357e+01
2.173333333333333428e+01
1.706666666666666643e+01
1.846666666666666501e+01
2.186666666666666714e+01
1.639999999999999858e+01
2.419999999999999929e+01
1.533333333333333393e+01
2.126666666666666572e+01
1.719999999999999929e+01
1.900000000000000000e+01
1.713333333333333286e+01
1.619999999999999929e+01
1.839999999999999858e+01
1.813333333333333286e+01
2.000000000000000000e+01
1.746666666666666501e+01
1.366666666666666607e+01
1.886666666666666714e+01
2.039999999999999858e+01
1.906666666666666643e+01
1.880000000000000071e+01
2.086666666666666714e+01
2.433333333333333215e+01
2.026666666666666572e+01
2.093333333333333357e+01
2.039999999999999858e+01
1.606666666666666643e+01
1.800000000000000000e+01
1.913333333333333286e+01
1.926666666666666572e+01
1.780000000000000071e+01
1.706666666666666643e+01
1.519999999999999929e+01
2.013333333333333286e+01
1.866666666666666785e+01
2.173333333333333428e+01
1.619999999999999929e+01
1.680000000000000071e+01
2.133333333333333215e+01
1.900000000000000000e+01
1.653333333333333499e+01
2.339999999999999858e+01
2.586666666666666714e+01
2.013333333333333286e+01
1.926666666666666572e+01
1.853333333333333499e+01
1.780000000000000071e+01
1.980000000000000071e+01
1.946666666666666501e+01
1.453333333333333321e+01
1.473333333333333250e+01
1.773333333333333428e+01
2.239999999999999858e+01
2.226666666666666572e+01
1.446666666666666679e+01
1.519999999999999929e+01
1.846666666666666501e+01
1.513333333333333286e+01
1.626666666666666572e+01
1.733333333333333215e+01
1.839999999999999858e+01
1.466666666666666607e+01
1.580000000000000071e+01
2.206666666666666643e+01
1.700000000000000000e+01
1.580000000000000071e+01
1.393333333333333357e+01
1.713333333333333286e+01
1.486666666666666714e+01
2.166666666666666785e+01
2.260000000000000142e+01
2.333333333333333215e+01
1.906666666666666643e+01
2.173333333333333428e+01
1.319999999999999929e+01
1.619999999999999929e+01
1.813333333333333286e+01
1.966666666666666785e+01
1.633333333333333215e+01
1.813333333333333286e+01
1.853333333333333499e+01
2.146666666666666501e+01
1.513333333333333286e+01
1.559999999999999964e+01
2.126666666666666572e+01
1.926666666666666572e+01
1.726666666666666572e+01
1.839999999999999858e+01
1.839999999999999858e+01
1.773333333333333428e+01
1.900000000000000000e+01
2.073333333333333428e+01
2.553333333333333499e+01
1.733333333333333215e+01
1.866666666666666785e+01
1.933333333333333215e+01
2.086666666666666714e+01
1.926666666666666572e+01
1.846666666666666501e+01
1.833333333333333215e+01
1.700000000000000000e+01
2.226666666666666572e+01
1.913333333333333286e+01
1.953333333333333499e+01
1.719999999999999929e+01
1.546666666666666679e+01
1.726666666666666572e+01
2.080000000000000071e+01
2.166666666666666785e+01
2.080000000000000071e+01
2.166666666666666785e+01
2.113333333333333286e+01
1.800000000000000000e+01
1.633333333333333215e+01
2.226666666666666572e+01
1.933333333333333215e+01
1.573333333333333250e+01
2.100000000000000000e+01
2.239999999999999858e+01
1.793333333333333357e+01
1.519999999999999929e+01
2.066666666666666785e+01
1.639999999999999858e+01
1.613333333333333286e+01
1.946666666666666501e+01
1.573333333333333250e+01
1.713333333333333286e+01
1.793333333333333357e+01
1.706666666666666643e+01
1.900000000000000000e+01
2.139999999999999858e+01
1.826666666666666572e+01
1.939999999999999858e+01
1.513333333333333286e+01
1.980000000000000071e+01
1.780000000000000071e+01
1.933333333333333215e+01
2.060000000000000142e+01
1.866666666666666785e+01
2.066666666666666785e+01
2.553333333333333499e+01
1.813333333333333286e+01
1.459999999999999964e+01
1.786666666666666714e+01
2.000000000000000000e+01
2.133333333333333215e+01
1.619999999999999929e+01
2.339999999999999858e+01
1.726666666666666572e+01
2.033333333333333215e+01
1.693333333333333357e+01
2.000000000000000000e+01
1.693333333333333357e+01
1.653333333333333499e+01
2.453333333333333499e+01
2.166666666666666785e+01
1.939999999999999858e+01
2.780000000000000071e+01
1.786666666666666714e+01
2.253333333333333499e+01
2.433333333333333215e+01
1.826666666666666572e+01
2.180000000000000071e+01
2.053333333333333499e+01
2.226666666666666572e+01
2.406666666666666643e+01
1.559999999999999964e+01
1.880000000000000071e+01
2.066666666666666785e+01
2.306666666666666643e+01
2.173333333333333428e+01
1.873333333333333428e+01
2.166666666666666785e+01
1.633333333333333215e+01
1.566666666666666607e+01
2.360000000000000142e+01
1.806666666666666643e+01
2.173333333333333428e+01
1.733333333333333215e+01
2.466666666666666785e+01
1.786666666666666714e+01
1.760000000000000142e+01
2.133333333333333215e+01
2.493333333333333357e+01
2.019999999999999929e+01
1.513333333333333286e+01
2.219999999999999929e+01
2.326666666666666572e+01
1.780000000000000071e+01
1.806666666666666643e+01
1.713333333333333286e+01
1.786666666666666714e+01
1.900000000000000000e+01
1.693333333333333357e+01
2.133333333333333215e+01
2.066666666666666785e+01
2.433333333333333215e+01
2.266666666666666785e+01
2.400000000000000000e+01
2.100000000000000000e+01
2.453333333333333499e+01
1.673333333333333428e+01
2.360000000000000142e+01
2.573333333333333428e+01
2.406666666666666643e+01
1.713333333333333286e+01
1.953333333333333499e+01
1.506666666666666643e+01
1.860000000000000142e+01
2.180000000000000071e+01
1.866666666666666785e+01
1.833333333333333215e+01
2.280000000000000071e+01
2.053333333333333499e+01
2.833333333333333215e+01
2.246666666666666501e+01
2.439999999999999858e+01
2.226666666666666572e+01
2.413333333333333286e+01
1.839999999999999858e+01
2.260000000000000142e+01
1.739999999999999858e+01
2.306666666666666643e+01
2.346666666666666501e+01
2.226666666666666572e+01
1.813333333333333286e+01
2.800000000000000000e+01
2.073333333333333428e+01
2.613333333333333286e+01
2.906666666666666643e+01
2.260000000000000142e+01
2.406666666666666643e+01
2.480000000000000071e+01
1.866666666666666785e+01
1.753333333333333499e+01
2.786666666666666714e+01
3.186666666666666714e+01
2.700000000000000000e+01
3.139999999999999858e+01
2.933333333333333215e+01
2.926666666666666572e+01
2.426666666666666572e+01
2.206666666666666643e+01
2.293333333333333357e+01
2.393333333333333357e+01
2.919999999999999929e+01
2.666666666666666785e+01
2.213333333333333286e+01
2.000000000000000000e+01
2.826666666666666572e+01
2.353333333333333499e+01
2.960000000000000142e+01
2.473333333333333428e+01
3.433333333333333570e+01
1.893333333333333357e+01
2.880000000000000071e+01
2.166666666666666785e+01
2.239999999999999858e+01
2.573333333333333428e+01
2.993333333333333357e+01
2.419999999999999929e+01
2.339999999999999858e+01
2.313333333333333286e+01
3.779999999999999716e+01
2.853333333333333499e+01
2.993333333333333357e+01
1.926666666666666572e+01
2.473333333333333428e+01
2.393333333333333357e+01
2.693333333333333357e+01
2.473333333333333428e+01
2.653333333333333499e+01
2.580000000000000071e+01
3.260000000000000142e+01
3.446666666666666856e+01
2.393333333333333357e+01
2.919999999999999929e+01
3.133333333333333215e+01
2.180000000000000071e+01
2.846666666666666501e+01
3.160000000000000142e+01
2.933333333333333215e+01
2.346666666666666501e+01
2.733333333333333215e+01
2.333333333333333215e+01
2.533333333333333215e+01
2.273333333333333428e+01
2.733333333333333215e+01
2.366666666666666785e+01
2.526666666666666572e+01
2.253333333333333499e+01
2.400000000000000000e+01
2.166666666666666785e+01
2.166666666666666785e+01
2.193333333333333357e+01
3.286666666666666714e+01
3.913333333333333286e+01
4.306666666666666998e+01
3.639999999999999858e+01
2.026666666666666572e+01
2.873333333333333428e+01
2.386666666666666714e+01
3.966666666666666430e+01
2.239999999999999858e+01
2.433333333333333215e+01
3.526666666666666572e+01
2.839999999999999858e+01
2.073333333333333428e+01
2.906666666666666643e+01
2.706666666666666643e+01
2.700000000000000000e+01
2.666666666666666785e+01
3.713333333333333286e+01
2.253333333333333499e+01
3.786666666666666714e+01
2.893333333333333357e+01
2.260000000000000142e+01
2.619999999999999929e+01
2.973333333333333428e+01
2.686666666666666714e+01
3.520000000000000284e+01
2.646666666666666501e+01
2.239999999999999858e+01
3.306666666666666998e+01
2.680000000000000071e+01
3.333333333333333570e+01
2.639999999999999858e+01
2.813333333333333286e+01
2.446666666666666501e+01
3.393333333333333002e+01
2.733333333333333215e+01
3.006666666666666643e+01
2.660000000000000142e+01
2.366666666666666785e+01
3.320000000000000284e+01
2.319999999999999929e+01
2.593333333333333357e+01
1.939999999999999858e+01
2.260000000000000142e+01
2.446666666666666501e+01
3.373333333333333428e+01
2.433333333333333215e+01
2.553333333333333499e+01
2.560000000000000142e+01
2.546666666666666501e+01
2.233333333333333215e+01
2.000000000000000000e+01
2.419999999999999929e+01
3.200000000000000000e+01
2.433333333333333215e+01
3.966666666666666430e+01
3.566666666666666430e+01
2.366666666666666785e+01
2.473333333333333428e+01
2.693333333333333357e+01
1.739999999999999858e+01
2.260000000000000142e+01
2.886666666666666714e+01
3.766666666666666430e+01
2.913333333333333286e+01
2.753333333333333499e+01
3.473333333333333428e+01
2.800000000000000000e+01
2.973333333333333428e+01
2.680000000000000071e+01
2.873333333333333428e+01
3.800000000000000000e+01
2.466666666666666785e+01
2.606666666666666643e+01
2.766666666666666785e+01
2.900000000000000000e+01
3.593333333333333002e+01
3.113333333333333286e+01
3.439999999999999858e+01
2.200000000000000000e+01
2.280000000000000071e+01
2.413333333333333286e+01
3.339999999999999858e+01
2.273333333333333428e+01
2.766666666666666785e+01
4.173333333333333428e+01
2.733333333333333215e+01
3.053333333333333499e+01
2.646666666666666501e+01
2.333333333333333215e+01
2.186666666666666714e+01
2.580000000000000071e+01
3.500000000000000000e+01
3.233333333333333570e+01
2.980000000000000071e+01
2.780000000000000071e+01
3.279999999999999716e+01
2.406666666666666643e+01
3.093333333333333357e+01
3.760000000000000142e+01
2.746666666666666501e+01
2.726666666666666572e+01
3.119999999999999929e+01
2.646666666666666501e+01
2.546666666666666501e+01
2.613333333333333286e+01
3.460000000000000142e+01
3.066666666666666785e+01
3.226666666666666572e+01
3.193333333333333357e+01
2.946666666666666501e+01
3.113333333333333286e+01
2.419999999999999929e+01
3.713333333333333286e+01
3.993333333333333002e+01
3.200000000000000000e+01
3.246666666666666856e+01
2.753333333333333499e+01
2.646666666666666501e+01
3.453333333333333144e+01
2.619999999999999929e+01
2.966666666666666785e+01
3.306666666666666998e+01
3.053333333333333499e+01
2.833333333333333215e+01
2.760000000000000142e+01
3.579999999999999716e+01
2.460000000000000142e+01
2.919999999999999929e+01
2.493333333333333357e+01
3.006666666666666643e+01
2.119999999999999929e+01
2.726666666666666572e+01
2.853333333333333499e+01
2.826666666666666572e+01
3.080000000000000071e+01
2.633333333333333215e+01
3.093333333333333357e+01
2.493333333333333357e+01
3.566666666666666430e+01
2.980000000000000071e+01
3.239999999999999858e+01
3.406666666666666998e+01
2.946666666666666501e+01
2.639999999999999858e+01
2.180000000000000071e+01
2.960000000000000142e+01
2.386666666666666714e+01
2.800000000000000000e+01
3.186666666666666714e+01
2.900000000000000000e+01
4.586666666666666714e+01
2.366666666666666785e+01
3.626666666666666572e+01
3.013333333333333286e+01
3.533333333333333570e+01
2.606666666666666643e+01
2.153333333333333499e+01
2.900000000000000000e+01
2.906666666666666643e+01
2.739999999999999858e+01
2.633333333333333215e+01
2.393333333333333357e+01
2.880000000000000071e+01
2.526666666666666572e+01
3.906666666666666998e+01
2.793333333333333357e+01
3.560000000000000142e+01
2.306666666666666643e+01
2.933333333333333215e+01
2.853333333333333499e+01
3.346666666666666856e+01
2.766666666666666785e+01
2.553333333333333499e+01
2.919999999999999929e+01
2.973333333333333428e+01
2.860000000000000142e+01
3.273333333333333428e+01
2.786666666666666714e+01
2.980000000000000071e+01
3.393333333333333002e+01
3.333333333333333570e+01
2.153333333333333499e+01
2.260000000000000142e+01
2.666666666666666785e+01
3.700000000000000000e+01
3.573333333333333428e+01
3.213333333333333286e+01
3.060000000000000142e+01
3.739999999999999858e+01
2.039999999999999858e+01
3.386666666666666714e+01
2.600000000000000000e+01
3.733333333333333570e+01
2.186666666666666714e+01
3.973333333333333428e+01
3.846666666666666856e+01
2.273333333333333428e+01
2.933333333333333215e+01
3.126666666666666572e+01
3.553333333333333144e+01
2.780000000000000071e+01
3.679999999999999716e+01
2.426666666666666572e+01
3.160000000000000142e+01
3.726666666666666572e+01
3.139999999999999858e+01
2.700000000000000000e+01
2.686666666666666714e+01
3.046666666666666501e+01
2.766666666666666785e+01
2.919999999999999929e+01
3.373333333333333428e+01
2.406666666666666643e+01
3.113333333333333286e+01
2.553333333333333499e+01
2.626666666666666572e+01
2.113333333333333286e+01
3.713333333333333286e+01
4.260000000000000142e+01
2.306666666666666643e+01
2.333333333333333215e+01
2.966666666666666785e+01
4.139999999999999858e+01
3.833333333333333570e+01
4.106666666666666998e+01
3.173333333333333428e+01
4.273333333333333428e+01
3.246666666666666856e+01
3.326666666666666572e+01
3.533333333333333570e+01
3.086666666666666714e+01
3.753333333333333144e+01
3.513333333333333286e+01
3.033333333333333215e+01
3.413333333333333286e+01
3.586666666666666714e+01
3.493333333333333002e+01
3.026666666666666572e+01
2.493333333333333357e+01
3.206666666666666998e+01
3.053333333333333499e+01
2.660000000000000142e+01
3.000000000000000000e+01
4.100000000000000000e+01
3.653333333333333144e+01
3.320000000000000284e+01
3.553333333333333144e+01
3.420000000000000284e+01
3.526666666666666572e+01
3.633333333333333570e+01
3.126666666666666572e+01
2.266666666666666785e+01
2.246666666666666501e+01
2.486666666666666714e+01
3.346666666666666856e+01
2.419999999999999929e+01
3.566666666666666430e+01
2.933333333333333215e+01
3.033333333333333215e+01
2.939999999999999858e+01
3.739999999999999858e+01
3.060000000000000142e+01
3.339999999999999858e+01
2.419999999999999929e+01
3.473333333333333428e+01
3.279999999999999716e+01
2.686666666666666714e+01
2.893333333333333357e+01
3.173333333333333428e+01
3.226666666666666572e+01
2.946666666666666501e+01
4.546666666666666856e+01
3.886666666666666714e+01
2.426666666666666572e+01
2.446666666666666501e+01
3.513333333333333286e+01
2.580000000000000071e+01
2.326666666666666572e+01
2.986666666666666714e+01
2.926666666666666572e+01
3.539999999999999858e+01
2.880000000000000071e+01
2.866666666666666785e+01
3.546666666666666856e+01
4.313333333333333286e+01
3.766666666666666430e+01
2.939999999999999858e+01
3.266666666666666430e+01
3.853333333333333144e+01
2.660000000000000142e+01
3.126666666666666572e+01
3.439999999999999858e+01
3.946666666666666856e+01
3.413333333333333286e+01
4.526666666666666572e+01
3.913333333333333286e+01
2.353333333333333499e+01
3.146666666666666501e+01
3.739999999999999858e+01
3.039999999999999858e+01
3.313333333333333286e+01
2.780000000000000071e+01
2.626666666666666572e+01
3.420000000000000284e+01
2.646666666666666501e+01
2.306666666666666643e+01
4.306666666666666998e+01
3.066666666666666785e+01
3.113333333333333286e+01
2.726666666666666572e+01
3.126666666666666572e+01
3.553333333333333144e+01
3.373333333333333428e+01
2.480000000000000071e+01
2.960000000000000142e+01
2.919999999999999929e+01
3.893333333333333002e+01
3.386666666666666714e+01
2.526666666666666572e+01
3.333333333333333570e+01
2.953333333333333499e+01
3.700000000000000000e+01
2.480000000000000071e+01
3.679999999999999716e+01
2.953333333333333499e+01
3.673333333333333428e+01
2.166666666666666785e+01
4.006666666666666998e+01
4.833333333333333570e+01
2.713333333333333286e+01
3.033333333333333215e+01
4.306666666666666998e+01
3.333333333333333570e+01
2.733333333333333215e+01
3.293333333333333002e+01
2.960000000000000142e+01
2.800000000000000000e+01
3.626666666666666572e+01
3.386666666666666714e+01
2.800000000000000000e+01
2.866666666666666785e+01
2.746666666666666501e+01
2.960000000000000142e+01
3.000000000000000000e+01
3.153333333333333499e+01
3.193333333333333357e+01
2.039999999999999858e+01
3.313333333333333286e+01
4.286666666666666714e+01
3.273333333333333428e+01
3.666666666666666430e+01
2.673333333333333428e+01
2.739999999999999858e+01
3.046666666666666501e+01
2.446666666666666501e+01
3.046666666666666501e+01
2.700000000000000000e+01
3.513333333333333286e+01
2.933333333333333215e+01
2.339999999999999858e+01
4.186666666666666714e+01
2.946666666666666501e+01
3.673333333333333428e+01
3.073333333333333428e+01
3.853333333333333144e+01
3.826666666666666572e+01
3.720000000000000284e+01
3.106666666666666643e+01
3.339999999999999858e+01
3.406666666666666998e+01
2.900000000000000000e+01
3.000000000000000000e+01
2.639999999999999858e+01
2.819999999999999929e+01
4.500000000000000000e+01
3.473333333333333428e+01
3.820000000000000284e+01
2.813333333333333286e+01
2.713333333333333286e+01
3.860000000000000142e+01
2.706666666666666643e+01
2.946666666666666501e+01
2.880000000000000071e+01
4.300000000000000000e+01
3.073333333333333428e+01
3.279999999999999716e+01
