7.650708028237212410e+00
7.379852452605147661e+00
6.140575434490376239e+00
6.431174076325410383e+00
9.012583795264633935e+00
9.910712498212335575e+00
7.647802879839992407e+00
4.673328578219169138e+00
7.704544113703289732e+00
8.191052028484088865e+00
4.208985098043892314e+00
1.450976682560175846e+01
2.055842622597577929e+01
1.041067827868204709e+01
1.307346761787229639e+01
1.483629183979459043e+01
6.038395666252934113e+00
1.446589859712220516e+01
1.006953601490930339e+01
6.495810615739620708e+00
8.928356822817709926e+00
1.276905982791563510e+01
5.595236068895276915e+00
1.787810579078965389e+01
6.246776946731987579e+00
1.457150949246126892e+01
1.001465592685706696e+01
7.974960814950754262e+00
9.222195448421643960e+00
5.393823628311676721e+00
1.064456042618325604e+01
9.135036337579006016e+00
1.004655828298096054e+01
8.114732829174899464e+00
3.134042472944842395e+00
7.172788083366808287e+00
6.809796864322263943e+00
1.051644215291253204e+01
1.173712060089696863e+01
7.855924869520809928e+00
1.456327191564069246e+01
1.245507482470052985e+01
9.615727857121488142e+00
9.837343814939750075e+00
9.341425063780269156e+00
1.231259517729710851e+01
9.272659932415413309e+00
1.010258492774112860e+01
6.503332479070505379e+00
6.677990383008615360e+00
4.901700385240479463e+00
1.181449204249688556e+01
1.294432522596506807e+01
1.080411444260421128e+01
4.198412398355676700e+00
5.659210781254455647e+00
1.298032699468271822e+01
1.049444297394260595e+01
5.162256182028250429e+00
1.060062891216051106e+01
1.680423227113402618e+01
8.317585119625901413e+00
7.113055289786207602e+00
1.248394524534968042e+01
9.682974749528161951e+00
9.005183692370374970e+00
8.204605752597473156e+00
8.860900380636019591e+00
6.845598748263165945e+00
8.644587259602905860e+00
7.078606265831336231e+00
1.110835521378190194e+01
6.152145064031640409e+00
5.923962637739482950e+00
7.940333046471595324e+00
5.795017016560194634e+00
5.347481234708126863e+00
7.888106377466153951e+00
1.194319890146689289e+01
5.133766215514254050e+00
7.502888332724493736e+00
9.447868660296999010e+00
7.589466384404110144e+00
6.655323683588449946e+00
3.641733408999376476e+00
6.621849355647475122e+00
4.856153027059817440e+00
8.145891943523162482e+00
1.427725463805979800e+01
1.302134998974974245e+01
1.122774341629796169e+01
1.447050640287186418e+01
5.101633725255730667e+00
7.286517229330713441e+00
6.897986823865512207e+00
1.383554199235513060e+01
5.781195570314346277e+00
7.301750170716303501e+00
5.806509756777779252e+00
1.484078464532414543e+01
6.354700797222652575e+00
5.148462553682085385e+00
6.874752520798274702e+00
9.298506451157745545e+00
6.697926710723418608e+00
8.114185110040317284e+00
8.585258683736132213e+00
5.790413533495589959e+00
9.055385138137417300e+00
1.110835521378190194e+01
1.215382884343676828e+01
6.538773245460921757e+00
1.176813022059532088e+01
8.403702887550357659e+00
1.065123884291817369e+01
1.173863516579144495e+01
9.783432708183543269e+00
1.041579996394366603e+01
6.762642481555070972e+00
1.153236990195664546e+01
1.011181926702059286e+01
1.313451771309306970e+01
6.635259351876658940e+00
7.135513685471813972e+00
1.066749996745045870e+01
1.418073810960957282e+01
8.038794823990858873e+00
1.722478833928978759e+01
1.862495339293198882e+01
8.913410620457742795e+00
7.890923055426828370e+00
7.170928965079923501e+00
1.586386529891823827e+01
8.874432689223326065e+00
6.244642147918129105e+00
1.485485330343812826e+01
1.091054535758868482e+01
6.180255298574286904e+00
5.256107558513872569e+00
1.034515452867777263e+01
7.088018058667739929e+00
6.195338749594102801e+00
1.153468200207048966e+01
6.727720432822860808e+00
7.419493843173460057e+00
1.049105439039480991e+01
6.201791855764123618e+00
9.722825378115835804e+00
1.263223390114881184e+01
1.184604950558999192e+01
1.118808890442569570e+01
5.289822513300633133e+00
1.570222914111241863e+01
8.885943956609224870e+00
8.768630958643937490e+00
7.761443164772901859e+00
1.728454672693372984e+01
1.053670832006951841e+01
1.553004256987797937e+01
9.069117315863152839e+00
3.629508690350986111e+00
1.287305540870370102e+01
1.184342292864130819e+01
8.889444427084418621e+00
5.166559138666016793e+00
1.696977705608807696e+01
5.458530530788992863e+00
1.353349753594966209e+01
8.473225805769343921e+00
9.330952077181978055e+00
7.150446761489024361e+00
9.401181958787002912e+00
1.781335329340199181e+01
8.684596837057101837e+00
8.815138493901653050e+00
1.581644713581403394e+01
5.339995838533543093e+00
9.985767649788149569e+00
1.169425309951668268e+01
8.111445959602736622e+00
1.804143379372419531e+01
1.128932632573303252e+01
9.305673299420927691e+00
1.525545439798136194e+01
4.950420857529858942e+00
9.224604779248448239e+00
1.277845408838208741e+01
8.613684203379849080e+00
1.233135119207227071e+01
9.712306054119634879e+00
1.374853527552015997e+01
4.921607686744466470e+00
5.545769158156112155e+00
1.531361050394931134e+01
8.193222131059849644e+00
1.461718927229931531e+01
7.955431408094025159e+00
1.659183199314918511e+01
1.176359733339348068e+01
7.683749084919418770e+00
6.866990283636315695e+00
2.387039077090183525e+01
8.982946806774117832e+00
6.681982407107107669e+00
1.639186790250986903e+01
1.521169141008177128e+01
7.816222446510420419e+00
8.402116135567013089e+00
5.277204647243546098e+00
9.386988630841926806e+00
9.804760748398368975e+00
5.543364401596640789e+00
1.709450853994411190e+01
1.404595631806139799e+01
1.502738241418718523e+01
9.307106006822003508e+00
1.728968864188517784e+01
1.063328108660100568e+01
1.607841893830222446e+01
1.101191274130985143e+01
1.248358922746179012e+01
2.743104486202124548e+01
1.332399673104466409e+01
5.771962885843562319e+00
9.831016676259320519e+00
4.850658603621665677e+00
8.284926070883191329e+00
1.155970011145041276e+01
7.963807018142907701e+00
9.249624617007738081e+00
8.423775875461075202e+00
1.212087272252107972e+01
8.379870059984357411e+00
1.238206588399349073e+01
1.018364702190068449e+01
1.189659148197032579e+01
1.026883094071028424e+01
1.218085930192666488e+01
1.248892843014697362e+01
7.436845209271647938e+00
1.121586178390031385e+01
1.490354171180647747e+01
1.757068265289908737e+01
9.569860094182267574e+00
1.809235566014921304e+01
1.212417236579699775e+01
1.363752991645562851e+01
1.970944500036016578e+01
1.168931135696196577e+01
1.716766987359929786e+01
1.988366163461850888e+01
1.055567251397191697e+01
7.172788083366807399e+00
1.325577442307900533e+01
2.692673186424391929e+01
1.622343983253859889e+01
2.493404633561641859e+01
1.683514841699419762e+01
1.833563621900139040e+01
1.630732623359478950e+01
1.081028317030697572e+01
1.119801569723652257e+01
1.610576156397317149e+01
3.111955440983476961e+01
1.387403650308333525e+01
1.691100890610085017e+01
9.729679679550949700e+00
1.541197225824420158e+01
1.473710358999427861e+01
1.584003366999788476e+01
1.873131661742500498e+01
3.094654890111155154e+01
8.962638500402038133e+00
1.592984620139190000e+01
8.956685895029600886e+00
9.652633492127076664e+00
1.442436210798322449e+01
1.836470043921822892e+01
1.752407867288130205e+01
1.272163511503140221e+01
1.250528777046822704e+01
2.596459127350168927e+01
2.154024656827823492e+01
2.013774786039612863e+01
7.460711911220149872e+00
1.253510625758269725e+01
1.006953601490930339e+01
1.527292448165125371e+01
1.145115229524474110e+01
9.680679498648611769e+00
1.025150395470505238e+01
2.559895831213971107e+01
2.363293370607118504e+01
1.318821022310794433e+01
1.791907735720043604e+01
1.984495457848725408e+01
1.087627387175099436e+01
1.382204358584101911e+01
1.813210780172380510e+01
1.509378091209164907e+01
1.371552243101062274e+01
1.518186052132244157e+01
1.172272247484440832e+01
1.504954779682396016e+01
1.141032670678432304e+01
1.428130090557423948e+01
1.809849594733096723e+01
1.222274746346154117e+01
1.277427971441921351e+01
1.037304198391195165e+01
1.399841260841941448e+01
9.727395449051211784e+00
1.172727116122454483e+01
1.804759140593435163e+01
2.676282662367503207e+01
3.303224014336431225e+01
2.074544126629590934e+01
7.611103000806708430e+00
1.701946597934912475e+01
1.378823975551468095e+01
2.906697247545552187e+01
1.147635249836230287e+01
1.219653867109662926e+01
2.638551791334700525e+01
1.567077960196407460e+01
7.903304512811221372e+00
1.846606497214703069e+01
1.239067749918820560e+01
1.267543556122102899e+01
1.582684077410551460e+01
3.188702278705590132e+01
8.670768260207525557e+00
2.115298770596931277e+01
1.797207710743406039e+01
1.473227748856231578e+01
1.286442122030110369e+01
2.263762845843668003e+01
1.300700665880594364e+01
2.679601960490898804e+01
1.943147503979618662e+01
9.264987857520376124e+00
1.729148795088368118e+01
1.807465997836012761e+01
2.417068932037773266e+01
1.878581024780849873e+01
1.541370241772632177e+01
9.548938277223401272e+00
2.468053664102320255e+01
1.932413574321558869e+01
1.822257452233965225e+01
1.421173224252882328e+01
1.146976702272350224e+01
2.678357705759258778e+01
1.800814630475144895e+01
1.119801569723652257e+01
6.770524351924303907e+00
1.405607816331900395e+01
1.529211852193439114e+01
2.235908962567324565e+01
1.306734692106839191e+01
2.045113417121136123e+01
1.585265487754863933e+01
1.736996129977138281e+01
1.189771219838316441e+01
9.048020041239224653e+00
8.803029781463500569e+00
1.996997746618658454e+01
1.152774431052705495e+01
2.104492549021946246e+01
1.962877706045103920e+01
1.412169331993235843e+01
1.247112219845868175e+01
1.486591926372384087e+01
8.554141297250900777e+00
1.385063175454462936e+01
1.552574922149939063e+01
2.661244487494943201e+01
1.603274427192328488e+01
1.557719130295602739e+01
1.951569169212872623e+01
1.686811587976954030e+01
2.447983296965529121e+01
1.515343745381445473e+01
2.125234627569911794e+01
2.561770221285794236e+01
1.221292575739145114e+01
1.795352023668029773e+01
1.389324376170742248e+01
1.668132688567269284e+01
2.785310674871935532e+01
2.488873015822399992e+01
1.851413874133315574e+01
1.168474789344354292e+01
7.713192162349731262e+00
1.295565084775322617e+01
1.840217378463750819e+01
1.246577536920810658e+01
2.085718634481224143e+01
2.832541065702118033e+01
1.669597423199843078e+01
1.726988387016221083e+01
1.668079401254295391e+01
1.321447018318261080e+01
1.081274967598693415e+01
1.100424160645945371e+01
1.525778489820852180e+01
1.754486312919602398e+01
2.541967741730803709e+01
1.369282050321749189e+01
2.691765220073994413e+01
1.891900866559580052e+01
1.933379309798145584e+01
2.703528558507690249e+01
1.530083512608235274e+01
1.464452874701751206e+01
1.644870815596167191e+01
1.517834715053724537e+01
1.309893973656731525e+01
6.691952048709122636e+00
2.067784643847935655e+01
1.068124004453082598e+01
2.440072858657207178e+01
1.998821875227727318e+01
1.657253417220459113e+01
1.571354688017811974e+01
1.589633081353471589e+01
2.859805743208599793e+01
2.803680121237482581e+01
1.938384206841701740e+01
2.540043744155250138e+01
1.799950616606528797e+01
1.199370205103031672e+01
2.199050300066422636e+01
1.279166395222555330e+01
1.547327445055578110e+01
2.212529974687097933e+01
1.872562118833148403e+01
1.519502842672197396e+01
1.606569844938795910e+01
1.318686214887125097e+01
1.053755189785559132e+01
1.673001295078199746e+01
1.550254459399775087e+01
1.501317939530316536e+01
1.026450193628507179e+01
1.585966231951011274e+01
1.617350370891298894e+01
1.092682733255886873e+01
1.536315939729412250e+01
1.813529401164725741e+01
2.026973660959170331e+01
7.844035242710787337e+00
1.777138774047266523e+01
2.141712710270295261e+01
1.963941614882343245e+01
1.600610994450417834e+01
1.187640050220978871e+01
1.505456741324705128e+01
9.613878856458857314e+00
1.855370582929458578e+01
1.108672880319328335e+01
1.887502759379881567e+01
2.045439371436421538e+01
2.466576574931335841e+01
3.558626451627400655e+01
1.240788279907396330e+01
3.431319797913851488e+01
1.440771398321823504e+01
2.587577159343380018e+01
1.570336128208083970e+01
7.710310557227177952e+00
2.141339144865505162e+01
2.038125500442884075e+01
1.702468795602433360e+01
1.675974011996871482e+01
1.169881285525254633e+01
1.430710779065193705e+01
2.193161087461556136e+01
2.740429812192889258e+01
1.463542126334447424e+01
1.916176748980462108e+01
1.012236248225789481e+01
1.190331419768834209e+01
1.760252507138930156e+01
2.027434065238346861e+01
1.273664878302853332e+01
1.677246420641747804e+01
1.976933652570734523e+01
1.877042591122771853e+01
1.604078136085230000e+01
2.123665594097986897e+01
2.300685888068067797e+01
2.314360962915393216e+01
2.608822637811078593e+01
2.083159992788733206e+01
1.182013348298383448e+01
1.198777154715031656e+01
1.645465148690653834e+01
3.198958163736020666e+01
2.891935146037837612e+01
1.561566165389378824e+01
1.860035841948571900e+01
3.597740031371545655e+01
9.024411338142781958e+00
1.542667242869382527e+01
1.177568115510379521e+01
3.311931292899792112e+01
1.117656277911753904e+01
2.974887486201042108e+01
2.019196759990357037e+01
1.038888294711654225e+01
2.744853770644662561e+01
3.314305692331686259e+01
2.014238207252448021e+01
1.242148676018025455e+01
3.861813045707935288e+01
1.115626381107144027e+01
2.306743736670085454e+01
2.018073889187961001e+01
2.039542432344405398e+01
1.237201142363951512e+01
1.470993617328852388e+01
2.006943502498817722e+01
1.170564915851411492e+01
2.121697433660133925e+01
1.404025957341561792e+01
1.421016850318422264e+01
3.638839863961528920e+01
1.551715896104123260e+01
1.670715083097320885e+01
9.492921339374699841e+00
1.907831811827819735e+01
3.407403703701690745e+01
9.821518325708211705e+00
1.567446614366463642e+01
2.577768199215920220e+01
2.733934893153090329e+01
2.204742363381465253e+01
2.359227745588703229e+01
1.970606223700942650e+01
2.795822280156988526e+01
1.700143784769067423e+01
1.804611377062170519e+01
2.099417908744124972e+01
2.063287560073863247e+01
2.285276545385456970e+01
2.108986064966343577e+01
2.030325644378807937e+01
3.227355298417300844e+01
1.656851096373948451e+01
2.352719466678696136e+01
2.175765510241293654e+01
1.554977670436317005e+01
2.029274637784534718e+01
1.484078464532414543e+01
1.818717496845877335e+01
1.594992162990150852e+01
2.465765601187590406e+01
3.606451010188393980e+01
2.299623157534005102e+01
1.941087896573007399e+01
2.270741435449370371e+01
2.453152167223948510e+01
1.360228738934089066e+01
2.114226940410029698e+01
1.319427485271126521e+01
1.004567347446429615e+01
1.184267237108621984e+01
2.205709762311341748e+01
1.582066159594260668e+01
1.670794887338226431e+01
1.959138132501693264e+01
2.353626044119064531e+01
1.663249830903343351e+01
1.731973825822241864e+01
1.689891515255737886e+01
2.127220408577039379e+01
1.063453493733192445e+01
2.354702151488001505e+01
1.426978159141430780e+01
2.050972668976573487e+01
1.822623262102059982e+01
2.347329451857057947e+01
1.813088218727618539e+01
1.520906162639745318e+01
4.064622437023586343e+01
3.779570816317053072e+01
1.852733715951168136e+01
1.184267237108621806e+01
2.031376107196520309e+01
1.383329317263246594e+01
9.168545262047967270e+00
1.840241530041339146e+01
1.096337336569158083e+01
2.401888146160571225e+01
1.419483474131817324e+01
1.457242449133141093e+01
2.945474872108438902e+01
3.766849553082198554e+01
2.362108286162079196e+01
1.815048208726148360e+01
1.744196726926817220e+01
1.848194313978436298e+01
1.058804357124897066e+01
2.696285510763939186e+01
2.344013651837377665e+01
2.908577353659727294e+01
1.802541415767070987e+01
3.248274755757106647e+01
2.500631031470967258e+01
9.322851256753780902e+00
1.710308614126572024e+01
2.434967487804851416e+01
2.252346924136392303e+01
2.026447356555035029e+01
1.503861695768597073e+01
1.000977300219917687e+01
2.658621196535276709e+01
2.290812568112507464e+01
1.002308446648147289e+01
2.385083273645224722e+01
2.034917415741702484e+01
2.222571083727632413e+01
1.557975894835632147e+01
1.839371873463571561e+01
2.286151545477440195e+01
1.816027410463717473e+01
1.093130062404896918e+01
1.688312767232422473e+01
1.862328291861203056e+01
2.480179204994850650e+01
2.306184920792105331e+01
1.758964341752144733e+01
1.728454672693373340e+01
1.920717458543956724e+01
1.885382366170498258e+01
1.981312696168880905e+01
2.809317829414583656e+01
2.504360641405750698e+01
3.026872239714711910e+01
1.138810295391154526e+01
3.206964643120068104e+01
3.487055427657489304e+01
1.708358536399455119e+01
2.266764703762219568e+01
2.601145047004406408e+01
2.105759298263270551e+01
1.527816161133996786e+01
1.867071384697316816e+01
1.599916664496414853e+01
1.483689095913740630e+01
2.003485851099416948e+01
1.550426464629078183e+01
1.770498988044518995e+01
1.458157132212513751e+01
1.763657815135603002e+01
2.387690655563795517e+01
2.503331114069144903e+01
1.486322830193883249e+01
2.081495189094181342e+01
6.385400013572628986e+00
1.577705788655018893e+01
1.997287048862920855e+01
2.070254949409747525e+01
3.290930297381307668e+01
1.447511274183689878e+01
1.754916902116260502e+01
2.341756226045362865e+01
1.212087272252107972e+01
1.637016255943178322e+01
1.206095629154946636e+01
1.787313315814798287e+01
1.799506105080564211e+01
1.703643155123748443e+01
3.219081994744602326e+01
1.837703881357264635e+01
2.126802503498829466e+01
1.976011695871818930e+01
2.610202205875160786e+01
3.560798911605215977e+01
3.439999999999999858e+01
2.551200153304758445e+01
2.668532680456933193e+01
1.563102328348623793e+01
1.886089428774079479e+01
1.818790807102345042e+01
1.077528035211458679e+01
1.758863269273652108e+01
2.251221890440833562e+01
2.282532706349583762e+01
2.082370444149327326e+01
1.482280525256793524e+01
1.470540339089305171e+01
2.082562524071406429e+01
8.706064297692474696e+00
1.979854091144653694e+01
2.233442783387715735e+01
4.472583146236635798e+01
2.397350389260795467e+01
2.517194205194876488e+01
