1.973333333333333428e+01
2.013333333333333286e+01
2.053333333333333499e+01
1.760000000000000142e+01
1.786666666666666714e+01
1.993333333333333357e+01
1.839999999999999858e+01
2.153333333333333499e+01
2.126666666666666572e+01
2.673333333333333428e+01
2.313333333333333286e+01
1.739999999999999858e+01
1.973333333333333428e+01
1.926666666666666572e+01
1.586666666666666714e+01
2.200000000000000000e+01
2.286666666666666714e+01
1.746666666666666501e+01
2.106666666666666643e+01
2.146666666666666501e+01
2.106666666666666643e+01
2.153333333333333499e+01
2.446666666666666501e+01
1.813333333333333286e+01
2.213333333333333286e+01
1.900000000000000000e+01
2.400000000000000000e+01
1.793333333333333357e+01
2.060000000000000142e+01
1.900000000000000000e+01
1.673333333333333428e+01
1.806666666666666643e+01
2.413333333333333286e+01
2.280000000000000071e+01
1.866666666666666785e+01
2.019999999999999929e+01
1.993333333333333357e+01
2.093333333333333357e+01
1.746666666666666501e+01
2.080000000000000071e+01
1.580000000000000071e+01
1.953333333333333499e+01
1.773333333333333428e+01
2.613333333333333286e+01
2.753333333333333499e+01
2.906666666666666643e+01
2.239999999999999858e+01
2.880000000000000071e+01
2.906666666666666643e+01
3.679999999999999716e+01
3.660000000000000142e+01
2.700000000000000000e+01
3.026666666666666572e+01
2.753333333333333499e+01
2.933333333333333215e+01
2.339999999999999858e+01
3.406666666666666998e+01
2.819999999999999929e+01
3.306666666666666998e+01
2.639999999999999858e+01
2.746666666666666501e+01
2.786666666666666714e+01
2.593333333333333357e+01
3.046666666666666501e+01
2.993333333333333357e+01
2.606666666666666643e+01
2.733333333333333215e+01
3.053333333333333499e+01
2.226666666666666572e+01
3.019999999999999929e+01
2.906666666666666643e+01
4.366666666666666430e+01
4.493333333333333002e+01
2.580000000000000071e+01
2.946666666666666501e+01
3.373333333333333428e+01
3.213333333333333286e+01
3.386666666666666714e+01
3.046666666666666501e+01
3.506666666666666998e+01
4.439999999999999858e+01
3.993333333333333002e+01
5.446666666666666856e+01
3.793333333333333002e+01
4.973333333333333428e+01
4.453333333333333144e+01
3.639999999999999858e+01
6.213333333333333286e+01
5.320000000000000284e+01
6.773333333333333428e+01
5.746666666666666856e+01
6.859999999999999432e+01
4.520000000000000284e+01
6.540000000000000568e+01
5.873333333333333428e+01
5.439999999999999858e+01
9.086666666666666003e+01
5.153333333333333144e+01
8.026666666666666572e+01
5.539999999999999858e+01
6.286666666666666714e+01
8.179999999999999716e+01
5.026666666666666572e+01
5.306666666666666998e+01
5.693333333333333002e+01
7.679999999999999716e+01
6.459999999999999432e+01
5.260000000000000142e+01
7.066666666666667140e+01
6.579999999999999716e+01
9.486666666666666003e+01
8.020000000000000284e+01
8.559999999999999432e+01
9.973333333333333428e+01
1.135333333333333314e+02
7.100000000000000000e+01
1.003333333333333286e+02
1.044000000000000057e+02
8.379999999999999716e+01
9.253333333333333144e+01
1.175333333333333314e+02
1.394666666666666686e+02
1.059333333333333371e+02
1.220666666666666629e+02
1.262666666666666657e+02
1.644666666666666686e+02
1.520000000000000000e+02
1.101333333333333400e+02
1.635999999999999943e+02
1.370000000000000000e+02
1.608000000000000114e+02
1.591999999999999886e+02
1.610666666666666629e+02
1.631999999999999886e+02
1.725999999999999943e+02
1.748666666666666742e+02
1.691999999999999886e+02
1.792666666666666799e+02
1.888666666666666742e+02
1.764666666666666686e+02
1.703333333333333428e+02
1.893333333333333428e+02
1.922666666666666799e+02
2.131333333333333258e+02
1.991999999999999886e+02
2.114000000000000057e+02
1.960666666666666629e+02
1.969333333333333371e+02
1.904000000000000057e+02
1.924000000000000057e+02
2.092666666666666799e+02
2.111333333333333258e+02
1.991999999999999886e+02
1.898000000000000114e+02
2.125333333333333314e+02
2.091999999999999886e+02
2.297333333333333201e+02
2.062666666666666799e+02
2.118666666666666742e+02
2.480000000000000000e+02
2.090666666666666629e+02
2.186666666666666572e+02
2.246666666666666572e+02
2.170000000000000000e+02
2.240000000000000000e+02
2.100000000000000000e+02
2.256666666666666572e+02
2.011999999999999886e+02
1.970666666666666629e+02
2.231333333333333258e+02
2.008666666666666742e+02
2.290666666666666629e+02
2.348666666666666742e+02
2.661999999999999886e+02
2.140666666666666629e+02
2.292666666666666799e+02
2.092666666666666799e+02
2.056666666666666572e+02
2.303333333333333428e+02
2.344000000000000057e+02
2.055333333333333314e+02
2.254666666666666686e+02
2.016666666666666572e+02
2.234000000000000057e+02
2.092666666666666799e+02
2.509333333333333371e+02
2.135999999999999943e+02
2.356666666666666572e+02
2.331333333333333258e+02
2.322666666666666799e+02
2.343333333333333428e+02
2.225333333333333314e+02
2.261999999999999886e+02
1.974000000000000057e+02
2.354666666666666686e+02
2.137333333333333201e+02
2.490000000000000000e+02
2.311999999999999886e+02
2.126666666666666572e+02
2.141333333333333258e+02
2.232666666666666799e+02
2.241333333333333258e+02
2.124000000000000057e+02
2.199333333333333371e+02
2.145333333333333314e+02
2.301333333333333258e+02
2.025333333333333314e+02
2.183333333333333428e+02
2.095333333333333314e+02
2.178666666666666742e+02
2.244000000000000057e+02
2.211333333333333258e+02
2.111333333333333258e+02
2.020000000000000000e+02
2.073333333333333428e+02
2.180000000000000000e+02
2.076666666666666572e+02
2.158666666666666742e+02
2.232666666666666799e+02
1.945999999999999943e+02
2.145333333333333314e+02
2.275333333333333314e+02
2.180666666666666629e+02
2.258000000000000114e+02
2.083333333333333428e+02
2.353333333333333428e+02
2.098000000000000114e+02
2.185333333333333314e+02
2.165999999999999943e+02
2.162666666666666799e+02
2.268666666666666742e+02
2.240666666666666629e+02
2.281333333333333258e+02
2.146666666666666572e+02
2.218000000000000114e+02
2.032666666666666799e+02
2.152666666666666799e+02
2.009333333333333371e+02
2.168000000000000114e+02
2.139333333333333371e+02
2.240666666666666629e+02
2.158000000000000114e+02
2.231333333333333258e+02
2.140000000000000000e+02
2.163333333333333428e+02
2.271999999999999886e+02
2.127333333333333201e+02
2.094666666666666686e+02
2.152666666666666799e+02
2.395999999999999943e+02
2.354666666666666686e+02
2.003333333333333428e+02
2.078000000000000114e+02
2.294666666666666686e+02
2.490000000000000000e+02
2.275333333333333314e+02
2.320666666666666629e+02
2.071999999999999886e+02
2.162666666666666799e+02
2.144000000000000057e+02
2.078666666666666742e+02
2.050000000000000000e+02
2.109333333333333371e+02
2.158000000000000114e+02
2.042666666666666799e+02
2.245999999999999943e+02
1.990666666666666629e+02
2.197333333333333201e+02
2.148666666666666742e+02
2.161999999999999886e+02
2.104666666666666686e+02
2.121999999999999886e+02
2.128666666666666742e+02
2.100666666666666629e+02
2.161333333333333258e+02
2.047333333333333201e+02
2.271333333333333258e+02
2.014000000000000057e+02
2.123333333333333428e+02
2.091333333333333258e+02
1.994666666666666686e+02
2.338000000000000114e+02
2.010666666666666629e+02
2.251999999999999886e+02
2.170000000000000000e+02
2.099333333333333371e+02
2.218000000000000114e+02
2.034000000000000057e+02
2.216666666666666572e+02
2.120000000000000000e+02
2.274666666666666686e+02
2.108666666666666742e+02
2.107333333333333201e+02
2.116666666666666572e+02
1.961999999999999886e+02
2.015333333333333314e+02
2.100000000000000000e+02
2.071999999999999886e+02
1.957333333333333201e+02
2.133333333333333428e+02
2.135333333333333314e+02
2.247333333333333201e+02
2.148666666666666742e+02
2.257333333333333201e+02
2.142666666666666799e+02
2.190000000000000000e+02
2.204666666666666686e+02
2.165333333333333314e+02
1.988666666666666742e+02
2.203333333333333428e+02
2.095999999999999943e+02
2.005999999999999943e+02
2.026666666666666572e+02
2.050666666666666629e+02
1.926666666666666572e+02
2.027333333333333201e+02
2.268000000000000114e+02
2.175999999999999943e+02
2.230000000000000000e+02
2.171999999999999886e+02
1.990000000000000000e+02
1.823333333333333428e+02
2.028666666666666742e+02
2.078666666666666742e+02
2.191333333333333258e+02
2.116666666666666572e+02
1.940666666666666629e+02
2.171999999999999886e+02
2.115999999999999943e+02
1.923333333333333428e+02
1.961333333333333258e+02
1.861333333333333258e+02
2.024000000000000057e+02
1.869333333333333371e+02
1.922666666666666799e+02
2.018666666666666742e+02
1.911333333333333258e+02
2.145999999999999943e+02
1.897333333333333201e+02
1.896666666666666572e+02
1.898000000000000114e+02
1.988666666666666742e+02
2.016666666666666572e+02
1.798666666666666742e+02
1.771333333333333258e+02
1.851333333333333258e+02
1.999333333333333371e+02
1.809333333333333371e+02
1.858666666666666742e+02
1.878666666666666742e+02
1.858666666666666742e+02
1.938666666666666742e+02
1.822666666666666799e+02
1.858666666666666742e+02
2.018000000000000114e+02
1.910666666666666629e+02
2.059333333333333371e+02
2.201333333333333258e+02
2.219333333333333371e+02
1.914000000000000057e+02
1.830000000000000000e+02
1.898666666666666742e+02
2.066666666666666572e+02
1.797333333333333201e+02
1.829333333333333371e+02
1.894000000000000057e+02
1.891999999999999886e+02
1.945333333333333314e+02
1.865999999999999943e+02
1.981333333333333258e+02
2.044000000000000057e+02
2.038666666666666742e+02
2.065333333333333314e+02
2.049333333333333371e+02
1.871999999999999886e+02
1.955333333333333314e+02
1.849333333333333371e+02
1.937333333333333201e+02
1.885333333333333314e+02
1.833333333333333428e+02
1.865999999999999943e+02
2.103333333333333428e+02
1.869333333333333371e+02
1.886666666666666572e+02
2.028000000000000114e+02
1.778000000000000114e+02
1.869333333333333371e+02
1.848666666666666742e+02
1.780666666666666629e+02
1.941999999999999886e+02
2.023333333333333428e+02
1.810666666666666629e+02
1.918000000000000114e+02
1.889333333333333371e+02
1.824666666666666686e+02
1.751999999999999886e+02
1.811999999999999886e+02
1.792666666666666799e+02
1.788666666666666742e+02
1.754666666666666686e+02
1.854000000000000057e+02
1.944000000000000057e+02
1.763333333333333428e+02
2.005999999999999943e+02
1.892666666666666799e+02
1.831333333333333258e+02
2.025333333333333314e+02
2.097333333333333201e+02
1.891999999999999886e+02
1.847333333333333201e+02
1.928666666666666742e+02
1.877333333333333201e+02
1.977333333333333201e+02
2.125999999999999943e+02
1.893333333333333428e+02
1.893333333333333428e+02
1.845333333333333314e+02
1.884000000000000057e+02
1.920000000000000000e+02
2.074666666666666686e+02
1.778000000000000114e+02
2.005999999999999943e+02
1.811999999999999886e+02
1.988666666666666742e+02
1.912666666666666799e+02
1.836666666666666572e+02
1.791333333333333258e+02
1.742666666666666799e+02
1.784000000000000057e+02
1.832666666666666799e+02
1.926666666666666572e+02
1.934000000000000057e+02
1.860666666666666629e+02
1.751999999999999886e+02
1.820000000000000000e+02
1.794666666666666686e+02
1.904000000000000057e+02
1.830000000000000000e+02
1.914666666666666686e+02
1.874000000000000057e+02
1.881333333333333258e+02
2.307333333333333201e+02
2.184000000000000057e+02
2.013333333333333428e+02
2.226666666666666572e+02
2.285999999999999943e+02
2.018000000000000114e+02
2.320000000000000000e+02
2.061999999999999886e+02
2.368000000000000114e+02
2.347333333333333201e+02
2.048666666666666742e+02
2.032666666666666799e+02
2.192666666666666799e+02
2.215333333333333314e+02
1.828000000000000114e+02
2.057333333333333201e+02
2.111999999999999886e+02
2.093333333333333428e+02
2.181999999999999886e+02
2.103333333333333428e+02
1.896666666666666572e+02
1.987333333333333201e+02
2.138000000000000114e+02
2.235333333333333314e+02
1.948666666666666742e+02
2.212666666666666799e+02
2.262666666666666799e+02
2.110000000000000000e+02
2.311333333333333258e+02
2.136666666666666572e+02
2.144000000000000057e+02
2.281999999999999886e+02
2.192666666666666799e+02
2.170000000000000000e+02
2.215999999999999943e+02
2.112666666666666799e+02
2.178000000000000114e+02
2.032666666666666799e+02
2.246666666666666572e+02
2.128666666666666742e+02
2.171999999999999886e+02
2.107333333333333201e+02
2.065999999999999943e+02
2.064000000000000057e+02
2.159333333333333371e+02
2.224000000000000057e+02
2.213333333333333428e+02
2.002666666666666799e+02
2.258666666666666742e+02
1.851333333333333258e+02
1.935333333333333314e+02
1.894000000000000057e+02
1.897333333333333201e+02
1.875999999999999943e+02
1.896666666666666572e+02
1.725999999999999943e+02
1.735333333333333314e+02
1.874000000000000057e+02
1.723333333333333428e+02
