9.219303420300015262e+00
1.042987163018904084e+01
1.323060425259893158e+01
6.053098380168622228e+00
8.770151398667845655e+00
6.597642676660269601e+00
1.183103264019389478e+01
1.049359593064053264e+01
1.122774341629796169e+01
1.912229646831735153e+01
9.408270593236332857e+00
5.607138307550473932e+00
8.955197125443724815e+00
1.213516469695496980e+01
6.810449487531805346e+00
1.094227276818364381e+01
1.162678899018220946e+01
5.044689176638030403e+00
1.560541216658146979e+01
9.756137669294249193e+00
7.028197176769841015e+00
1.105662194745252513e+01
9.932214702113968841e+00
7.365384503804868643e+00
1.049359593064053264e+01
8.016649341630619929e+00
1.048808848170151542e+01
8.590433956183794351e+00
1.078764725662335167e+01
8.181279443542637253e+00
6.816320284598003099e+00
1.026623375710662245e+01
1.901180919557339166e+01
1.213369962817057335e+01
9.713678785895464074e+00
8.997777503361593432e+00
7.877957998251971183e+00
9.636504668302828591e+00
1.116462667933365616e+01
1.087627387175099258e+01
5.062278801751901369e+00
7.437442810237640423e+00
1.475789807376225049e+01
1.464634956415951450e+01
1.535737246044677384e+01
1.780811300752802495e+01
8.515084654110413709e+00
1.495860956105212480e+01
1.374271524198264949e+01
2.149480557406059944e+01
2.119685511264976796e+01
8.981462390204987045e+00
2.121152726441188818e+01
1.144183357489330000e+01
1.684306649303768921e+01
1.183666619731530112e+01
3.178567112534969041e+01
1.747836758205220420e+01
3.547481109494766827e+01
1.610300179055652592e+01
1.607012410931816149e+01
1.264313603853446111e+01
9.102868900639085936e+00
1.855035189842919152e+01
1.908041462395988219e+01
1.996151853497680051e+01
1.893380281108073859e+01
2.311382462702546547e+01
1.447511274183689700e+01
2.065978380009497428e+01
1.212966977658043710e+01
4.032644569289763581e+01
5.509684403141636722e+01
8.619358058076793228e+00
1.039786302831286235e+01
2.121466997674539101e+01
1.666879986348413922e+01
2.349146417081934501e+01
2.025789283766261306e+01
2.239484067567547854e+01
3.303694901167479259e+01
3.942159588629336753e+01
4.862080030421365251e+01
3.263222674323991157e+01
4.582207134364642087e+01
2.486192984375017190e+01
1.534839839635827730e+01
5.296019469584890516e+01
4.609728842350708078e+01
6.563379888103045801e+01
3.792249405769028670e+01
9.583235361818053377e+01
3.046790661225896102e+01
4.069529047281351808e+01
4.458470091360438659e+01
3.903297751047610120e+01
1.066782493711294961e+02
3.210164412542690116e+01
6.630481799152222777e+01
4.058866836938604905e+01
6.273528158505033048e+01
8.919431969955634543e+01
3.135488620436835561e+01
4.639463570524315372e+01
6.257205624096287977e+01
5.669473814502836007e+01
4.273296931722234859e+01
4.914983892818639788e+01
6.155720013848005578e+01
1.000114660093198182e+02
6.746541500815229142e+01
5.561438662792209442e+01
5.434801437648542333e+01
9.948364466361068992e+01
8.913799539041822584e+01
5.758124694724837411e+01
7.741633476785689538e+01
8.163397985316326810e+01
8.342517605615225307e+01
1.017518986991834424e+02
9.952545179779670548e+01
9.044915084669888472e+01
7.342521516633249234e+01
7.877348679741314186e+01
7.244443081117799466e+01
1.115334728032600822e+02
1.034253353874184853e+02
7.901381032593114639e+01
8.361164193260808020e+01
7.011419257183241882e+01
1.026464482256124313e+02
1.126535692584423458e+02
8.217580070934643288e+01
1.151359775801349343e+02
7.985637106706013810e+01
7.219682972417987799e+01
8.531213278309246562e+01
7.542101092460170264e+01
6.053524226064975267e+01
9.059276399850536166e+01
9.152971587899138228e+01
8.688434202368623005e+01
7.967221737985093455e+01
9.970012816218219598e+01
7.162327368483887824e+01
9.485624210702565051e+01
9.604267569968860130e+01
1.050279116341090742e+02
7.923534564826482551e+01
8.778747063220355074e+01
1.064314907450902012e+02
1.104824973569217548e+02
7.316574790615256063e+01
7.812997717479080961e+01
1.103309365298580076e+02
9.309507684799091010e+01
1.059902301577314745e+02
7.642902299228713048e+01
1.012119009251821637e+02
1.167018994418399984e+02
7.943506082888643505e+01
7.715323857248131389e+01
8.024517984831791750e+01
7.157839525070862408e+01
6.940893314264381786e+01
9.155399135664885080e+01
6.485950628516651761e+01
5.032189715554584808e+01
7.569189006903066286e+01
8.151144432259530959e+01
5.753012737301695978e+01
7.116128785293931003e+01
6.968009439973195640e+01
9.261619728751553282e+01
7.442174114837381182e+01
9.944678085399358736e+01
6.275504406464515483e+01
7.020129786707808250e+01
7.563038777869353169e+01
1.073684000687973992e+02
4.879462629793936657e+01
8.538607744955979229e+01
7.780459855018567339e+01
5.024181525383014701e+01
4.966214744540240389e+01
9.406484760820885072e+01
6.781917133082650651e+01
8.124175171808040830e+01
9.435172965499300801e+01
5.579661479177945438e+01
8.027009959436259123e+01
6.378491636394575437e+01
6.422377545219008255e+01
9.742675881570387730e+01
7.910740940153597478e+01
5.093324607322367825e+01
1.024135407713908279e+02
5.162841594832571701e+01
5.495290913338639882e+01
9.131182228435093862e+01
7.961111033573699558e+01
6.885624316082183327e+01
7.451335450776593916e+01
8.151438864124268946e+01
7.957375335009793105e+01
8.696732464296896126e+01
5.427076151626726386e+01
6.529999149225740496e+01
4.776451495502585232e+01
7.407641699998424656e+01
6.959099558611492853e+01
7.887362606656860464e+01
4.031850967263326879e+01
5.803447251418763386e+01
6.800457500949640632e+01
5.634418041525376708e+01
5.929886639351173727e+01
8.239487578457507766e+01
6.764462695259362590e+01
4.128244178824697030e+01
5.571339356225055894e+01
8.482363402312405753e+01
5.361152446587912124e+01
6.803744067300984000e+01
3.926943963044148944e+01
8.614225959939109600e+01
5.948131359230953308e+01
5.979951690626122485e+01
5.788125776104040909e+01
5.453129580545672184e+01
6.260869659151904187e+01
9.274730304554533689e+01
6.546334003767977094e+01
5.682448611489787993e+01
4.982395675442353422e+01
3.937252284976866434e+01
4.956943502692853087e+01
4.405067788606915968e+01
8.498250800409850569e+01
5.403636635534341082e+01
6.325869285894407312e+01
6.471393461483650356e+01
8.912752411884643777e+01
5.643521359340578414e+01
6.701508951140947090e+01
6.173945254049472453e+01
4.748538956586775583e+01
9.084555881029932323e+01
5.967854630341534516e+01
8.367779474468321155e+01
7.804517210493477819e+01
4.596617113583520364e+01
5.890240515745798433e+01
7.061432023479531495e+01
9.314003793571627909e+01
6.405296419543924458e+01
8.164187378763152481e+01
6.995255535003707337e+01
5.570812827187389615e+01
8.214523723259920018e+01
6.143600102726594514e+01
4.720451955762993634e+01
5.043076662338400240e+01
6.506222662446570837e+01
5.060101009092824853e+01
6.825227712928949586e+01
4.851593094598469236e+01
8.616996125229616155e+01
6.347899040014910810e+01
5.356765193037056605e+01
7.505541656373345916e+01
5.617259118110896310e+01
5.254695254933650261e+01
4.255109347073886283e+01
6.128933204255225320e+01
5.364757424359672200e+01
7.738722260310304080e+01
5.082492826687838772e+01
6.718101583698246770e+01
5.250887755629729980e+01
4.752524475359268052e+01
9.519467772237409520e+01
4.460562993863243264e+01
8.539726771585455367e+01
6.988562083862458962e+01
5.170488908754718693e+01
7.336502345577670781e+01
4.114170633311165659e+01
8.444774847337390611e+01
5.792408825350641166e+01
8.389745063005324255e+01
5.833565709657249698e+01
4.792559047338094302e+01
5.156570781267549108e+01
3.437673631978463362e+01
4.417218833408893630e+01
5.623403477136125872e+01
4.720480201561419165e+01
4.411721760139559478e+01
4.847358960185318466e+01
6.045148651788657190e+01
8.160266880167311854e+01
7.725012765181830332e+01
8.997737987343755606e+01
5.790620768871752944e+01
8.800075757249668129e+01
9.176336717642587359e+01
7.761345816859912361e+01
6.326227592772453789e+01
6.241545392680316695e+01
4.958870839213297899e+01
4.769039036675348342e+01
5.217364170621875274e+01
6.335452277111362918e+01
3.874991039416163119e+01
4.773603344318512853e+01
7.282783350706880299e+01
9.518179097565527513e+01
8.231970197548903911e+01
5.792546935502551264e+01
3.657139136902869581e+01
6.354176229501000961e+01
5.868431552713969523e+01
6.080116957939397082e+01
6.789095832452375134e+01
7.376690013519312572e+01
3.786197153990912767e+01
6.312125896505339284e+01
5.412430138117257883e+01
4.803563492056935758e+01
6.667319967989803331e+01
5.017684282171961030e+01
5.550111109998910308e+01
4.991922364068665274e+01
4.251347498800299007e+01
5.326896115208388238e+01
5.436158774559682172e+01
6.218767294783321375e+01
7.376310429717253214e+01
3.869826295269020733e+01
4.170883199835097344e+01
5.588424544439057939e+01
7.144943822187983073e+01
4.006306140185606068e+01
4.688406504939131025e+01
6.014855683130634389e+01
6.906081056254376449e+01
4.616270741145449108e+01
5.026180347827651218e+01
6.391960227939122774e+01
4.989704956764033028e+01
9.112618845437474135e+01
4.114926757819903713e+01
7.595864371851011754e+01
6.133644919621611535e+01
6.663679330686780133e+01
9.181246586868739712e+01
1.188909117169554293e+02
1.130271157240106277e+02
6.573563214371132801e+01
4.852628153897638441e+01
7.078782067245435883e+01
8.906751496602015550e+01
5.841057742871196012e+01
5.641331600094274279e+01
3.935784546948676876e+01
3.447743223230717291e+01
3.814859834326230725e+01
3.860189978053757187e+01
4.850823526875502267e+01
4.623101412111426356e+01
4.042419517511208227e+01
6.079020388918669227e+01
6.101526220727254923e+01
3.489641815430346128e+01
3.381097783593698836e+01
3.011415318786537298e+01
6.547311577196315113e+01
3.392318119254476017e+01
3.508592626997643293e+01
3.818865451064404226e+01
5.845416057808792942e+01
3.680301919981867798e+01
3.961761673240271620e+01
7.025591315564359718e+01
2.970117842779979966e+01
3.634917086017536292e+01
4.945148014861525354e+01
2.866232525265333209e+01
6.377585750109519580e+01
4.953741571333284099e+01
3.998910962860874463e+01
8.438894082362530469e+01
3.623712031727809801e+01
2.321742640537251390e+01
2.658621196535276709e+01
2.419972451633833543e+01
3.266693877437690219e+01
3.152748360117283966e+01
2.992627979255394166e+01
4.430771189458256032e+01
4.305469389818799186e+01
3.401698921944085896e+01
6.957566624426483770e+01
4.377284800218306771e+01
3.736998201171035561e+01
8.649151531926251835e+01
8.801701855638803806e+01
4.034055031850706285e+01
3.883549350215026408e+01
3.613837603188918024e+01
4.143503616774362541e+01
6.173434124447177851e+01
9.824852840288924938e+01
3.993272119731163627e+01
4.956028876249836657e+01
3.619920195559872411e+01
3.774793592591079516e+01
3.634097778908358833e+01
7.507673111927259413e+01
3.192532954671990453e+01
5.239949109167632457e+01
3.029455396601838046e+01
6.334757734559038767e+01
4.411872870133750268e+01
3.737140915489035109e+01
3.670034816668032107e+01
2.573575118174888132e+01
2.666533329999833413e+01
4.482330742915886646e+01
4.390241704305381631e+01
4.516458789804242713e+01
3.610441647345777483e+01
2.744254604320330770e+01
2.853769437077914972e+01
2.990399453064571489e+01
4.092562359533042837e+01
3.594254674708884068e+01
4.508638621826129622e+01
3.264924705614715350e+01
4.284991896789952648e+01
1.035081102565827251e+02
1.078911797445308736e+02
6.371150253726210622e+01
1.078113578844496772e+02
1.137282140309372096e+02
7.530666194523119827e+01
1.185000703234671704e+02
6.820087975972157324e+01
1.034544666346826460e+02
9.759813295117665177e+01
8.003071632539318614e+01
7.084016437649540876e+01
9.482156341723590742e+01
8.906092795883550650e+01
4.992020299104027714e+01
8.266838707887205828e+01
9.435761760451563873e+01
6.777183944841856089e+01
6.167679196153660826e+01
6.404338807055381722e+01
4.521160126437559512e+01
6.998806247417404336e+01
8.013505267151613509e+01
8.451498223523579156e+01
5.457699963252733966e+01
8.787981692187473470e+01
9.437970591652047858e+01
8.558894009547417170e+01
9.907160149216434775e+01
8.259997309657889275e+01
7.071803164681550413e+01
7.843740604244041492e+01
8.897525248941727227e+01
7.774573943310333846e+01
9.732954330520614405e+01
8.114387770429073043e+01
9.204940702325752966e+01
6.690636907068132189e+01
7.188385694221540234e+01
9.015236485466638783e+01
1.116979259729860132e+02
1.027070050624050168e+02
1.001817015893288243e+02
8.878198015363253148e+01
1.081575805120576064e+02
1.257795955895337983e+02
1.026584412289391395e+02
1.038405615461618510e+02
9.119127638589608864e+01
6.976710463312123522e+01
7.789040733977167008e+01
5.689499099217785982e+01
7.593898135272088723e+01
7.106504063180433661e+01
7.670433857061512128e+01
5.877958829389671536e+01
7.412410014443496209e+01
7.367930509987182575e+01
5.989064107929459624e+01
