1.186666666666666714e+01
1.306666666666666643e+01
1.300000000000000000e+01
1.213333333333333286e+01
1.406666666666666643e+01
1.213333333333333286e+01
1.446666666666666679e+01
1.313333333333333286e+01
1.713333333333333286e+01
1.413333333333333286e+01
1.286666666666666714e+01
1.280000000000000071e+01
1.333333333333333393e+01
1.406666666666666643e+01
1.293333333333333357e+01
1.219999999999999929e+01
1.200000000000000000e+01
1.259999999999999964e+01
1.606666666666666643e+01
1.246666666666666679e+01
1.286666666666666714e+01
1.506666666666666643e+01
1.366666666666666607e+01
1.086666666666666714e+01
1.313333333333333286e+01
1.259999999999999964e+01
1.280000000000000071e+01
1.173333333333333250e+01
1.213333333333333286e+01
1.326666666666666750e+01
1.166666666666666607e+01
1.046666666666666679e+01
1.173333333333333250e+01
1.433333333333333393e+01
1.266666666666666607e+01
1.280000000000000071e+01
1.193333333333333357e+01
1.200000000000000000e+01
1.413333333333333286e+01
1.186666666666666714e+01
1.146666666666666679e+01
1.266666666666666607e+01
1.219999999999999929e+01
1.126666666666666750e+01
1.200000000000000000e+01
1.146666666666666679e+01
1.340000000000000036e+01
1.026666666666666750e+01
1.233333333333333393e+01
1.259999999999999964e+01
1.159999999999999964e+01
1.193333333333333357e+01
1.300000000000000000e+01
1.366666666666666607e+01
1.466666666666666607e+01
1.066666666666666607e+01
1.180000000000000071e+01
1.186666666666666714e+01
1.459999999999999964e+01
1.153333333333333321e+01
1.080000000000000071e+01
1.080000000000000071e+01
1.013333333333333286e+01
1.153333333333333321e+01
1.280000000000000071e+01
1.106666666666666643e+01
1.346666666666666679e+01
1.006666666666666643e+01
1.026666666666666750e+01
9.933333333333333570e+00
9.400000000000000355e+00
1.046666666666666679e+01
9.599999999999999645e+00
1.019999999999999929e+01
9.333333333333333925e+00
9.533333333333333215e+00
9.533333333333333215e+00
1.040000000000000036e+01
1.026666666666666750e+01
9.533333333333333215e+00
1.253333333333333321e+01
9.400000000000000355e+00
9.266666666666667496e+00
9.800000000000000711e+00
1.080000000000000071e+01
8.666666666666666075e+00
1.019999999999999929e+01
9.733333333333332504e+00
1.059999999999999964e+01
1.293333333333333357e+01
1.033333333333333393e+01
9.533333333333333215e+00
1.313333333333333286e+01
9.266666666666667496e+00
9.199999999999999289e+00
1.146666666666666679e+01
9.133333333333332860e+00
8.666666666666666075e+00
9.266666666666667496e+00
9.800000000000000711e+00
1.180000000000000071e+01
1.180000000000000071e+01
9.599999999999999645e+00
8.599999999999999645e+00
9.533333333333333215e+00
9.933333333333333570e+00
9.733333333333332504e+00
9.000000000000000000e+00
9.933333333333333570e+00
9.466666666666666785e+00
8.933333333333333570e+00
1.019999999999999929e+01
9.866666666666667140e+00
8.933333333333333570e+00
9.000000000000000000e+00
8.933333333333333570e+00
9.266666666666667496e+00
9.000000000000000000e+00
9.466666666666666785e+00
8.866666666666667140e+00
9.199999999999999289e+00
9.066666666666666430e+00
9.266666666666667496e+00
9.400000000000000355e+00
8.933333333333333570e+00
8.800000000000000711e+00
9.000000000000000000e+00
8.866666666666667140e+00
9.333333333333333925e+00
8.466666666666666785e+00
8.733333333333332504e+00
9.066666666666666430e+00
8.866666666666667140e+00
9.066666666666666430e+00
8.199999999999999289e+00
8.733333333333332504e+00
9.000000000000000000e+00
8.333333333333333925e+00
8.866666666666667140e+00
8.800000000000000711e+00
9.666666666666666075e+00
8.466666666666666785e+00
9.000000000000000000e+00
9.333333333333333925e+00
9.000000000000000000e+00
8.466666666666666785e+00
9.533333333333333215e+00
9.133333333333332860e+00
1.059999999999999964e+01
1.026666666666666750e+01
1.086666666666666714e+01
1.166666666666666607e+01
1.106666666666666643e+01
1.066666666666666607e+01
1.273333333333333250e+01
1.166666666666666607e+01
9.599999999999999645e+00
1.080000000000000071e+01
1.240000000000000036e+01
9.733333333333332504e+00
1.000000000000000000e+01
1.200000000000000000e+01
1.019999999999999929e+01
1.273333333333333250e+01
1.219999999999999929e+01
1.519999999999999929e+01
9.333333333333333925e+00
1.213333333333333286e+01
9.599999999999999645e+00
9.466666666666666785e+00
1.019999999999999929e+01
9.000000000000000000e+00
9.733333333333332504e+00
9.400000000000000355e+00
9.533333333333333215e+00
9.666666666666666075e+00
8.933333333333333570e+00
9.800000000000000711e+00
9.333333333333333925e+00
1.073333333333333250e+01
1.073333333333333250e+01
1.073333333333333250e+01
1.019999999999999929e+01
8.866666666666667140e+00
9.599999999999999645e+00
9.000000000000000000e+00
8.400000000000000355e+00
9.266666666666667496e+00
9.800000000000000711e+00
1.133333333333333393e+01
8.933333333333333570e+00
1.073333333333333250e+01
1.093333333333333357e+01
1.380000000000000071e+01
1.059999999999999964e+01
1.040000000000000036e+01
9.333333333333333925e+00
1.006666666666666643e+01
1.019999999999999929e+01
9.866666666666667140e+00
9.199999999999999289e+00
9.266666666666667496e+00
9.466666666666666785e+00
8.666666666666666075e+00
9.733333333333332504e+00
9.933333333333333570e+00
9.400000000000000355e+00
9.466666666666666785e+00
8.933333333333333570e+00
9.866666666666667140e+00
8.933333333333333570e+00
9.599999999999999645e+00
9.533333333333333215e+00
9.400000000000000355e+00
9.599999999999999645e+00
9.066666666666666430e+00
9.466666666666666785e+00
9.466666666666666785e+00
9.533333333333333215e+00
9.599999999999999645e+00
8.666666666666666075e+00
9.599999999999999645e+00
9.533333333333333215e+00
8.800000000000000711e+00
9.066666666666666430e+00
8.800000000000000711e+00
8.933333333333333570e+00
9.333333333333333925e+00
9.533333333333333215e+00
8.666666666666666075e+00
9.466666666666666785e+00
9.466666666666666785e+00
9.199999999999999289e+00
8.599999999999999645e+00
9.800000000000000711e+00
9.533333333333333215e+00
9.199999999999999289e+00
9.666666666666666075e+00
9.133333333333332860e+00
1.033333333333333393e+01
9.599999999999999645e+00
9.533333333333333215e+00
9.199999999999999289e+00
9.066666666666666430e+00
9.466666666666666785e+00
9.533333333333333215e+00
9.599999999999999645e+00
1.000000000000000000e+01
9.466666666666666785e+00
9.466666666666666785e+00
9.333333333333333925e+00
9.199999999999999289e+00
1.086666666666666714e+01
9.333333333333333925e+00
9.533333333333333215e+00
9.866666666666667140e+00
1.073333333333333250e+01
9.733333333333332504e+00
1.000000000000000000e+01
1.000000000000000000e+01
1.100000000000000000e+01
9.133333333333332860e+00
1.040000000000000036e+01
1.153333333333333321e+01
1.240000000000000036e+01
1.040000000000000036e+01
1.400000000000000000e+01
1.093333333333333357e+01
1.219999999999999929e+01
1.373333333333333250e+01
1.213333333333333286e+01
1.113333333333333286e+01
1.213333333333333286e+01
1.193333333333333357e+01
1.026666666666666750e+01
1.166666666666666607e+01
1.359999999999999964e+01
1.086666666666666714e+01
9.000000000000000000e+00
9.599999999999999645e+00
1.040000000000000036e+01
9.133333333333332860e+00
9.666666666666666075e+00
1.059999999999999964e+01
1.086666666666666714e+01
9.666666666666666075e+00
1.073333333333333250e+01
1.026666666666666750e+01
9.666666666666666075e+00
1.153333333333333321e+01
1.006666666666666643e+01
9.400000000000000355e+00
1.133333333333333393e+01
1.086666666666666714e+01
1.206666666666666643e+01
1.140000000000000036e+01
1.273333333333333250e+01
1.073333333333333250e+01
1.086666666666666714e+01
1.080000000000000071e+01
1.280000000000000071e+01
1.219999999999999929e+01
1.246666666666666679e+01
1.253333333333333321e+01
1.346666666666666679e+01
1.413333333333333286e+01
1.233333333333333393e+01
1.326666666666666750e+01
1.680000000000000071e+01
1.166666666666666607e+01
1.326666666666666750e+01
1.359999999999999964e+01
1.240000000000000036e+01
1.653333333333333499e+01
1.326666666666666750e+01
1.459999999999999964e+01
1.226666666666666750e+01
1.206666666666666643e+01
1.440000000000000036e+01
1.426666666666666750e+01
1.506666666666666643e+01
1.746666666666666501e+01
1.753333333333333499e+01
1.419999999999999929e+01
1.660000000000000142e+01
1.433333333333333393e+01
1.666666666666666785e+01
1.306666666666666643e+01
2.353333333333333499e+01
1.366666666666666607e+01
1.406666666666666643e+01
2.513333333333333286e+01
1.880000000000000071e+01
1.933333333333333215e+01
2.246666666666666501e+01
1.646666666666666501e+01
2.253333333333333499e+01
2.053333333333333499e+01
1.433333333333333393e+01
2.566666666666666785e+01
1.866666666666666785e+01
1.419999999999999929e+01
1.500000000000000000e+01
1.446666666666666679e+01
2.673333333333333428e+01
1.986666666666666714e+01
1.426666666666666750e+01
1.719999999999999929e+01
1.853333333333333499e+01
1.839999999999999858e+01
1.880000000000000071e+01
2.766666666666666785e+01
2.719999999999999929e+01
3.000000000000000000e+01
2.339999999999999858e+01
2.373333333333333428e+01
2.080000000000000071e+01
4.326666666666666572e+01
2.413333333333333286e+01
3.286666666666666714e+01
2.026666666666666572e+01
1.706666666666666643e+01
2.160000000000000142e+01
1.700000000000000000e+01
1.746666666666666501e+01
1.513333333333333286e+01
1.513333333333333286e+01
1.753333333333333499e+01
1.746666666666666501e+01
2.006666666666666643e+01
2.139999999999999858e+01
2.219999999999999929e+01
1.693333333333333357e+01
1.919999999999999929e+01
2.153333333333333499e+01
2.673333333333333428e+01
1.559999999999999964e+01
2.473333333333333428e+01
2.639999999999999858e+01
2.186666666666666714e+01
2.226666666666666572e+01
2.166666666666666785e+01
2.400000000000000000e+01
2.266666666666666785e+01
2.126666666666666572e+01
2.060000000000000142e+01
1.680000000000000071e+01
2.660000000000000142e+01
2.533333333333333215e+01
2.180000000000000071e+01
1.933333333333333215e+01
2.193333333333333357e+01
1.973333333333333428e+01
2.880000000000000071e+01
2.766666666666666785e+01
2.200000000000000000e+01
2.400000000000000000e+01
2.373333333333333428e+01
2.286666666666666714e+01
2.519999999999999929e+01
2.266666666666666785e+01
2.013333333333333286e+01
2.380000000000000071e+01
3.333333333333333570e+01
2.213333333333333286e+01
1.253333333333333321e+01
3.633333333333333570e+01
2.133333333333333215e+01
2.393333333333333357e+01
3.106666666666666643e+01
2.400000000000000000e+01
2.726666666666666572e+01
2.833333333333333215e+01
2.300000000000000000e+01
3.260000000000000142e+01
2.413333333333333286e+01
3.746666666666666856e+01
2.246666666666666501e+01
2.953333333333333499e+01
3.386666666666666714e+01
2.526666666666666572e+01
2.966666666666666785e+01
3.186666666666666714e+01
2.693333333333333357e+01
2.326666666666666572e+01
2.880000000000000071e+01
2.433333333333333215e+01
2.453333333333333499e+01
2.460000000000000142e+01
2.093333333333333357e+01
2.186666666666666714e+01
3.360000000000000142e+01
2.373333333333333428e+01
2.660000000000000142e+01
2.953333333333333499e+01
3.293333333333333002e+01
3.193333333333333357e+01
3.000000000000000000e+01
3.019999999999999929e+01
3.413333333333333286e+01
2.819999999999999929e+01
3.006666666666666643e+01
3.253333333333333144e+01
3.000000000000000000e+01
5.093333333333333002e+01
3.613333333333333286e+01
5.013333333333333286e+01
4.053333333333333144e+01
1.693333333333333357e+01
4.639999999999999858e+01
5.246666666666666856e+01
4.733333333333333570e+01
4.946666666666666856e+01
4.533333333333333570e+01
4.239999999999999858e+01
3.873333333333333428e+01
4.520000000000000284e+01
3.546666666666666856e+01
5.466666666666666430e+01
2.953333333333333499e+01
4.360000000000000142e+01
4.726666666666666572e+01
5.666666666666666430e+01
4.313333333333333286e+01
4.493333333333333002e+01
5.800000000000000000e+01
2.673333333333333428e+01
3.260000000000000142e+01
4.760000000000000142e+01
3.326666666666666572e+01
4.606666666666666998e+01
4.846666666666666856e+01
3.526666666666666572e+01
4.260000000000000142e+01
3.953333333333333144e+01
4.193333333333333002e+01
4.066666666666666430e+01
5.960000000000000142e+01
4.993333333333333002e+01
5.013333333333333286e+01
4.360000000000000142e+01
5.046666666666666856e+01
3.226666666666666572e+01
4.520000000000000284e+01
5.993333333333333002e+01
4.186666666666666714e+01
4.260000000000000142e+01
5.273333333333333428e+01
4.526666666666666572e+01
4.766666666666666430e+01
5.239999999999999858e+01
6.740000000000000568e+01
4.913333333333333286e+01
5.933333333333333570e+01
5.160000000000000142e+01
3.226666666666666572e+01
5.520000000000000284e+01
5.100000000000000000e+01
5.739999999999999858e+01
5.913333333333333286e+01
5.833333333333333570e+01
5.933333333333333570e+01
6.833333333333332860e+01
8.193333333333333712e+01
5.393333333333333002e+01
6.646666666666666856e+01
5.639999999999999858e+01
5.193333333333333002e+01
7.366666666666667140e+01
7.113333333333333997e+01
7.440000000000000568e+01
5.773333333333333428e+01
6.313333333333333286e+01
6.253333333333333144e+01
5.239999999999999858e+01
7.200000000000000000e+01
4.733333333333333570e+01
6.520000000000000284e+01
7.193333333333333712e+01
7.366666666666667140e+01
6.779999999999999716e+01
7.659999999999999432e+01
7.520000000000000284e+01
5.220000000000000284e+01
6.666666666666667140e+01
8.093333333333333712e+01
6.979999999999999716e+01
8.486666666666666003e+01
7.286666666666666003e+01
7.393333333333333712e+01
5.820000000000000284e+01
7.893333333333333712e+01
7.533333333333332860e+01
9.426666666666666572e+01
5.920000000000000284e+01
8.753333333333333144e+01
7.966666666666667140e+01
7.220000000000000284e+01
6.579999999999999716e+01
7.340000000000000568e+01
8.773333333333333428e+01
6.406666666666666288e+01
8.193333333333333712e+01
7.100000000000000000e+01
8.520000000000000284e+01
8.053333333333333144e+01
8.513333333333333997e+01
7.873333333333333428e+01
8.133333333333332860e+01
7.773333333333333428e+01
6.473333333333333428e+01
8.940000000000000568e+01
7.793333333333333712e+01
6.773333333333333428e+01
8.779999999999999716e+01
8.486666666666666003e+01
7.473333333333333428e+01
7.900000000000000000e+01
4.879999999999999716e+01
1.020000000000000000e+02
1.105333333333333314e+02
7.559999999999999432e+01
9.433333333333332860e+01
7.879999999999999716e+01
6.853333333333333144e+01
9.573333333333333428e+01
9.020000000000000284e+01
8.346666666666666856e+01
9.400000000000000000e+01
9.753333333333333144e+01
9.686666666666666003e+01
1.055333333333333314e+02
9.273333333333333428e+01
7.306666666666666288e+01
7.933333333333332860e+01
1.012666666666666657e+02
1.103333333333333286e+02
7.979999999999999716e+01
1.112666666666666657e+02
1.148666666666666600e+02
9.286666666666666003e+01
1.125999999999999943e+02
8.779999999999999716e+01
8.533333333333332860e+01
1.060666666666666629e+02
1.030000000000000000e+02
1.182000000000000028e+02
9.779999999999999716e+01
1.347333333333333201e+02
9.079999999999999716e+01
8.940000000000000568e+01
7.986666666666666003e+01
1.185999999999999943e+02
9.013333333333333997e+01
1.088666666666666600e+02
9.513333333333333997e+01
1.136666666666666714e+02
1.120000000000000000e+02
1.010666666666666629e+02
9.813333333333333997e+01
1.232000000000000028e+02
1.120000000000000000e+02
1.078666666666666600e+02
1.040000000000000000e+02
1.054666666666666686e+02
1.158666666666666600e+02
1.320000000000000000e+02
1.014000000000000057e+02
9.073333333333333428e+01
1.181333333333333400e+02
1.136666666666666714e+02
1.223333333333333286e+02
1.180000000000000000e+02
1.224666666666666686e+02
1.047333333333333343e+02
1.075999999999999943e+02
1.308000000000000114e+02
1.324000000000000057e+02
1.378000000000000114e+02
1.189333333333333371e+02
1.082000000000000028e+02
1.167999999999999972e+02
9.093333333333333712e+01
1.027333333333333343e+02
1.065333333333333314e+02
1.157999999999999972e+02
1.065333333333333314e+02
1.307333333333333201e+02
1.364666666666666686e+02
1.369333333333333371e+02
1.275333333333333314e+02
1.438000000000000114e+02
1.291999999999999886e+02
1.636666666666666572e+02
1.487333333333333201e+02
1.520666666666666629e+02
1.353333333333333428e+02
1.466666666666666572e+02
1.273333333333333286e+02
1.404666666666666686e+02
1.509333333333333371e+02
1.744000000000000057e+02
1.791333333333333258e+02
1.501333333333333258e+02
1.518000000000000114e+02
1.485333333333333314e+02
1.348000000000000114e+02
1.808666666666666742e+02
1.554666666666666686e+02
1.586666666666666572e+02
1.710666666666666629e+02
1.490666666666666629e+02
1.878666666666666742e+02
1.866666666666666572e+02
1.725999999999999943e+02
1.729333333333333371e+02
1.639333333333333371e+02
1.780666666666666629e+02
1.713333333333333428e+02
1.885999999999999943e+02
2.141999999999999886e+02
1.921999999999999886e+02
1.825333333333333314e+02
1.667333333333333201e+02
2.113333333333333428e+02
1.900000000000000000e+02
1.928000000000000114e+02
1.448666666666666742e+02
1.950666666666666629e+02
1.837333333333333201e+02
1.760666666666666629e+02
1.823333333333333428e+02
2.198000000000000114e+02
1.784666666666666686e+02
1.638000000000000114e+02
1.855333333333333314e+02
1.978666666666666742e+02
1.902666666666666799e+02
2.067333333333333201e+02
2.202666666666666799e+02
2.343333333333333428e+02
2.341999999999999886e+02
1.923333333333333428e+02
2.531333333333333258e+02
2.901999999999999886e+02
2.314666666666666686e+02
2.174666666666666686e+02
2.398000000000000114e+02
2.405333333333333314e+02
2.956666666666666856e+02
2.738000000000000114e+02
2.533333333333333428e+02
2.474000000000000057e+02
2.743999999999999773e+02
2.374000000000000057e+02
2.233333333333333428e+02
1.837333333333333201e+02
2.516666666666666572e+02
2.841333333333333258e+02
2.521999999999999886e+02
