5.487764167268447402e+00
8.504639256834407135e+00
8.854377448471462131e+00
7.864406454964600890e+00
1.023371334799294097e+01
7.144850515503378574e+00
9.429504523332896682e+00
8.285462503016285396e+00
1.610327778918179220e+01
1.130702829610366322e+01
7.508809640830044430e+00
9.246260505379098049e+00
6.629898608240970326e+00
1.221183396910099361e+01
8.282243389055622629e+00
5.670978751503130688e+00
5.378971401051815704e+00
8.006663891201293737e+00
1.196364864449340359e+01
7.219110440736833390e+00
6.661998365522332044e+00
1.251914090059253759e+01
1.246149625401736749e+01
4.688520259337931151e+00
8.499934640271588293e+00
8.179649544244952608e+00
9.410632284814873572e+00
5.309948733797300591e+00
4.897164712588521596e+00
7.325450308494502849e+00
5.159672685570492412e+00
4.063933507767512054e+00
4.654269246855215592e+00
1.013684149799904510e+01
8.451166914824380427e+00
9.558242516278818712e+00
6.318930992572151517e+00
6.282250127674531726e+00
1.143017449074548963e+01
5.584104424365845531e+00
5.057887130237508799e+00
7.336363010526552486e+00
7.892612579705995834e+00
4.739432689913659402e+00
4.939635614091387517e+00
5.213657278937906980e+00
9.776161482572458539e+00
4.464178411408854963e+00
8.521867296679889847e+00
8.515084654110413709e+00
6.447738621666772474e+00
8.417970196087784629e+00
8.156796756897485068e+00
1.194245461461848024e+01
1.156815552377397083e+01
3.806427312965386278e+00
5.600000000000000533e+00
6.790843508398316963e+00
1.796960396521489045e+01
7.116803277377344195e+00
5.540156435817794822e+00
4.354308211415448326e+00
4.129030017920539031e+00
7.553071487076558732e+00
1.087014259336095456e+01
4.582090740650555105e+00
1.013157879547352991e+01
3.434465832637668470e+00
6.318930992572152405e+00
3.714236873915765180e+00
1.854723699099140921e+00
7.144850515503378574e+00
3.611094017053557703e+00
4.036500134192161582e+00
2.412928142780514484e+00
2.704728370013439243e+00
2.629744389775469315e+00
6.107918357891391814e+00
6.677990383008615360e+00
3.180496117833750080e+00
1.221401744808898826e+01
1.743559577416269324e+00
2.568181371234429466e+00
2.508651696296904099e+00
6.594947561075321651e+00
9.428090415820633563e-01
3.310589071449369758e+00
3.043389922803553915e+00
4.029888335921977038e+00
1.451191081682751971e+01
6.649979114420000670e+00
2.985892756874491738e+00
1.685177207958326662e+01
2.015495527710796431e+00
3.673327283721576464e+00
7.526545614615571367e+00
1.667999467092907251e+00
1.738453974720706396e+00
1.913693345920976174e+00
2.561249694973139590e+00
1.182765121794404983e+01
8.502548637516477825e+00
3.261901286060018279e+00
1.083205120618127903e+00
3.593821859184948231e+00
3.275498265743532311e+00
3.889587238883952303e+00
1.549193338482966809e+00
3.641733408999376920e+00
2.334285520001546210e+00
1.062491830033948537e+00
3.448671241700683510e+00
3.630733014450693297e+00
9.977753031397178507e-01
1.460593486680442865e+00
1.123486636423514540e+00
2.174600857373345075e+00
1.414213562373095145e+00
3.442221504913489660e+00
1.024152766382481206e+00
9.797958971132710859e-01
1.236482466066094021e+00
1.651934892448515324e+00
8.793937305515279190e-01
1.526069752301279614e+00
7.483314773547882215e-01
1.095445115010332149e+00
7.180219742846005726e-01
1.445298892578586347e+00
1.024152766382481206e+00
1.289271973720914399e+00
1.236482466066094021e+00
9.568466729604883092e-01
1.123486636423514540e+00
9.092121131323903649e-01
1.611072796479276148e+00
1.264911064067351765e+00
8.692269873603529762e-01
1.146976702272350046e+00
8.326663997864530709e-01
3.069563848859023558e+00
8.055363982396382960e-01
3.033150177620620003e+00
3.047767853509989688e+00
1.264911064067351765e+00
1.407914138796191761e+00
3.461534662865911827e+00
1.024152766382480984e+00
5.713142742834279808e+00
5.012872319228657503e+00
6.859219262342390877e+00
1.086073457716169166e+01
9.212069377844603224e+00
6.639946452260657495e+00
1.561822297474616228e+01
1.082384199605461639e+01
1.704894913672589496e+00
6.368673331236263557e+00
6.868284599034415017e+00
5.495048275998633436e+00
4.066120181860508609e+00
1.100302988574813767e+01
5.369047091120235926e+00
1.351279229306643082e+01
1.095566824372966508e+01
2.268685375571794083e+01
1.776388345929897028e+00
8.754935116200970313e+00
3.302524287066889830e+00
2.093375795747677515e+00
3.969886648255841699e+00
1.673320053068151125e+00
3.375730373645910110e+00
3.573980040981389550e+00
2.629744389775469315e+00
3.717824931626316332e+00
1.806162291219208793e+00
3.798245208865097311e+00
2.086996778999803848e+00
4.959390643572611168e+00
5.519259209551787393e+00
6.180255298574286904e+00
5.049092327669730373e+00
1.627540748764493728e+00
2.870540018881464928e+00
1.316561177208766642e+00
1.540562667772179095e+00
1.569146972791976014e+00
3.953057888099625217e+00
6.278711828251255511e+00
1.236482466066094021e+00
6.329472507422890359e+00
6.413180871368660441e+00
1.403899331623650681e+01
3.241398874971524791e+00
5.438136935875497180e+00
2.299758441421378752e+00
2.293953404544700536e+00
4.166533331199931744e+00
4.394946593026535453e+00
2.481934729198171485e+00
1.913693345920976396e+00
1.257864150940880554e+00
1.988857852023506290e+00
1.730767331432955913e+00
3.767698973585277944e+00
1.254325848148451827e+00
1.203698005684519234e+00
1.481740718059524786e+00
2.629744389775469315e+00
1.982142499642467470e+00
1.451436070471816109e+00
1.892675942210451767e+00
1.854723699099140699e+00
2.751968992073372533e+00
1.436043948569201145e+00
2.334285520001546210e+00
1.857118436957882590e+00
2.246973272847028635e+00
1.854723699099140699e+00
9.428090415820633563e-01
2.026491220476088539e+00
2.093375795747677515e+00
1.375984496036686267e+00
1.236482466066094021e+00
1.641137816678822858e+00
2.143724692108470276e+00
1.885618083164126713e+00
2.156128217172830208e+00
1.349897115421105687e+00
2.276449477195182869e+00
2.362672686222579976e+00
1.973153144926498959e+00
1.306394529484361744e+00
3.015515434106304404e+00
1.746106780494506072e+00
1.758787461103055838e+00
2.270584848790186960e+00
1.309792180292566499e+00
3.927113726672837757e+00
3.136877428271624524e+00
2.028683207293725310e+00
1.423610433604174830e+00
1.651934892448515768e+00
2.186829262247563133e+00
2.156128217172830652e+00
2.215099696778153326e+00
1.751190071541826265e+00
1.857118436957882590e+00
2.061283311165374332e+00
3.069563848859023558e+00
1.796292478040997231e+00
5.840852297015868722e+00
1.738453974720706396e+00
1.892675942210452211e+00
3.997777160150653319e+00
4.538232646698002526e+00
2.644911256650316123e+00
2.581988897471611200e+00
3.119829055146023933e+00
6.250333324444918404e+00
2.061283311165374776e+00
4.439219150556396265e+00
6.800653563363516341e+00
8.236504112789599930e+00
3.808761828556186835e+00
1.106345334875146591e+01
4.918897798852457370e+00
9.516301802696254697e+00
1.149183284868963639e+01
9.365658308712504265e+00
5.149325737954004722e+00
8.444853791247991737e+00
8.322392818307857709e+00
3.749962962780062359e+00
8.791409948858536438e+00
1.197664393726389420e+01
3.593821859184948231e+00
1.316561177208766642e+00
2.823709144606316279e+00
3.342653636459113731e+00
2.334285520001546210e+00
1.659986613065164152e+00
4.786090958879350765e+00
3.997777160150653319e+00
2.211083193570266392e+00
4.850658603621665677e+00
2.669997919266771547e+00
1.813529401164725829e+00
8.309566107137538182e+00
3.335998934185814502e+00
1.743559577416269546e+00
6.363087999461337851e+00
5.314968380798600123e+00
7.196912918436318307e+00
6.354001363970056104e+00
1.168170459403173744e+01
4.404038550643665673e+00
3.827386691841953237e+00
4.489988864128729773e+00
9.303762679690406046e+00
9.253467818427134617e+00
8.935820549277435632e+00
1.000577610960566943e+01
1.190443428120612346e+01
9.258269576738168638e+00
1.019585972616118141e+01
1.099979797794284764e+01
2.324994623649697800e+01
7.871185143010902330e+00
1.201369588798088728e+01
9.134549797335388632e+00
7.059745037889117114e+00
1.571778893129975074e+01
1.319326427470556773e+01
1.058804357124897066e+01
5.195724738239657192e+00
9.929529473019130137e+00
8.677941384145588799e+00
1.221729193488566168e+01
1.185729967385304739e+01
1.985234383027745864e+01
1.549135959889325598e+01
1.122021984336016942e+01
1.991582285520736662e+01
1.245079203192400108e+01
2.618820769396451809e+01
1.080411444260421128e+01
4.673737500354744867e+01
1.167713815776603603e+01
7.451770855903238733e+00
3.398404854568618561e+01
2.523014070511696261e+01
2.194133592610582895e+01
3.103947307685632495e+01
1.369119749652633189e+01
3.573768630202887664e+01
2.399407334229758604e+01
7.533628312808879457e+00
3.877570831790897188e+01
2.968426444356598282e+01
1.308026503299277010e+01
1.264911064067351809e+01
9.851339446435133596e+00
4.140123454949407744e+01
1.493928452845792165e+01
6.147809004479202422e+00
1.538050714378430328e+01
1.449076334159875223e+01
1.932114558370353663e+01
1.666213271663224660e+01
3.770352179247391433e+01
3.476051399696692812e+01
4.809019304043877696e+01
2.914972841497269584e+01
3.493893084925309012e+01
2.837886537548673616e+01
1.008652346230134782e+02
3.588103801297963003e+01
4.892970013760103853e+01
2.801777213761928209e+01
1.852373852355104233e+01
2.488855158501595355e+01
1.456479774433319463e+01
1.379790644345083983e+01
1.288340879667420324e+01
1.071364654178129250e+01
1.501939486870966434e+01
2.156808341559866449e+01
2.833717620998174880e+01
2.834972075112322187e+01
3.282113140442703525e+01
1.217903480941280847e+01
2.019636931067891794e+01
4.250626097673403336e+01
5.302385207516414312e+01
1.244615067668179265e+01
3.176259155393687550e+01
4.036962554528672342e+01
2.730290989782753641e+01
3.313903371487399596e+01
2.488015719850303142e+01
3.699549522126534384e+01
2.975828549422085700e+01
2.559809020654123302e+01
2.736859514114672365e+01
1.556149093114152748e+01
4.397696366659859990e+01
4.005440744232218719e+01
3.839826384964125339e+01
1.790592701376341012e+01
3.232020351971124938e+01
2.711326038839462171e+01
5.115492807801284414e+01
4.005440744232218719e+01
4.075127809856601857e+01
4.065628282729907284e+01
3.154143659097064756e+01
2.896403900624972394e+01
3.832353497960924926e+01
4.768461200662351018e+01
2.674538381769002982e+01
4.139919483919141641e+01
6.453285123786868382e+01
4.035487028297273326e+01
7.855924869520809928e+00
6.569694733310589640e+01
3.086673866082317019e+01
3.561734908096832442e+01
3.919433065579198683e+01
3.837186469276675638e+01
3.778441771712542874e+01
3.639169624454946472e+01
3.066376797894653095e+01
4.283114131874922492e+01
3.239108244906648082e+01
6.335283910151321862e+01
3.488240562550441126e+01
4.740304725319764145e+01
5.821324782403247866e+01
3.527504626345497485e+01
5.711119757883640347e+01
4.466149223759645537e+01
3.531282423646621282e+01
3.003435070418906605e+01
4.720762650250486558e+01
3.389526351702976825e+01
3.886020529481999120e+01
3.129600613496872796e+01
2.306647398763456991e+01
3.049123735691215487e+01
4.302681334547872893e+01
2.768746206418268940e+01
3.579720659492860335e+01
5.621371916376128297e+01
5.461924772662309380e+01
3.939960518696715042e+01
4.626013402488150916e+01
4.161121643659715374e+01
4.803174875942878685e+01
4.920731652915041821e+01
4.068819102502455820e+01
5.655424141673391603e+01
4.608253465251232939e+01
1.210060420897329294e+02
5.298788121406209939e+01
1.020619855229599722e+02
7.853989785806675172e+01
1.630323757894595360e+01
8.631940685616416431e+01
1.215301700082009120e+02
9.177484525850327657e+01
8.926654219558162140e+01
1.060129971067489265e+02
1.005556562307660613e+02
5.030502515212128856e+01
1.154961471218845617e+02
5.590452178093965330e+01
1.049886766381128353e+02
3.713913778691632217e+01
9.392465065146635084e+01
7.239840391119743401e+01
8.098861374017680248e+01
6.390395571132945207e+01
7.275939038288383642e+01
1.215560227494576537e+02
2.914439149400027418e+01
4.241037608887711485e+01
7.314260044597813248e+01
4.976406557167754841e+01
7.276397154880673668e+01
9.291922418004909900e+01
4.875991067351220210e+01
8.293274383498956581e+01
7.285681543655032044e+01
7.328616664979975326e+01
5.733255813429418879e+01
1.115836308186226091e+02
8.686884110862510511e+01
8.058938446773798603e+01
6.880000000000001137e+01
9.553349616175934500e+01
4.273868921194888770e+01
6.976837870172036560e+01
9.790026671170116401e+01
6.696154783821002354e+01
5.940572362996683609e+01
6.461111015572751626e+01
5.681369162055531064e+01
6.410997495623352904e+01
8.513737917820429857e+01
1.200271080492513960e+02
7.582599964538695758e+01
1.105173691728539467e+02
8.140581469813237447e+01
4.982431356498775443e+01
1.197398290739830173e+02
6.407391564955794649e+01
8.112936172147129810e+01
9.857779781584808632e+01
9.543071948917824443e+01
9.030294691881445601e+01
1.054271733894487539e+02
1.235672376571646964e+02
6.321019608329726225e+01
1.123161411176307922e+02
8.809827845461377649e+01
7.234774050069259488e+01
1.171151380290163644e+02
1.069684480998433997e+02
1.046159962274731186e+02
8.399957671851024088e+01
8.469778955530985343e+01
8.718705306536185162e+01
7.704613336609868668e+01
9.512307816718296749e+01
6.649578098563011963e+01
8.385241002300809043e+01
1.233290810077745618e+02
1.181313769589698097e+02
7.946252785642633398e+01
1.216951382211576629e+02
1.197687772334676737e+02
6.461805733178098876e+01
9.706332411827285966e+01
1.348359332258611403e+02
9.889334322052891935e+01
1.057297603431608053e+02
1.265258164258275855e+02
6.567543088722160860e+01
7.264452261985529447e+01
7.355493789603039545e+01
1.178154866258629454e+02
1.234673866069722692e+02
4.440750687290007193e+01
1.170235683764409771e+02
8.708131576610193747e+01
7.122003463445754790e+01
6.081688362069643006e+01
8.093767149273980976e+01
1.168192145534667077e+02
6.197684155302599152e+01
7.836195221888972640e+01
8.465222974027322778e+01
1.121060212477456588e+02
1.221233620383731449e+02
9.768648263136967103e+01
1.020676028696449578e+02
8.107582185145513165e+01
1.052378047830510042e+02
7.047596911162145261e+01
1.208231765846271770e+02
8.952427355502840101e+01
6.203275120629603379e+01
1.073593343248115843e+02
1.104263656117605876e+02
8.808970175653652745e+01
7.805297346460713470e+01
4.452145550181395350e+01
1.196550597899367290e+02
1.319979124414052478e+02
8.598433965942092527e+01
1.118288374655164290e+02
7.818968388903145694e+01
6.563217368198482404e+01
1.172009480431887027e+02
1.296210888191681079e+02
9.706758241326274117e+01
1.043366346655542287e+02
7.955448168114449459e+01
1.303732419717413507e+02
1.332425691069570632e+02
1.140739331408460799e+02
8.752787492501396116e+01
6.786227883654430570e+01
1.017987993816997658e+02
1.018598165236037687e+02
8.782953185954404773e+01
1.323658902017014896e+02
1.203665882026883622e+02
9.585465849689077800e+01
1.277157259959268458e+02
9.127628388579367424e+01
7.602514204013185406e+01
1.024073348067521039e+02
1.366118589288645921e+02
1.294744247589718782e+02
1.228354997547533145e+02
1.177763228421664650e+02
8.405331641285785338e+01
7.524165512976615844e+01
5.585799455364966093e+01
1.257377164312018607e+02
8.065223011313590007e+01
1.128165866449708830e+02
9.848442629280134497e+01
1.294308910405686390e+02
1.188236788972074720e+02
1.119288265918222862e+02
9.881151529834747294e+01
1.234877591774450565e+02
1.111077555048851337e+02
1.188707234304935412e+02
7.891176507129128481e+01
9.769603653964450984e+01
1.249697919054396351e+02
1.384023121194151145e+02
1.038099545644186605e+02
7.571038384674999122e+01
8.537514600605703663e+01
1.023377849194627629e+02
1.096398143417293909e+02
9.835378318431206424e+01
1.397244271970923251e+02
9.787983562625255729e+01
1.087411605602956541e+02
9.781288258711120420e+01
1.071950247601694315e+02
1.236404464566510626e+02
1.020186039678820293e+02
8.309448437371359830e+01
8.616666021921315632e+01
6.023893167121151038e+01
7.239103689147033549e+01
7.936234763552690197e+01
8.516979120165395045e+01
7.563673416770159008e+01
1.033863090011868593e+02
1.405422198328870707e+02
1.167832560296590145e+02
8.794078816011499100e+01
1.207113361149923918e+02
8.769887874615807277e+01
1.222890928178888004e+02
1.023630575723271221e+02
1.350853886333463549e+02
9.371280002693808342e+01
1.295127621339130997e+02
9.965116936371371992e+01
1.204540668563009547e+02
1.199508047307543279e+02
1.332380326083109878e+02
1.320246778278801969e+02
1.054955712603877629e+02
1.114367982311049730e+02
1.159401378106631171e+02
1.081265924738220860e+02
1.376749150071363772e+02
8.371767369491874433e+01
8.213538958464994266e+01
1.061913158198708658e+02
9.179794236377099992e+01
1.196410557552139977e+02
1.365970554424785632e+02
1.294927539800329157e+02
8.748978353054843637e+01
1.086790177029995590e+02
6.905212202065594340e+01
1.105384799766830355e+02
1.240660039387636999e+02
1.220126769370024675e+02
1.129195583885566947e+02
1.008245120108310857e+02
8.609333436580455157e+01
1.443073879682610823e+02
1.295412418241130297e+02
1.072288518387969418e+02
8.446527228525474129e+01
1.203851965797936145e+02
1.046890421942791249e+02
9.826729986227474001e+01
1.054398195918200258e+02
1.210857547360547244e+02
7.682088836305453583e+01
9.984334396109403542e+01
1.339860025856764310e+02
1.114970054406046387e+02
1.119770611429958223e+02
1.118805712455125985e+02
9.985353718766747022e+01
1.210364499736431583e+02
1.187401645049671686e+02
9.022761341309112026e+01
1.141273362910432922e+02
1.309871240491471553e+02
1.127911738075674464e+02
1.132936401078581525e+02
1.629966052816233741e+02
1.084016400039942027e+02
1.235079844472502941e+02
1.425067015968021167e+02
1.359400194530252861e+02
1.207569459699937937e+02
1.406844222601303613e+02
1.546341057679924234e+02
1.153630019643309339e+02
7.931831790674556260e+01
9.230649429422010144e+01
1.367322769339981221e+02
1.403035756256173556e+02
