2.026666666666666572e+01
2.119999999999999929e+01
1.880000000000000071e+01
2.493333333333333357e+01
2.039999999999999858e+01
2.419999999999999929e+01
2.606666666666666643e+01
1.946666666666666501e+01
1.973333333333333428e+01
2.286666666666666714e+01
1.939999999999999858e+01
1.939999999999999858e+01
1.666666666666666785e+01
2.400000000000000000e+01
2.039999999999999858e+01
2.433333333333333215e+01
1.466666666666666607e+01
1.746666666666666501e+01
2.480000000000000071e+01
1.966666666666666785e+01
1.733333333333333215e+01
1.960000000000000142e+01
2.106666666666666643e+01
1.933333333333333215e+01
1.639999999999999858e+01
2.313333333333333286e+01
1.853333333333333499e+01
1.739999999999999858e+01
1.786666666666666714e+01
2.033333333333333215e+01
1.693333333333333357e+01
1.566666666666666607e+01
2.039999999999999858e+01
1.566666666666666607e+01
1.793333333333333357e+01
1.726666666666666572e+01
1.673333333333333428e+01
1.793333333333333357e+01
1.780000000000000071e+01
1.166666666666666607e+01
1.739999999999999858e+01
1.719999999999999929e+01
1.846666666666666501e+01
2.013333333333333286e+01
2.173333333333333428e+01
1.680000000000000071e+01
1.486666666666666714e+01
1.540000000000000036e+01
2.000000000000000000e+01
1.626666666666666572e+01
2.360000000000000142e+01
1.686666666666666714e+01
1.506666666666666643e+01
1.580000000000000071e+01
1.693333333333333357e+01
1.700000000000000000e+01
1.993333333333333357e+01
1.666666666666666785e+01
1.400000000000000000e+01
1.639999999999999858e+01
1.693333333333333357e+01
1.993333333333333357e+01
1.746666666666666501e+01
1.833333333333333215e+01
1.819999999999999929e+01
1.480000000000000071e+01
1.459999999999999964e+01
1.973333333333333428e+01
1.686666666666666714e+01
1.866666666666666785e+01
1.600000000000000000e+01
2.086666666666666714e+01
1.846666666666666501e+01
1.573333333333333250e+01
1.619999999999999929e+01
2.053333333333333499e+01
1.739999999999999858e+01
1.673333333333333428e+01
1.500000000000000000e+01
1.340000000000000036e+01
1.693333333333333357e+01
1.793333333333333357e+01
1.500000000000000000e+01
1.713333333333333286e+01
2.013333333333333286e+01
1.646666666666666501e+01
1.946666666666666501e+01
1.886666666666666714e+01
1.519999999999999929e+01
1.793333333333333357e+01
1.380000000000000071e+01
1.540000000000000036e+01
2.253333333333333499e+01
1.646666666666666501e+01
1.400000000000000000e+01
2.200000000000000000e+01
1.359999999999999964e+01
1.839999999999999858e+01
1.673333333333333428e+01
1.553333333333333321e+01
1.786666666666666714e+01
1.680000000000000071e+01
1.400000000000000000e+01
1.353333333333333321e+01
1.860000000000000142e+01
1.353333333333333321e+01
1.686666666666666714e+01
1.593333333333333357e+01
1.426666666666666750e+01
1.926666666666666572e+01
1.413333333333333286e+01
1.986666666666666714e+01
1.459999999999999964e+01
1.573333333333333250e+01
1.773333333333333428e+01
1.746666666666666501e+01
1.600000000000000000e+01
1.813333333333333286e+01
1.633333333333333215e+01
1.819999999999999929e+01
1.606666666666666643e+01
1.580000000000000071e+01
1.839999999999999858e+01
1.926666666666666572e+01
1.646666666666666501e+01
1.719999999999999929e+01
2.146666666666666501e+01
1.513333333333333286e+01
1.506666666666666643e+01
1.946666666666666501e+01
1.760000000000000142e+01
1.546666666666666679e+01
1.613333333333333286e+01
1.566666666666666607e+01
1.839999999999999858e+01
1.873333333333333428e+01
2.273333333333333428e+01
1.673333333333333428e+01
2.246666666666666501e+01
1.826666666666666572e+01
2.006666666666666643e+01
1.973333333333333428e+01
1.873333333333333428e+01
2.506666666666666643e+01
1.546666666666666679e+01
1.960000000000000142e+01
3.006666666666666643e+01
2.119999999999999929e+01
1.913333333333333286e+01
1.819999999999999929e+01
2.019999999999999929e+01
1.793333333333333357e+01
1.486666666666666714e+01
1.713333333333333286e+01
1.166666666666666607e+01
1.846666666666666501e+01
1.680000000000000071e+01
1.366666666666666607e+01
1.486666666666666714e+01
1.159999999999999964e+01
1.746666666666666501e+01
1.426666666666666750e+01
1.266666666666666607e+01
1.453333333333333321e+01
1.893333333333333357e+01
1.393333333333333357e+01
1.519999999999999929e+01
1.340000000000000036e+01
1.459999999999999964e+01
1.400000000000000000e+01
1.639999999999999858e+01
1.513333333333333286e+01
1.426666666666666750e+01
1.873333333333333428e+01
1.386666666666666714e+01
2.193333333333333357e+01
2.039999999999999858e+01
1.626666666666666572e+01
1.486666666666666714e+01
1.693333333333333357e+01
1.793333333333333357e+01
1.739999999999999858e+01
1.960000000000000142e+01
1.466666666666666607e+01
1.313333333333333286e+01
1.453333333333333321e+01
1.626666666666666572e+01
1.633333333333333215e+01
1.240000000000000036e+01
1.533333333333333393e+01
1.946666666666666501e+01
1.180000000000000071e+01
1.386666666666666714e+01
1.793333333333333357e+01
1.559999999999999964e+01
1.893333333333333357e+01
1.286666666666666714e+01
1.846666666666666501e+01
1.986666666666666714e+01
1.713333333333333286e+01
1.906666666666666643e+01
1.400000000000000000e+01
1.400000000000000000e+01
1.773333333333333428e+01
1.980000000000000071e+01
1.593333333333333357e+01
1.800000000000000000e+01
1.666666666666666785e+01
1.853333333333333499e+01
2.600000000000000000e+01
1.300000000000000000e+01
1.253333333333333321e+01
1.913333333333333286e+01
1.933333333333333215e+01
1.513333333333333286e+01
2.600000000000000000e+01
1.933333333333333215e+01
1.793333333333333357e+01
2.226666666666666572e+01
2.560000000000000142e+01
2.353333333333333499e+01
2.513333333333333286e+01
2.239999999999999858e+01
2.433333333333333215e+01
2.739999999999999858e+01
2.066666666666666785e+01
3.033333333333333215e+01
2.726666666666666572e+01
2.273333333333333428e+01
2.813333333333333286e+01
3.660000000000000142e+01
3.433333333333333570e+01
3.686666666666666714e+01
2.746666666666666501e+01
2.593333333333333357e+01
2.513333333333333286e+01
3.026666666666666572e+01
2.146666666666666501e+01
3.246666666666666856e+01
2.360000000000000142e+01
3.479999999999999716e+01
3.126666666666666572e+01
2.206666666666666643e+01
2.439999999999999858e+01
3.186666666666666714e+01
2.686666666666666714e+01
3.326666666666666572e+01
3.473333333333333428e+01
2.753333333333333499e+01
1.900000000000000000e+01
3.486666666666666714e+01
3.520000000000000284e+01
3.233333333333333570e+01
2.733333333333333215e+01
3.093333333333333357e+01
3.520000000000000284e+01
3.526666666666666572e+01
3.313333333333333286e+01
3.339999999999999858e+01
2.486666666666666714e+01
4.506666666666666998e+01
3.579999999999999716e+01
3.200000000000000000e+01
3.913333333333333286e+01
3.673333333333333428e+01
3.486666666666666714e+01
2.326666666666666572e+01
3.346666666666666856e+01
3.386666666666666714e+01
3.153333333333333499e+01
3.300000000000000000e+01
2.353333333333333499e+01
2.819999999999999929e+01
4.020000000000000284e+01
3.420000000000000284e+01
3.766666666666666430e+01
2.580000000000000071e+01
3.933333333333333570e+01
3.673333333333333428e+01
2.500000000000000000e+01
3.200000000000000000e+01
3.273333333333333428e+01
3.373333333333333428e+01
3.160000000000000142e+01
4.033333333333333570e+01
2.373333333333333428e+01
4.106666666666666998e+01
3.639999999999999858e+01
3.253333333333333144e+01
2.766666666666666785e+01
3.966666666666666430e+01
3.393333333333333002e+01
4.513333333333333286e+01
3.213333333333333286e+01
4.413333333333333286e+01
3.939999999999999858e+01
4.260000000000000142e+01
4.400000000000000000e+01
3.013333333333333286e+01
4.066666666666666430e+01
4.013333333333333286e+01
3.786666666666666714e+01
2.766666666666666785e+01
3.593333333333333002e+01
5.039999999999999858e+01
3.066666666666666785e+01
3.726666666666666572e+01
4.633333333333333570e+01
4.366666666666666430e+01
5.100000000000000000e+01
3.906666666666666998e+01
5.100000000000000000e+01
4.260000000000000142e+01
4.873333333333333428e+01
4.346666666666666856e+01
5.353333333333333144e+01
4.460000000000000142e+01
4.800000000000000000e+01
3.539999999999999858e+01
4.973333333333333428e+01
4.513333333333333286e+01
5.653333333333333144e+01
4.993333333333333002e+01
3.086666666666666714e+01
5.546666666666666856e+01
5.026666666666666572e+01
4.860000000000000142e+01
5.939999999999999858e+01
5.106666666666666998e+01
4.239999999999999858e+01
6.513333333333333997e+01
6.166666666666666430e+01
4.713333333333333286e+01
7.000000000000000000e+01
4.826666666666666572e+01
5.473333333333333428e+01
4.020000000000000284e+01
4.353333333333333144e+01
6.766666666666667140e+01
7.233333333333332860e+01
8.179999999999999716e+01
8.993333333333333712e+01
8.573333333333333428e+01
6.500000000000000000e+01
9.273333333333333428e+01
8.166666666666667140e+01
6.886666666666666003e+01
9.886666666666666003e+01
9.286666666666666003e+01
8.106666666666666288e+01
8.993333333333333712e+01
1.170666666666666629e+02
1.025999999999999943e+02
1.300000000000000000e+02
9.179999999999999716e+01
8.646666666666666856e+01
1.275999999999999943e+02
9.959999999999999432e+01
1.291999999999999886e+02
1.202666666666666657e+02
1.098666666666666600e+02
1.370000000000000000e+02
1.435999999999999943e+02
1.342666666666666799e+02
1.415333333333333314e+02
1.444000000000000057e+02
1.367333333333333201e+02
1.355333333333333314e+02
1.538000000000000114e+02
1.506666666666666572e+02
1.303333333333333428e+02
1.711999999999999886e+02
1.375999999999999943e+02
1.193333333333333286e+02
1.308666666666666742e+02
1.390000000000000000e+02
1.528666666666666742e+02
1.654000000000000057e+02
1.725999999999999943e+02
1.901333333333333258e+02
1.916666666666666572e+02
1.765999999999999943e+02
1.701333333333333258e+02
1.785999999999999943e+02
1.841999999999999886e+02
2.329333333333333371e+02
1.785999999999999943e+02
2.066666666666666572e+02
1.902666666666666799e+02
1.959333333333333371e+02
2.084000000000000057e+02
2.113333333333333428e+02
2.132666666666666799e+02
2.180000000000000000e+02
2.446666666666666572e+02
2.003333333333333428e+02
2.448666666666666742e+02
2.380666666666666629e+02
2.253333333333333428e+02
2.390000000000000000e+02
2.527333333333333201e+02
2.951333333333333258e+02
2.891999999999999886e+02
2.695333333333333599e+02
2.726000000000000227e+02
2.881333333333333258e+02
2.749333333333333371e+02
2.928666666666666742e+02
2.955333333333333599e+02
2.890000000000000000e+02
3.159333333333333371e+02
3.124666666666666401e+02
3.021333333333333258e+02
3.152666666666666515e+02
3.346000000000000227e+02
3.016666666666666856e+02
3.499333333333333371e+02
3.113333333333333144e+02
3.444666666666666401e+02
3.215333333333333599e+02
3.425333333333333599e+02
3.242666666666666515e+02
3.417333333333333485e+02
3.131333333333333258e+02
3.627333333333333485e+02
3.289333333333333371e+02
3.471333333333333258e+02
3.536666666666666856e+02
3.330666666666666629e+02
3.672666666666666515e+02
3.766666666666666856e+02
3.288666666666666742e+02
3.683333333333333144e+02
3.572666666666666515e+02
3.840666666666666629e+02
3.741999999999999886e+02
3.573333333333333144e+02
3.615333333333333599e+02
3.713999999999999773e+02
3.846666666666666856e+02
4.073333333333333144e+02
3.733333333333333144e+02
3.523999999999999773e+02
3.780666666666666629e+02
3.900666666666666629e+02
3.977333333333333485e+02
4.053999999999999773e+02
4.024666666666666401e+02
3.981999999999999886e+02
3.914666666666666401e+02
3.985333333333333599e+02
4.068000000000000114e+02
4.080666666666666629e+02
4.018666666666666742e+02
4.226000000000000227e+02
3.726666666666666856e+02
4.068000000000000114e+02
4.443333333333333144e+02
4.296000000000000227e+02
4.321333333333333258e+02
4.181333333333333258e+02
4.181999999999999886e+02
4.189333333333333371e+02
4.298666666666666742e+02
4.218666666666666742e+02
4.254666666666666401e+02
4.447333333333333485e+02
4.343333333333333144e+02
4.387333333333333485e+02
4.468666666666666742e+02
4.690666666666666629e+02
4.449333333333333371e+02
4.435333333333333599e+02
4.398000000000000114e+02
4.390666666666666629e+02
4.601999999999999886e+02
4.253333333333333144e+02
4.618666666666666742e+02
4.659333333333333371e+02
4.700666666666666629e+02
4.604666666666666401e+02
4.518000000000000114e+02
4.668666666666666742e+02
4.433333333333333144e+02
4.486000000000000227e+02
4.660000000000000000e+02
4.570000000000000000e+02
4.633333333333333144e+02
4.320000000000000000e+02
4.565333333333333599e+02
4.664666666666666401e+02
4.723999999999999773e+02
4.636000000000000227e+02
4.609333333333333371e+02
4.681333333333333258e+02
4.694666666666666401e+02
4.788666666666666742e+02
4.801333333333333258e+02
4.737333333333333485e+02
4.609333333333333371e+02
4.486000000000000227e+02
4.792666666666666515e+02
4.833333333333333144e+02
4.783999999999999773e+02
4.637333333333333485e+02
4.607333333333333485e+02
4.533333333333333144e+02
4.703999999999999773e+02
4.718666666666666742e+02
4.766666666666666856e+02
4.591999999999999886e+02
4.625333333333333599e+02
4.414666666666666401e+02
4.608000000000000114e+02
4.755333333333333599e+02
4.576666666666666856e+02
4.758666666666666742e+02
4.760000000000000000e+02
4.739333333333333371e+02
4.782666666666666515e+02
4.804666666666666401e+02
4.707333333333333485e+02
4.774666666666666401e+02
4.797333333333333485e+02
4.791333333333333258e+02
4.795333333333333599e+02
4.990000000000000000e+02
4.963999999999999773e+02
4.876666666666666856e+02
4.675333333333333599e+02
4.753333333333333144e+02
4.618000000000000114e+02
4.706666666666666856e+02
4.837333333333333485e+02
4.716000000000000227e+02
4.808000000000000114e+02
4.760666666666666629e+02
4.911999999999999886e+02
4.738666666666666742e+02
4.851333333333333258e+02
4.757333333333333485e+02
4.819333333333333371e+02
4.840666666666666629e+02
4.826666666666666856e+02
4.829333333333333371e+02
4.830666666666666629e+02
4.990000000000000000e+02
4.840000000000000000e+02
4.846666666666666856e+02
4.846000000000000227e+02
4.836666666666666856e+02
4.903333333333333144e+02
4.990000000000000000e+02
4.601999999999999886e+02
4.850000000000000000e+02
4.871333333333333258e+02
4.875333333333333599e+02
4.858666666666666742e+02
4.880000000000000000e+02
4.990000000000000000e+02
4.880666666666666629e+02
4.867333333333333485e+02
4.945333333333333599e+02
4.847333333333333485e+02
4.883999999999999773e+02
4.856666666666666856e+02
4.850666666666666629e+02
4.961333333333333258e+02
4.870000000000000000e+02
4.881333333333333258e+02
4.889333333333333371e+02
4.766666666666666856e+02
4.964666666666666401e+02
4.851333333333333258e+02
4.979333333333333371e+02
4.901333333333333258e+02
4.963333333333333144e+02
4.936666666666666856e+02
4.868000000000000114e+02
4.871333333333333258e+02
4.883999999999999773e+02
4.976000000000000227e+02
4.841333333333333258e+02
4.958666666666666742e+02
4.949333333333333371e+02
4.913999999999999773e+02
4.828000000000000114e+02
4.978666666666666742e+02
4.976666666666666856e+02
4.916666666666666856e+02
4.914666666666666401e+02
4.990000000000000000e+02
4.919333333333333371e+02
4.990000000000000000e+02
4.944666666666666401e+02
4.937333333333333485e+02
4.990000000000000000e+02
4.978666666666666742e+02
4.874666666666666401e+02
4.973333333333333144e+02
4.932666666666666515e+02
4.990000000000000000e+02
4.990000000000000000e+02
4.990000000000000000e+02
4.990000000000000000e+02
4.990000000000000000e+02
4.976000000000000227e+02
4.990000000000000000e+02
4.990000000000000000e+02
4.990000000000000000e+02
4.990000000000000000e+02
4.990000000000000000e+02
4.901333333333333258e+02
4.990000000000000000e+02
4.990000000000000000e+02
4.990000000000000000e+02
4.990000000000000000e+02
4.990000000000000000e+02
4.990000000000000000e+02
4.990000000000000000e+02
4.990000000000000000e+02
4.990000000000000000e+02
4.990000000000000000e+02
4.990000000000000000e+02
4.990000000000000000e+02
4.990000000000000000e+02
4.990000000000000000e+02
4.990000000000000000e+02
4.990000000000000000e+02
4.990000000000000000e+02
4.990000000000000000e+02
4.990000000000000000e+02
4.971333333333333258e+02
4.990000000000000000e+02
4.990000000000000000e+02
4.990000000000000000e+02
4.990000000000000000e+02
4.990000000000000000e+02
4.990000000000000000e+02
4.990000000000000000e+02
4.990000000000000000e+02
4.990000000000000000e+02
4.990000000000000000e+02
4.990000000000000000e+02
4.976000000000000227e+02
4.990000000000000000e+02
4.990000000000000000e+02
4.990000000000000000e+02
4.990000000000000000e+02
4.990000000000000000e+02
4.842666666666666515e+02
4.990000000000000000e+02
4.852666666666666515e+02
4.990000000000000000e+02
4.990000000000000000e+02
4.990000000000000000e+02
4.990000000000000000e+02
4.990000000000000000e+02
4.990000000000000000e+02
4.990000000000000000e+02
4.990000000000000000e+02
4.990000000000000000e+02
4.990000000000000000e+02
4.990000000000000000e+02
4.990000000000000000e+02
4.990000000000000000e+02
4.990000000000000000e+02
4.990000000000000000e+02
4.990000000000000000e+02
4.990000000000000000e+02
4.990000000000000000e+02
4.990000000000000000e+02
4.990000000000000000e+02
4.990000000000000000e+02
4.990000000000000000e+02
4.990000000000000000e+02
4.990000000000000000e+02
4.990000000000000000e+02
4.990000000000000000e+02
4.990000000000000000e+02
4.990000000000000000e+02
4.990000000000000000e+02
4.990000000000000000e+02
4.990000000000000000e+02
4.990000000000000000e+02
4.900666666666666629e+02
4.990000000000000000e+02
4.990000000000000000e+02
4.990000000000000000e+02
4.990000000000000000e+02
4.990000000000000000e+02
4.990000000000000000e+02
4.990000000000000000e+02
4.870000000000000000e+02
4.990000000000000000e+02
4.990000000000000000e+02
4.990000000000000000e+02
4.990000000000000000e+02
4.990000000000000000e+02
4.990000000000000000e+02
