9.900050000000000239e-01
9.800100000000000477e-01
9.700150000000000716e-01
9.600200000000000955e-01
9.500250000000001194e-01
9.400300000000001432e-01
9.300350000000001671e-01
9.200400000000001910e-01
9.107113333333335392e-01
9.020490000000002118e-01
8.920540000000002356e-01
8.833916666666669082e-01
8.760620000000003404e-01
8.673996666666670130e-01
8.594036666666670099e-01
8.527403333333336555e-01
8.487423333333337094e-01
8.454106666666670877e-01
8.394136666666670576e-01
8.354156666666671116e-01
8.314176666666670545e-01
8.260870000000004598e-01
8.220890000000004028e-01
8.174246666666671324e-01
8.140930000000003997e-01
8.087623333333338049e-01
8.060970000000005076e-01
8.027653333333337748e-01
8.007663333333338018e-01
7.967683333333338558e-01
7.947693333333337717e-01
7.927703333333337987e-01
7.887723333333338527e-01
7.867733333333338797e-01
7.841080000000004713e-01
7.814426666666671739e-01
7.794436666666672009e-01
7.781110000000005522e-01
7.754456666666672549e-01
7.754456666666672549e-01
7.741130000000004951e-01
7.714476666666671978e-01
7.687823333333339004e-01
7.654506666666672787e-01
7.614526666666672217e-01
7.601200000000005730e-01
7.594536666666672486e-01
7.574546666666672756e-01
7.541230000000005429e-01
7.534566666666672186e-01
7.501250000000005969e-01
7.487923333333339482e-01
7.474596666666672995e-01
7.467933333333339752e-01
7.454606666666673265e-01
7.447943333333338911e-01
7.421290000000005938e-01
7.407963333333339451e-01
7.401300000000006207e-01
7.387973333333339720e-01
7.367983333333339990e-01
7.361320000000006747e-01
7.347993333333339150e-01
7.328003333333339420e-01
7.314676666666672933e-01
7.314676666666672933e-01
7.314676666666672933e-01
7.294686666666673203e-01
7.281360000000006716e-01
7.274696666666673472e-01
7.268033333333340229e-01
7.241380000000006145e-01
7.228053333333339658e-01
7.221390000000006415e-01
7.221390000000006415e-01
7.201400000000006685e-01
7.188073333333340198e-01
7.174746666666673711e-01
7.174746666666673711e-01
7.174746666666673711e-01
7.174746666666673711e-01
7.161420000000007224e-01
7.154756666666673981e-01
7.148093333333339627e-01
7.128103333333339897e-01
7.114776666666673410e-01
7.101450000000006924e-01
7.088123333333340437e-01
7.074796666666673950e-01
7.068133333333340707e-01
7.061470000000007463e-01
7.061470000000007463e-01
7.041480000000006623e-01
7.041480000000006623e-01
7.034816666666673379e-01
7.008163333333340406e-01
7.008163333333340406e-01
7.001500000000007162e-01
6.994836666666673919e-01
6.988173333333340675e-01
6.981510000000007432e-01
6.981510000000007432e-01
6.981510000000007432e-01
6.981510000000007432e-01
6.968183333333340945e-01
6.968183333333340945e-01
6.961520000000007702e-01
6.961520000000007702e-01
6.961520000000007702e-01
6.941530000000006861e-01
6.934866666666673618e-01
6.928203333333340375e-01
6.921540000000007131e-01
6.914876666666673888e-01
6.901550000000007401e-01
6.894886666666674158e-01
6.888223333333340914e-01
6.881560000000007671e-01
6.881560000000007671e-01
6.868233333333341184e-01
6.868233333333341184e-01
6.868233333333341184e-01
6.854906666666674697e-01
6.841580000000007100e-01
6.834916666666673857e-01
6.828253333333340613e-01
6.814926666666674127e-01
6.814926666666674127e-01
6.814926666666674127e-01
6.808263333333340883e-01
6.801600000000007640e-01
6.801600000000007640e-01
6.794936666666674396e-01
6.794936666666674396e-01
6.788273333333341153e-01
6.781610000000007910e-01
6.761620000000008179e-01
6.754956666666674936e-01
6.734966666666674096e-01
6.728303333333340852e-01
6.721640000000007609e-01
6.721640000000007609e-01
6.721640000000007609e-01
6.714976666666674365e-01
6.714976666666674365e-01
6.708313333333341122e-01
6.674996666666674905e-01
6.655006666666675175e-01
6.648343333333340821e-01
6.648343333333340821e-01
6.628353333333341091e-01
6.628353333333341091e-01
6.628353333333341091e-01
6.621690000000007847e-01
6.621690000000007847e-01
6.608363333333341361e-01
6.601700000000008117e-01
6.601700000000008117e-01
6.595036666666674874e-01
6.595036666666674874e-01
6.588373333333341630e-01
6.581710000000008387e-01
6.581710000000008387e-01
6.581710000000008387e-01
6.575046666666675144e-01
6.568383333333341900e-01
6.568383333333341900e-01
6.568383333333341900e-01
6.568383333333341900e-01
6.568383333333341900e-01
6.561720000000008657e-01
6.555056666666675413e-01
6.555056666666675413e-01
6.548393333333341060e-01
6.548393333333341060e-01
6.535066666666674573e-01
6.528403333333341330e-01
6.521740000000008086e-01
6.521740000000008086e-01
6.515076666666674843e-01
6.508413333333341599e-01
6.501750000000008356e-01
6.488423333333341869e-01
6.488423333333341869e-01
6.488423333333341869e-01
6.488423333333341869e-01
6.488423333333341869e-01
6.488423333333341869e-01
6.488423333333341869e-01
6.481760000000008626e-01
6.468433333333342139e-01
6.468433333333342139e-01
6.468433333333342139e-01
6.461770000000008896e-01
6.461770000000008896e-01
6.448443333333341299e-01
6.448443333333341299e-01
6.435116666666674812e-01
6.421790000000008325e-01
6.408463333333341838e-01
6.401800000000008595e-01
6.401800000000008595e-01
6.401800000000008595e-01
6.395136666666675351e-01
6.381810000000008865e-01
6.381810000000008865e-01
6.375146666666675621e-01
6.375146666666675621e-01
6.368483333333342378e-01
6.348493333333341537e-01
6.348493333333341537e-01
6.348493333333341537e-01
6.328503333333341807e-01
6.321840000000008564e-01
6.321840000000008564e-01
6.295186666666675590e-01
6.288523333333342347e-01
6.281860000000009103e-01
6.275196666666675860e-01
6.261870000000009373e-01
6.248543333333341776e-01
6.228553333333342046e-01
6.221890000000008802e-01
6.201900000000009072e-01
6.168583333333342855e-01
6.161920000000009612e-01
6.148593333333342015e-01
6.135266666666675528e-01
6.121940000000009041e-01
6.108613333333342554e-01
6.075296666666676337e-01
6.041980000000009010e-01
6.008663333333342793e-01
5.988673333333343063e-01
5.982010000000009819e-01
5.962020000000010089e-01
5.942030000000009249e-01
5.928703333333342762e-01
5.915376666666676275e-01
5.902050000000009788e-01
5.882060000000010058e-01
5.868733333333343571e-01
5.862070000000010328e-01
5.848743333333342731e-01
5.828753333333343001e-01
5.802100000000010027e-01
5.775446666666677054e-01
5.762120000000010567e-01
5.748793333333342970e-01
5.748793333333342970e-01
5.722140000000009996e-01
5.708813333333343509e-01
5.688823333333343779e-01
5.668833333333344049e-01
5.642180000000009965e-01
5.608863333333343748e-01
5.582210000000010774e-01
5.575546666666677531e-01
5.562220000000011044e-01
5.555556666666677801e-01
5.502250000000010743e-01
5.475596666666677770e-01
5.455606666666678040e-01
5.428953333333343956e-01
5.408963333333344226e-01
5.395636666666677739e-01
5.388973333333344495e-01
5.375646666666678009e-01
5.348993333333343925e-01
5.329003333333344195e-01
5.309013333333344464e-01
5.295686666666677977e-01
5.289023333333344734e-01
5.262370000000011760e-01
5.242380000000010920e-01
5.215726666666677946e-01
5.209063333333344703e-01
5.175746666666678486e-01
5.155756666666678756e-01
5.155756666666678756e-01
5.129103333333344672e-01
5.115776666666678185e-01
5.089123333333345212e-01
5.069133333333345481e-01
5.042480000000011398e-01
5.035816666666678154e-01
5.002500000000011937e-01
4.975846666666678408e-01
4.955856666666678678e-01
4.955856666666678678e-01
4.935866666666678948e-01
4.915876666666678663e-01
4.875896666666678647e-01
4.855906666666678917e-01
4.835916666666679187e-01
4.815926666666678901e-01
4.775946666666678886e-01
4.762620000000012399e-01
4.755956666666679156e-01
4.729303333333346182e-01
4.702650000000012653e-01
4.702650000000012653e-01
4.695986666666679410e-01
4.669333333333345881e-01
4.622690000000012622e-01
4.609363333333346135e-01
4.602700000000012892e-01
4.576046666666679363e-01
4.549393333333346390e-01
4.509413333333346374e-01
4.489423333333346644e-01
4.449443333333346628e-01
4.429453333333346898e-01
4.389473333333346883e-01
4.349493333333346867e-01
4.316176666666680095e-01
4.289523333333347122e-01
4.262870000000013593e-01
4.249543333333347106e-01
4.222890000000013577e-01
4.189573333333347360e-01
4.156256666666680588e-01
4.129603333333347615e-01
4.122940000000013816e-01
4.089623333333347599e-01
4.049643333333347583e-01
4.016326666666680811e-01
3.989673333333347838e-01
3.969683333333347552e-01
3.949693333333347822e-01
3.896386666666681320e-01
3.863070000000014548e-01
3.843080000000014818e-01
3.783110000000015072e-01
3.763120000000014787e-01
3.736466666666681813e-01
3.709813333333348284e-01
3.696486666666681797e-01
3.656506666666681782e-01
3.623190000000014455e-01
3.589873333333348238e-01
3.536566666666681735e-01
3.489923333333348476e-01
3.463270000000014948e-01
3.409963333333347890e-01
3.356656666666681388e-01
3.330003333333347859e-01
3.276696666666681357e-01
3.230053333333348098e-01
3.203400000000015124e-01
3.176746666666681596e-01
3.130103333333348337e-01
3.090123333333348876e-01
3.050143333333348861e-01
3.016826666666682089e-01
2.963520000000015586e-01
2.936866666666682613e-01
2.890223333333349354e-01
2.850243333333349338e-01
2.823590000000015809e-01
2.803600000000015524e-01
2.763620000000015509e-01
2.716976666666682250e-01
2.676996666666682234e-01
2.650343333333349261e-01
2.623690000000015732e-01
2.597036666666682758e-01
2.577046666666682473e-01
2.543730000000016256e-01
2.503750000000016240e-01
2.483760000000016233e-01
2.437116666666682974e-01
2.410463333333349722e-01
2.377146666666683228e-01
2.357156666666683220e-01
2.330503333333349969e-01
2.303850000000016718e-01
2.263870000000016425e-01
2.243880000000016417e-01
2.203900000000016124e-01
2.157256666666683143e-01
2.123940000000016648e-01
2.090623333333350153e-01
2.063970000000016902e-01
2.043980000000016617e-01
2.017326666666683366e-01
1.977346666666683350e-01
1.930703333333350369e-01
1.890723333333350353e-01
1.850743333333350338e-01
1.797436666666683558e-01
1.750793333333350299e-01
1.704150000000016763e-01
1.664170000000017025e-01
1.610863333333350522e-01
1.570883333333350507e-01
1.530903333333350214e-01
1.477596666666683434e-01
1.450943333333350183e-01
1.410963333333350167e-01
1.377646666666683672e-01
1.337666666666683934e-01
1.297686666666683919e-01
1.257706666666683903e-01
1.224390000000017131e-01
1.184410000000017255e-01
1.137766666666683718e-01
1.097786666666683703e-01
1.057806666666683687e-01
1.017826666666683949e-01
9.778466666666839335e-02
9.445300000000171614e-02
9.178766666666837715e-02
8.845600000000171381e-02
8.712333333333503738e-02
8.579066666666837482e-02
8.179266666666838714e-02
7.912733333333504815e-02
7.579566666666838481e-02
7.446300000000172226e-02
7.179766666666838326e-02
6.979866666666838249e-02
6.779966666666838171e-02
6.713333333333504349e-02
6.446800000000171837e-02
6.380166666666838016e-02
6.113633333333504116e-02
5.847100000000171605e-02
5.647200000000172221e-02
5.447300000000172837e-02
5.114133333333505116e-02
4.980866666666838860e-02
4.780966666666838089e-02
4.514433333333504189e-02
4.247900000000170290e-02
3.914733333333503956e-02
3.714833333333503879e-02
3.448300000000170673e-02
3.248400000000170595e-02
2.981866666666836696e-02
2.715333333333503144e-02
2.582066666666837582e-02
2.382166666666837504e-02
2.182266666666837773e-02
2.049000000000171517e-02
1.915733333333504221e-02
1.849100000000171093e-02
1.715833333333504837e-02
1.582566666666838234e-02
1.515933333333505106e-02
1.382666666666838330e-02
1.316033333333505029e-02
1.249400000000171727e-02
1.116133333333504778e-02
9.828666666668378279e-03
8.496000000001712252e-03
7.163333333335042755e-03
5.830666666668374992e-03
4.498000000001708097e-03
3.165333333335041636e-03
1.832666666668374741e-03
5.000000000017080625e-04
-8.326666666649586157e-04
-1.498999999998292063e-03
-2.165333333331625077e-03
-2.831666666664958525e-03
-3.497999999998293273e-03
-4.164333333331627154e-03
-4.830666666664960168e-03
-5.496999999998294049e-03
-6.163333333331628798e-03
-6.829666666664961812e-03
-6.829666666664961812e-03
-7.495999999998294826e-03
-8.162333333331628707e-03
-8.828666666664961721e-03
-9.494999999998293000e-03
-9.494999999998293000e-03
-9.494999999998293000e-03
-9.494999999998293000e-03
-9.494999999998293000e-03
-9.494999999998293000e-03
-9.494999999998293000e-03
-9.494999999998293000e-03
-9.494999999998293000e-03
-9.494999999998293000e-03
-9.494999999998293000e-03
-9.494999999998293000e-03
-9.494999999998293000e-03
-9.494999999998293000e-03
-9.494999999998293000e-03
-9.494999999998293000e-03
-9.494999999998293000e-03
-9.494999999998293000e-03
-9.494999999998293000e-03
-9.494999999998293000e-03
-9.494999999998293000e-03
-9.494999999998293000e-03
-9.494999999998293000e-03
-9.494999999998293000e-03
-9.494999999998293000e-03
-9.494999999998293000e-03
-9.494999999998293000e-03
-9.494999999998293000e-03
-9.494999999998293000e-03
-9.494999999998293000e-03
-9.494999999998293000e-03
-9.494999999998293000e-03
-9.494999999998293000e-03
-9.494999999998293000e-03
-9.494999999998293000e-03
-9.494999999998293000e-03
-9.494999999998293000e-03
-9.494999999998293000e-03
-9.494999999998293000e-03
-9.494999999998293000e-03
-9.494999999998293000e-03
-9.494999999998293000e-03
-9.494999999998293000e-03
-9.494999999998293000e-03
-9.494999999998293000e-03
-9.494999999998293000e-03
-9.494999999998293000e-03
-9.494999999998293000e-03
-9.494999999998293000e-03
-9.494999999998293000e-03
-9.494999999998293000e-03
-9.494999999998293000e-03
-9.494999999998293000e-03
-9.494999999998293000e-03
-9.494999999998293000e-03
-9.494999999998293000e-03
-9.494999999998293000e-03
-9.494999999998293000e-03
-9.494999999998293000e-03
-9.494999999998293000e-03
-9.494999999998293000e-03
-9.494999999998293000e-03
-9.494999999998293000e-03
-9.494999999998293000e-03
-9.494999999998293000e-03
-9.494999999998293000e-03
-9.494999999998293000e-03
-9.494999999998293000e-03
-9.494999999998293000e-03
-9.494999999998293000e-03
-9.494999999998293000e-03
-9.494999999998293000e-03
-9.494999999998293000e-03
-9.494999999998293000e-03
-9.494999999998293000e-03
-9.494999999998293000e-03
-9.494999999998293000e-03
-9.494999999998293000e-03
-9.494999999998293000e-03
-9.494999999998293000e-03
-9.494999999998293000e-03
-9.494999999998293000e-03
-9.494999999998293000e-03
-9.494999999998293000e-03
-9.494999999998293000e-03
-9.494999999998293000e-03
-9.494999999998293000e-03
-9.494999999998293000e-03
-9.494999999998293000e-03
-9.494999999998293000e-03
-9.494999999998293000e-03
-9.494999999998293000e-03
-9.494999999998293000e-03
-9.494999999998293000e-03
-9.494999999998293000e-03
-9.494999999998293000e-03
-9.494999999998293000e-03
-9.494999999998293000e-03
-9.494999999998293000e-03
-9.494999999998293000e-03
-9.494999999998293000e-03
-9.494999999998293000e-03
-9.494999999998293000e-03
-9.494999999998293000e-03
-9.494999999998293000e-03
-9.494999999998293000e-03
-9.494999999998293000e-03
-9.494999999998293000e-03
-9.494999999998293000e-03
-9.494999999998293000e-03
-9.494999999998293000e-03
-9.494999999998293000e-03
-9.494999999998293000e-03
-9.494999999998293000e-03
-9.494999999998293000e-03
-9.494999999998293000e-03
-9.494999999998293000e-03
-9.494999999998293000e-03
-9.494999999998293000e-03
-9.494999999998293000e-03
-9.494999999998293000e-03
-9.494999999998293000e-03
-9.494999999998293000e-03
-9.494999999998293000e-03
-9.494999999998293000e-03
-9.494999999998293000e-03
-9.494999999998293000e-03
-9.494999999998293000e-03
-9.494999999998293000e-03
-9.494999999998293000e-03
-9.494999999998293000e-03
-9.494999999998293000e-03
-9.494999999998293000e-03
-9.494999999998293000e-03
-9.494999999998293000e-03
-9.494999999998293000e-03
-9.494999999998293000e-03
-9.494999999998293000e-03
-9.494999999998293000e-03
-9.494999999998293000e-03
-9.494999999998293000e-03
-9.494999999998293000e-03
-9.494999999998293000e-03
-9.494999999998293000e-03
-9.494999999998293000e-03
-9.494999999998293000e-03
-9.494999999998293000e-03
-9.494999999998293000e-03
-9.494999999998293000e-03
-9.494999999998293000e-03
-9.494999999998293000e-03
-9.494999999998293000e-03
-9.494999999998293000e-03
-9.494999999998293000e-03
-9.494999999998293000e-03
-9.494999999998293000e-03
-9.494999999998293000e-03
-9.494999999998293000e-03
-9.494999999998293000e-03
-9.494999999998293000e-03
-9.494999999998293000e-03
-9.494999999998293000e-03
-9.494999999998293000e-03
-9.494999999998293000e-03
-9.494999999998293000e-03
-9.494999999998293000e-03
-9.494999999998293000e-03
-9.494999999998293000e-03
-9.494999999998293000e-03
-9.494999999998293000e-03
-9.494999999998293000e-03
-9.494999999998293000e-03
-9.494999999998293000e-03
-9.494999999998293000e-03
-9.494999999998293000e-03
-9.494999999998293000e-03
-9.494999999998293000e-03
-9.494999999998293000e-03
-9.494999999998293000e-03
-9.494999999998293000e-03
-9.494999999998293000e-03
-9.494999999998293000e-03
-9.494999999998293000e-03
-9.494999999998293000e-03
-9.494999999998293000e-03
-9.494999999998293000e-03
-9.494999999998293000e-03
-9.494999999998293000e-03
-9.494999999998293000e-03
-9.494999999998293000e-03
-9.494999999998293000e-03
-9.494999999998293000e-03
-9.494999999998293000e-03
-9.494999999998293000e-03
-9.494999999998293000e-03
-9.494999999998293000e-03
-9.494999999998293000e-03
-9.494999999998293000e-03
-9.494999999998293000e-03
-9.494999999998293000e-03
-9.494999999998293000e-03
-9.494999999998293000e-03
-9.494999999998293000e-03
-9.494999999998293000e-03
-9.494999999998293000e-03
-9.494999999998293000e-03
-9.494999999998293000e-03
-9.494999999998293000e-03
-9.494999999998293000e-03
-9.494999999998293000e-03
-9.494999999998293000e-03
-9.494999999998293000e-03
-9.494999999998293000e-03
-9.494999999998293000e-03
-9.494999999998293000e-03
-9.494999999998293000e-03
-9.494999999998293000e-03
-9.494999999998293000e-03
-9.494999999998293000e-03
-9.494999999998293000e-03
-9.494999999998293000e-03
-9.494999999998293000e-03
-9.494999999998293000e-03
-9.494999999998293000e-03
