0.000000000000000000e+00
0.000000000000000000e+00
0.000000000000000000e+00
0.000000000000000000e+00
0.000000000000000000e+00
0.000000000000000000e+00
0.000000000000000000e+00
0.000000000000000000e+00
2.493191038720363358e-03
5.413317590289081459e-03
5.413317590289081459e-03
5.959866516029425215e-03
7.114493141936847204e-03
6.795293338447968429e-03
6.795293338447968429e-03
6.795293338447968429e-03
9.563682496240056424e-03
1.086756778472326712e-02
1.388150021511440693e-02
1.453767701143782697e-02
1.407210181726790271e-02
1.305741332219616246e-02
1.221409175228893584e-02
1.480999847700491083e-02
1.623995277086724351e-02
1.667165467359356737e-02
1.780494536170587963e-02
1.841781976480623764e-02
1.981151428392641592e-02
1.919687714765660677e-02
1.891729604239342222e-02
1.767982121578780957e-02
1.926613850487136903e-02
1.987863423097489812e-02
1.924307908487269542e-02
1.856189877739399322e-02
1.767982121578780957e-02
1.868111579465562069e-02
1.891729604239342222e-02
1.891729604239342222e-02
1.889381087375788248e-02
1.745233727104254437e-02
1.891729604239342222e-02
1.891729604239342222e-02
1.745233727104254437e-02
1.711841328316768968e-02
1.767982121578780957e-02
1.568362399305575985e-02
1.780494536170587963e-02
1.812622636464138876e-02
1.750314476506051320e-02
1.626726978390107686e-02
1.568362399305575985e-02
1.576832464855480731e-02
1.667165467359356737e-02
1.626726978390107686e-02
1.719604820881816959e-02
1.651108925002287356e-02
1.711841328316768968e-02
1.667165467359356737e-02
1.576832464855480731e-02
1.664500133173115598e-02
1.498879769101648697e-02
1.690964433557235608e-02
1.706646046750430815e-02
1.706646046750430815e-02
1.706646046750430815e-02
1.610267260081032700e-02
1.719604820881816959e-02
1.729901947767235534e-02
1.659156619758627924e-02
1.495914623232218361e-02
1.568362399305575985e-02
1.468958998747068451e-02
1.468958998747068451e-02
1.413506455591905138e-02
1.498879769101648697e-02
1.435325926594912919e-02
1.435325926594912919e-02
1.435325926594912919e-02
1.435325926594912919e-02
1.404051456796838286e-02
1.359058667689593686e-02
1.309137284202417130e-02
1.235864224833057787e-02
1.146403213921211306e-02
1.315902896620158892e-02
1.146403213921211306e-02
1.122924893105300102e-02
1.191973303205885043e-02
1.305741332219616246e-02
1.305741332219616246e-02
1.495914623232218361e-02
1.495914623232218361e-02
1.489966629007356304e-02
1.480999847700491256e-02
1.480999847700491256e-02
1.590849029082684954e-02
1.690964433557235608e-02
1.667165467359356737e-02
1.757908067372500327e-02
1.757908067372500327e-02
1.757908067372500327e-02
1.757908067372500327e-02
1.698823334611992281e-02
1.698823334611992281e-02
1.664500133173115598e-02
1.664500133173115598e-02
1.664500133173115598e-02
1.704042466215749396e-02
1.812622636464139222e-02
1.805259210073595008e-02
1.719604820881816959e-02
1.626726978390107686e-02
1.711841328316768621e-02
1.729901947767235534e-02
1.745233727104254437e-02
1.795394331801972512e-02
1.795394331801972512e-02
1.812622636464139222e-02
1.812622636464139222e-02
1.812622636464139222e-02
1.667165467359356737e-02
1.704042466215749396e-02
1.698823334611991934e-02
1.690964433557235608e-02
1.856189877739399322e-02
1.856189877739399322e-02
1.856189877739399322e-02
1.877594440293804678e-02
1.965400968420094943e-02
1.965400968420094943e-02
1.981151428392641245e-02
1.981151428392641245e-02
2.060252669509786763e-02
2.071000017704807336e-02
2.243871934848327282e-02
2.333118377241539740e-02
2.383946606411770086e-02
2.487842750032416908e-02
2.453699555093621920e-02
2.453699555093621920e-02
2.453699555093621920e-02
2.525042889844749880e-02
2.525042889844749880e-02
2.643588801021985041e-02
2.814420363453580889e-02
3.050613434850250535e-02
2.984399810496048133e-02
2.984399810496048133e-02
3.085346395823681045e-02
3.085346395823681045e-02
3.085346395823681045e-02
3.164907977598498817e-02
3.164907977598498817e-02
3.128220332535552178e-02
3.223290647769752604e-02
3.223290647769752604e-02
3.212251948745953323e-02
3.212251948745953323e-02
3.199787893317645321e-02
3.143794279741167486e-02
3.143794279741167486e-02
3.143794279741167486e-02
3.106857321403013947e-02
3.089660562082644640e-02
3.089660562082644640e-02
3.089660562082644640e-02
3.089660562082644640e-02
3.089660562082644640e-02
3.027236742201258948e-02
3.028703071539947528e-02
3.028703071539947528e-02
2.961999695400982513e-02
2.961999695400982513e-02
2.889152486264588010e-02
2.884538452200314032e-02
2.901420704873153289e-02
2.901420704873153289e-02
2.893759163364414619e-02
2.884538452200314032e-02
2.896826211563262310e-02
2.893759163364414619e-02
2.893759163364414619e-02
2.893759163364414619e-02
2.893759163364414619e-02
2.893759163364414619e-02
2.893759163364414619e-02
2.893759163364414619e-02
2.760261202615910126e-02
2.723013377777553853e-02
2.723013377777553853e-02
2.723013377777553853e-02
2.601261558039348956e-02
2.601261558039348956e-02
2.628429517580575109e-02
2.628429517580575109e-02
2.673649526188661904e-02
2.507397370448749552e-02
2.566897280548806337e-02
2.631805793240318131e-02
2.631805793240318131e-02
2.631805793240318131e-02
2.668662920307131661e-02
2.736026658008524834e-02
2.736026658008524834e-02
2.790656186076825168e-02
2.790656186076825168e-02
2.795425183322837459e-02
3.028703071539947528e-02
3.028703071539947528e-02
3.028703071539947528e-02
2.884538452200314032e-02
2.969485175357274714e-02
2.969485175357274714e-02
3.041868227842145153e-02
3.136724798611152665e-02
3.164907977598498817e-02
3.041868227842144806e-02
3.092533329381154383e-02
3.281987613559123051e-02
3.273860516610652832e-02
3.329000266346231890e-02
3.594496241941736586e-02
3.751640110967755654e-02
3.736223158931124139e-02
3.790493845866985123e-02
3.891067178665618548e-02
3.951081359155565742e-02
4.005766345601734918e-02
4.120505339019573526e-02
4.376547131396307105e-02
4.637603409329232179e-02
4.728619840456140672e-02
4.844568698381025718e-02
4.769755307490440577e-02
4.880180935170323059e-02
4.929966133983285786e-02
5.120805265016636215e-02
5.004158897024209990e-02
5.059747662351013475e-02
5.131199332406486541e-02
5.222965328878464986e-02
5.299759148196147435e-02
5.406752011656851958e-02
5.388655422892294627e-02
5.406752011656851958e-02
5.336493898306877287e-02
5.387007263984528588e-02
5.387007263984528588e-02
5.378758894020056747e-02
5.431332008100966252e-02
5.312310896608188338e-02
5.259392257877529286e-02
5.484210747834780686e-02
5.480161267294549748e-02
5.573351574531539010e-02
5.588467394156954038e-02
5.568569633218197618e-02
5.664225280555915121e-02
5.700948003037142886e-02
5.694714050376489811e-02
5.792119508051900983e-02
5.833366825046697873e-02
5.799014434846268967e-02
5.901471741485794786e-02
5.826512550021272635e-02
5.867518096738636585e-02
6.017694663425691981e-02
6.166374097924596370e-02
6.177165170924985016e-02
6.155564107555215603e-02
6.213714642806027894e-02
6.423812756196002616e-02
6.547042899406300964e-02
6.638633219939829577e-02
6.714444972015334856e-02
6.832435267327602313e-02
6.865497199442682774e-02
6.865497199442682774e-02
6.986656726615049495e-02
7.103875887773423992e-02
6.826584187001723258e-02
6.959914663429574155e-02
7.159285776295455650e-02
7.111372065611200333e-02
7.114493141936846510e-02
7.239459449127075286e-02
7.122601539855737129e-02
7.122601539855737129e-02
7.102000607027711410e-02
6.961828217421675569e-02
7.043619269633709379e-02
7.206264843561838163e-02
7.467691340404696010e-02
7.575714775664535439e-02
7.616047171305813379e-02
7.601458706064233295e-02
7.566918416957368887e-02
7.694346938860717466e-02
7.793536758109229079e-02
7.793536758109229079e-02
7.890917283955137251e-02
8.034775426578844026e-02
7.692038403873603658e-02
7.642236231336693719e-02
7.767857819244615436e-02
7.694346938860714691e-02
7.749545472406017821e-02
7.711638923226497855e-02
7.706455401948546224e-02
7.835014700829982803e-02
8.057951119787745697e-02
8.159795136044893649e-02
8.151629078220413993e-02
8.440631364352345345e-02
8.689456766424193124e-02
9.005119671238852319e-02
8.916426408351901811e-02
9.110996694837120158e-02
8.968559534779735332e-02
9.159599390560439758e-02
9.134844327202398806e-02
9.015467838110212406e-02
9.217584350697413664e-02
9.130468819410197945e-02
9.303884224463557229e-02
9.353858128898213942e-02
9.556716112533382435e-02
9.751259600459583066e-02
9.978105276832628656e-02
1.003357290267693908e-01
1.025027737640952508e-01
1.042678604396706094e-01
1.046249431987100048e-01
1.051878451575506274e-01
1.060579974112695195e-01
1.069957890054036159e-01
1.096032253458910921e-01
1.124426394389599904e-01
1.143611265810583200e-01
1.171686111360696891e-01
1.200436071026782237e-01
1.213641614563375076e-01
1.236295265091994638e-01
1.266839690577390432e-01
1.291105734305115493e-01
1.320685441916009395e-01
1.336725120268019429e-01
1.368500079892822630e-01
1.398570015940883982e-01
1.423584949047843606e-01
1.438199887923169717e-01
1.450189962139058764e-01
1.468898546515569059e-01
1.466145333155390307e-01
1.492199905248026148e-01
1.502518873410764177e-01
1.519707530400357109e-01
1.545491183324359530e-01
1.573590995038629259e-01
1.563315135089530239e-01
1.553943050529486281e-01
1.543450095129593747e-01
1.543622685855868537e-01
1.543335023922759175e-01
1.535229686340848221e-01
1.539129037092802910e-01
1.533638219594176955e-01
1.530247230352009824e-01
1.527284840405787048e-01
1.515670338460473332e-01
1.515582453983358446e-01
1.502341560638665030e-01
1.507828560863453682e-01
1.509858990266603196e-01
1.518450716026041036e-01
1.519239999999999202e-01
1.530160183096309356e-01
1.530682392377115952e-01
1.524520574351891089e-01
1.514146285447126317e-01
1.497635122881700587e-01
1.498050119855807161e-01
1.502045992837768573e-01
1.504733520136445901e-01
1.493449081206170148e-01
1.475954655521487524e-01
1.471616438463349552e-01
1.467991464310636485e-01
1.452300977009318150e-01
1.435882626106867455e-01
1.434552374436011413e-01
1.430740407015425320e-01
1.423117039045707077e-01
1.418523353193578418e-01
1.421243858558019491e-01
1.417959838343651191e-01
1.429840169956845541e-01
1.429653843239295230e-01
1.436160894940241017e-01
1.439033188714638478e-01
1.437551431134049540e-01
1.417677996921569983e-01
1.408881434590339155e-01
1.399395187238638982e-01
1.373196443298950742e-01
1.368727171068880866e-01
1.365999585269173644e-01
1.354247709599523120e-01
1.334231631122905215e-01
1.326388344440143918e-01
1.311272218225067454e-01
1.296116823592688150e-01
1.299947853911413154e-01
1.304652760682149804e-01
1.281475247890319358e-01
1.274701065592329929e-01
1.239200865190501905e-01
1.235936075315655636e-01
1.218606897905235714e-01
1.204645160682412258e-01
1.199659101643277131e-01
1.194763724433505619e-01
1.169486187291951806e-01
1.166559188620772403e-01
1.142795662759630015e-01
1.120272607032175155e-01
1.109279905133655625e-01
1.099631712256426141e-01
1.061207746778274202e-01
1.058694422621035691e-01
1.052384852207382815e-01
1.036699893390346100e-01
1.012870503437301589e-01
9.792153184849361480e-02
9.783988141629951230e-02
9.585477713360629481e-02
9.370456871110034724e-02
9.046932103327746943e-02
8.733797518198420373e-02
8.519170039518063342e-02
8.190751906198165400e-02
7.868942463606884430e-02
7.672966488479757152e-02
7.575714775664556255e-02
7.463528250097269112e-02
7.139412633792473206e-02
6.816821226120640953e-02
6.598382445384291806e-02
6.275572472337130614e-02
6.177165170925000975e-02
6.087384436137850685e-02
5.775999337680788603e-02
5.467994831949116868e-02
5.163975859096684579e-02
4.864689704618603561e-02
4.571066093253180890e-02
4.284269435193512748e-02
4.005766345601746020e-02
3.737411336146393565e-02
3.481551813966486664e-02
3.241148350336481299e-02
2.991829246464444356e-02
2.742510142592407760e-02
2.493191038720369429e-02
2.243871934848332833e-02
1.994552830976296237e-02
1.745233727104259294e-02
1.495914623232222004e-02
1.246595519360184368e-02
9.972764154881477716e-03
9.972764154881477716e-03
7.479573116161110022e-03
4.986382077440739725e-03
2.493191038720369863e-03
0.000000000000000000e+00
0.000000000000000000e+00
0.000000000000000000e+00
0.000000000000000000e+00
0.000000000000000000e+00
0.000000000000000000e+00
0.000000000000000000e+00
0.000000000000000000e+00
0.000000000000000000e+00
0.000000000000000000e+00
0.000000000000000000e+00
0.000000000000000000e+00
0.000000000000000000e+00
0.000000000000000000e+00
0.000000000000000000e+00
0.000000000000000000e+00
0.000000000000000000e+00
0.000000000000000000e+00
0.000000000000000000e+00
0.000000000000000000e+00
0.000000000000000000e+00
0.000000000000000000e+00
0.000000000000000000e+00
0.000000000000000000e+00
0.000000000000000000e+00
0.000000000000000000e+00
0.000000000000000000e+00
0.000000000000000000e+00
0.000000000000000000e+00
0.000000000000000000e+00
0.000000000000000000e+00
0.000000000000000000e+00
0.000000000000000000e+00
0.000000000000000000e+00
0.000000000000000000e+00
0.000000000000000000e+00
0.000000000000000000e+00
0.000000000000000000e+00
0.000000000000000000e+00
0.000000000000000000e+00
0.000000000000000000e+00
0.000000000000000000e+00
0.000000000000000000e+00
0.000000000000000000e+00
0.000000000000000000e+00
0.000000000000000000e+00
0.000000000000000000e+00
0.000000000000000000e+00
0.000000000000000000e+00
0.000000000000000000e+00
0.000000000000000000e+00
0.000000000000000000e+00
0.000000000000000000e+00
0.000000000000000000e+00
0.000000000000000000e+00
0.000000000000000000e+00
0.000000000000000000e+00
0.000000000000000000e+00
0.000000000000000000e+00
0.000000000000000000e+00
0.000000000000000000e+00
0.000000000000000000e+00
0.000000000000000000e+00
0.000000000000000000e+00
0.000000000000000000e+00
0.000000000000000000e+00
0.000000000000000000e+00
0.000000000000000000e+00
0.000000000000000000e+00
0.000000000000000000e+00
0.000000000000000000e+00
0.000000000000000000e+00
0.000000000000000000e+00
0.000000000000000000e+00
0.000000000000000000e+00
0.000000000000000000e+00
0.000000000000000000e+00
0.000000000000000000e+00
0.000000000000000000e+00
0.000000000000000000e+00
0.000000000000000000e+00
0.000000000000000000e+00
0.000000000000000000e+00
0.000000000000000000e+00
0.000000000000000000e+00
0.000000000000000000e+00
0.000000000000000000e+00
0.000000000000000000e+00
0.000000000000000000e+00
0.000000000000000000e+00
0.000000000000000000e+00
0.000000000000000000e+00
0.000000000000000000e+00
0.000000000000000000e+00
0.000000000000000000e+00
0.000000000000000000e+00
0.000000000000000000e+00
0.000000000000000000e+00
0.000000000000000000e+00
0.000000000000000000e+00
0.000000000000000000e+00
0.000000000000000000e+00
0.000000000000000000e+00
0.000000000000000000e+00
0.000000000000000000e+00
0.000000000000000000e+00
0.000000000000000000e+00
0.000000000000000000e+00
0.000000000000000000e+00
0.000000000000000000e+00
0.000000000000000000e+00
0.000000000000000000e+00
0.000000000000000000e+00
0.000000000000000000e+00
0.000000000000000000e+00
0.000000000000000000e+00
0.000000000000000000e+00
0.000000000000000000e+00
0.000000000000000000e+00
0.000000000000000000e+00
0.000000000000000000e+00
0.000000000000000000e+00
0.000000000000000000e+00
0.000000000000000000e+00
0.000000000000000000e+00
0.000000000000000000e+00
0.000000000000000000e+00
0.000000000000000000e+00
0.000000000000000000e+00
0.000000000000000000e+00
0.000000000000000000e+00
0.000000000000000000e+00
0.000000000000000000e+00
0.000000000000000000e+00
0.000000000000000000e+00
0.000000000000000000e+00
0.000000000000000000e+00
0.000000000000000000e+00
0.000000000000000000e+00
0.000000000000000000e+00
0.000000000000000000e+00
0.000000000000000000e+00
0.000000000000000000e+00
0.000000000000000000e+00
0.000000000000000000e+00
0.000000000000000000e+00
0.000000000000000000e+00
0.000000000000000000e+00
0.000000000000000000e+00
0.000000000000000000e+00
0.000000000000000000e+00
0.000000000000000000e+00
0.000000000000000000e+00
0.000000000000000000e+00
0.000000000000000000e+00
0.000000000000000000e+00
0.000000000000000000e+00
0.000000000000000000e+00
0.000000000000000000e+00
0.000000000000000000e+00
0.000000000000000000e+00
0.000000000000000000e+00
0.000000000000000000e+00
0.000000000000000000e+00
0.000000000000000000e+00
0.000000000000000000e+00
0.000000000000000000e+00
0.000000000000000000e+00
0.000000000000000000e+00
0.000000000000000000e+00
0.000000000000000000e+00
0.000000000000000000e+00
0.000000000000000000e+00
0.000000000000000000e+00
0.000000000000000000e+00
0.000000000000000000e+00
0.000000000000000000e+00
0.000000000000000000e+00
0.000000000000000000e+00
0.000000000000000000e+00
0.000000000000000000e+00
0.000000000000000000e+00
0.000000000000000000e+00
0.000000000000000000e+00
0.000000000000000000e+00
0.000000000000000000e+00
0.000000000000000000e+00
0.000000000000000000e+00
0.000000000000000000e+00
0.000000000000000000e+00
0.000000000000000000e+00
0.000000000000000000e+00
0.000000000000000000e+00
0.000000000000000000e+00
0.000000000000000000e+00
0.000000000000000000e+00
0.000000000000000000e+00
0.000000000000000000e+00
0.000000000000000000e+00
0.000000000000000000e+00
0.000000000000000000e+00
0.000000000000000000e+00
0.000000000000000000e+00
0.000000000000000000e+00
0.000000000000000000e+00
0.000000000000000000e+00
0.000000000000000000e+00
0.000000000000000000e+00
0.000000000000000000e+00
0.000000000000000000e+00
0.000000000000000000e+00
0.000000000000000000e+00
0.000000000000000000e+00
0.000000000000000000e+00
0.000000000000000000e+00
0.000000000000000000e+00
0.000000000000000000e+00
0.000000000000000000e+00
0.000000000000000000e+00
0.000000000000000000e+00
0.000000000000000000e+00
0.000000000000000000e+00
0.000000000000000000e+00
0.000000000000000000e+00
