1.073602450734079738e+01
8.900936280339651674e+00
8.272041263597920135e+00
1.221729193488566168e+01
8.875434261676062420e+00
1.420422472365176070e+01
1.184604950558999192e+01
6.651983831075424902e+00
1.138693208121582856e+01
1.091095270308183984e+01
8.897939836464018981e+00
7.190734779330041349e+00
6.689959308961120676e+00
1.154123043700280604e+01
6.819579654690357984e+00
1.388844443733310463e+01
5.485333981526456348e+00
1.577283177562679128e+01
1.124988888834018752e+01
8.599741598185119074e+00
6.818276093624318079e+00
8.114185110040317284e+00
1.307652689193715467e+01
9.957688263626030434e+00
5.559376463837168991e+00
1.263258572985840544e+01
9.258269576738168638e+00
1.087995098028172869e+01
9.742461473136835082e+00
1.000444345722883632e+01
6.845598748263165945e+00
5.804213029247710764e+00
8.105964881904354158e+00
6.487595000374860810e+00
1.060482070674569322e+01
6.027345094557709615e+00
5.026153819992203786e+00
1.027921311298789142e+01
6.930127463955238376e+00
3.176301133219092687e+00
5.425863986500213620e+00
8.059776671843954077e+00
8.701468586138524586e+00
9.091143431323086332e+00
1.118610248875312507e+01
6.284372151085048763e+00
5.438954147832304464e+00
8.317050759333703525e+00
7.720103626247513340e+00
9.233754503029752314e+00
1.907109505683055062e+01
7.319987856699095019e+00
5.755770051773167140e+00
5.729456053297439233e+00
8.168775237995527405e+00
8.132240363721017218e+00
1.064247256149726795e+01
6.837803415977645294e+00
5.597618541248888135e+00
7.319380665967123889e+00
8.729006561777552520e+00
1.056703469390643235e+01
9.562891241088591343e+00
7.336363010526552486e+00
9.144761706390532652e+00
5.114684741017769376e+00
4.758150901348127348e+00
1.218450746736289858e+01
6.965310872858120561e+00
1.467726889520738531e+01
5.253570214625479018e+00
1.162678899018220591e+01
7.060374557265987505e+00
5.579326920775380394e+00
5.035871324805668792e+00
1.169539320511380609e+01
8.089499366462675312e+00
7.767167365834786175e+00
5.645056834671079216e+00
4.715930449020638626e+00
6.350503042191924408e+00
9.412521211426593482e+00
6.772493386240157065e+00
7.821906559287334026e+00
8.381461023526201259e+00
6.365183073216005738e+00
1.480480402512043447e+01
7.499925925560124718e+00
7.185169912163988926e+00
5.778888782071822661e+00
5.912698199637793195e+00
6.248199740725323359e+00
1.746564882530531548e+01
6.611774009715967182e+00
6.470445631227161876e+00
1.638291793301791444e+01
3.684200501239493164e+00
7.246148402197313487e+00
1.042731455787581396e+01
6.810449487531805346e+00
6.075817274701038606e+00
6.252466180103123605e+00
6.470445631227161876e+00
4.759084879353265407e+00
7.718376340483362519e+00
3.138293945583952027e+00
7.473211417382012556e+00
5.482902718653890339e+00
3.434465832637668914e+00
1.049740708725519234e+01
7.718952145351221539e+00
1.553433473166957235e+01
5.930711031009126444e+00
6.360992235667500161e+00
8.977502746062267391e+00
8.883442776061292179e+00
6.186005711819757558e+00
1.043626156990881348e+01
6.373556481449130118e+00
1.030986582518576355e+01
6.402777175222916561e+00
4.763752022653291895e+00
1.051855503384376433e+01
1.479399277484689712e+01
7.898241717130606077e+00
7.295660810829041054e+00
2.099163854702364063e+01
5.339995838533543093e+00
4.972814986392404712e+00
7.446401069569707154e+00
1.257934815481310942e+01
6.162971866090435569e+00
9.415353890793955571e+00
7.161626134397752530e+00
1.144727041700334880e+01
7.009200303093705564e+00
1.188537850563549370e+01
9.882419856605073605e+00
1.551286204698826232e+01
9.212069377844601448e+00
7.131775530835376742e+00
5.458530530788991975e+00
7.361763073853677675e+00
2.066387077862121302e+01
6.955733047078663134e+00
1.343031397002070726e+01
2.231432026499773968e+01
1.833466661818534149e+01
8.285462503016285396e+00
7.841768508017393557e+00
1.348183963708217270e+01
6.835853193924579685e+00
6.771180760317131231e+00
9.506956517320473310e+00
4.077035960378841750e+00
1.250528777046822704e+01
8.407932762179616049e+00
3.717824931626316332e+00
7.526545614615571367e+00
2.823709144606315835e+00
8.539060578046951733e+00
6.913432979031153280e+00
5.399588461684422747e+00
5.188020388891658286e+00
1.784924523769998572e+01
7.047142841054253815e+00
5.890104696296436515e+00
4.393935214209088613e+00
5.148462553682086273e+00
5.887840577551897603e+00
7.744245175182235208e+00
7.762015774841538374e+00
3.974362282877034858e+00
1.304590186823262599e+01
4.224794538067961902e+00
1.217903480941280669e+01
1.421642242853899774e+01
6.687965975458373791e+00
5.339995838533543093e+00
7.593564526770165912e+00
8.201354901613647996e+00
7.648965071607181976e+00
9.386515150292288112e+00
4.867123266251727642e+00
3.537733109712426494e+00
4.897164712588521596e+00
8.481090076687600288e+00
6.639946452260657495e+00
2.388863048955855550e+00
6.373556481449131894e+00
9.098473620460863387e+00
3.798245208865097755e+00
3.303869784897031536e+00
1.022067621159295925e+01
6.770524351924302131e+00
1.163595958894476112e+01
3.159465496286076203e+00
1.143017449074548963e+01
9.604628513841067416e+00
1.041707999179979183e+01
1.017491468705703106e+01
4.618802153517005848e+00
5.046450898073483238e+00
1.096945253369049844e+01
1.448309359218533920e+01
6.318930992572151517e+00
8.733078876700167470e+00
6.203941399536981649e+00
9.569860094182267574e+00
2.461977524944802198e+01
4.575295983139596956e+00
4.951318567367237300e+00
1.166114154884598797e+01
9.679302086870151811e+00
4.271871824960211228e+00
2.492923317446139819e+01
1.455869347007332237e+01
1.386826913817614226e+01
9.044089537126195566e+00
1.546953996299394340e+01
1.634978763028913562e+01
1.478227166424550454e+01
1.295016087416162875e+01
1.650723746993690355e+01
1.628823706441758290e+01
1.152774431052705317e+01
2.221911089330284028e+01
2.759098081297984706e+01
1.492410429100818448e+01
1.672071237185252812e+01
2.803283788702099955e+01
2.965055742402755357e+01
2.313976855737517369e+01
1.654838024970688437e+01
2.299990338143957302e+01
1.350983181077971729e+01
3.267510095198210962e+01
1.633755047599105481e+01
2.747087346425098175e+01
1.111635431845051158e+01
1.772079757422522661e+01
1.398316448050615257e+01
1.395452933240275684e+01
1.423516771941939574e+01
2.250886245212957704e+01
1.605352159358050557e+01
2.882236785708087723e+01
2.233223877914815958e+01
1.520029239484849271e+01
1.046900186264192101e+01
3.304515429260729320e+01
2.989358905629544338e+01
2.691385434224454443e+01
1.420172133541877635e+01
1.880945388775430160e+01
2.170161284328885998e+01
1.803502764683830861e+01
1.376404333358802390e+01
2.312804934850032978e+01
1.533565199860189132e+01
2.594729701187047155e+01
2.693003280106926667e+01
2.052315765178448359e+01
2.148136143006045273e+01
2.937678599771519572e+01
2.217466021285456890e+01
1.321346114973497698e+01
1.560712088189946201e+01
2.086421710861818113e+01
2.448092227747058303e+01
1.704503837875800443e+01
1.518273873698535326e+01
1.200666481584290679e+01
2.481988450147716918e+01
1.879432538471829872e+01
3.126801702840922204e+01
1.800444389588303906e+01
2.557776812433450431e+01
2.547277413675672619e+01
9.886017061149214413e+00
2.124146887576280562e+01
2.341642348628177928e+01
1.754790269202815267e+01
1.710282627715860215e+01
2.920882667201056293e+01
1.466272674353428762e+01
2.242161655387249297e+01
3.231676551471903025e+01
1.280555435044583490e+01
1.294432522596506807e+01
2.570775931287845850e+01
1.249248663086025779e+01
2.713636346716748804e+01
2.767397493835840194e+01
4.485215218421024019e+01
4.101024262303259604e+01
2.315973517407600468e+01
3.560711539378985435e+01
1.523096261640157323e+01
2.442585151478290584e+01
2.947511191195416203e+01
1.428690153796670970e+01
1.533043450859179835e+01
2.104429191543925626e+01
3.290349525506371009e+01
1.511584893047323774e+01
2.475336116346402093e+01
2.612193629032035602e+01
2.388490922923696047e+01
2.802379940931160363e+01
2.191032227563579582e+01
3.133049632546538632e+01
2.940929558263282573e+01
2.966134783780999840e+01
2.874918356328672431e+01
3.542290533288061738e+01
3.331025868007231594e+01
3.156580428248264880e+01
1.679999999999999716e+01
3.668326896859414887e+01
3.172773059783647653e+01
5.273817929693397843e+01
3.059949164428861579e+01
1.378823975551468095e+01
2.751694427479588967e+01
2.598837346883324528e+01
3.307728324192703440e+01
7.017767926247395849e+01
4.884187638583195934e+01
2.558593363549589128e+01
3.774805366579256827e+01
4.342451944338462511e+01
4.305634551246644293e+01
5.325535966767413498e+01
4.789080171482713411e+01
4.635582188056017827e+01
2.383051265359881654e+01
3.843586288293207076e+01
6.298747670943981092e+01
5.978145383162092230e+01
1.171649549424514021e+02
7.933932750464229855e+01
6.736415136323539343e+01
8.338744909557232177e+01
7.705536249274861405e+01
6.524994678584462804e+01
8.214691446156425059e+01
1.166475412895140522e+02
7.111011804862151564e+01
9.638496886041008338e+01
1.086274775960893351e+02
1.402119665205347587e+02
1.002588649447020259e+02
1.533662283555281363e+02
1.099855748117300465e+02
6.921932934921832725e+01
1.633939207355442704e+02
9.816299370604654939e+01
1.577205122994469662e+02
1.615089127227624033e+02
1.562493164429492367e+02
1.638015058945836984e+02
1.526367365129814573e+02
1.474003467506851734e+02
1.735760608174090578e+02
1.643945660091395382e+02
1.578862318956983017e+02
1.596700208415955444e+02
1.789805203553355284e+02
1.584734117201438153e+02
1.555564920606729800e+02
1.739590756471188229e+02
1.623107308015502781e+02
1.359037240925436265e+02
1.580480377044341083e+02
1.585976040172108128e+02
1.734042931674094916e+02
1.611520193275074462e+02
1.743906725334433361e+02
1.860759223781757612e+02
1.883038915040142172e+02
1.769613140397264033e+02
1.702503516067506553e+02
1.779467336030644731e+02
1.934573854883809076e+02
2.077483948326810719e+02
1.732061584740373235e+02
1.727243147008807398e+02
1.695289421373891230e+02
1.757245824831827292e+02
1.608120227677852085e+02
1.678442399633924822e+02
1.913779738864660658e+02
1.943532865685579338e+02
1.721873656482637784e+02
1.724894843815767729e+02
1.966485415376602646e+02
1.807803332469792679e+02
1.929852038081906471e+02
1.777522620578052397e+02
1.747148025274968575e+02
2.057551511438346097e+02
2.058589160889887921e+02
1.822869045092256499e+02
1.969797959182616012e+02
1.692295745101573345e+02
1.893664759724440216e+02
1.948746149593516179e+02
1.843720393359277523e+02
1.854615863191081360e+02
1.863067243970425295e+02
1.829600563571792975e+02
1.870767638044756040e+02
1.803860551397720542e+02
2.104394766514432433e+02
2.037945588631409350e+02
1.819041750177518395e+02
1.815160843806655464e+02
1.840484960245230752e+02
2.033525236845829909e+02
1.902702872815990247e+02
1.971336151502889038e+02
1.834562497042702205e+02
1.791475617721013975e+02
1.696842034159010382e+02
2.043374550970906967e+02
1.905682263361048570e+02
1.654056293546934455e+02
1.768322997142270765e+02
1.837122629427756806e+02
1.539141174667078644e+02
1.774530423019628813e+02
1.650990275225414052e+02
1.732552901228576161e+02
1.454416110410711269e+02
1.588098233737447060e+02
1.640498569202532337e+02
1.721301316510919150e+02
1.702342699536925466e+02
1.432278681759322581e+02
1.265288724187311971e+02
1.572673590489209801e+02
1.559738439610949570e+02
1.399997460315156843e+02
1.506260122142107321e+02
1.408746329976487459e+02
1.366127373270882117e+02
1.446659907818312547e+02
1.380759211448542487e+02
1.436778185926956439e+02
1.452197721462963216e+02
1.432597640651414679e+02
1.545623786336406340e+02
1.396652505894799106e+02
1.282579692130928208e+02
1.429660410338374277e+02
1.467892820792217492e+02
9.820364329064148023e+01
1.239369732296756155e+02
1.135692837972584073e+02
1.341928297471796725e+02
1.189353886220021081e+02
1.282307642061330455e+02
1.035424979845902982e+02
1.300255701348349362e+02
1.214423685905742190e+02
1.095496640291009101e+02
1.161284729178086792e+02
1.028438730417238958e+02
1.162014725475637817e+02
8.882977478801177540e+01
9.108638146775230382e+01
1.217543245866673658e+02
9.836273006920184514e+01
9.958746016553601521e+01
8.340999140790430033e+01
1.176478738533859882e+02
8.926579536542661231e+01
8.093327841843277781e+01
7.979679748516785764e+01
8.528686234637129360e+01
1.076185857554353760e+02
7.878990347048845422e+01
1.152757081474188539e+02
1.006603530028912132e+02
8.876560895602155199e+01
8.491642950572050097e+01
8.402671532845303659e+01
1.141244934271342117e+02
8.964289647757313162e+01
7.110074229961004733e+01
8.798166475654646490e+01
9.385222426772847371e+01
9.099777775064377749e+01
7.892516849663496714e+01
7.889306405226987806e+01
7.533203538704870539e+01
6.668819652348948068e+01
7.325068069459985054e+01
9.742995204533131925e+01
1.288729607016149998e+02
7.383537243233909919e+01
5.861929905945841313e+01
6.578733414064846841e+01
9.089515327501729303e+01
9.792205517088012812e+01
1.030363474162826094e+02
7.478484694998937243e+01
7.935814737980946632e+01
7.151472264894522368e+01
1.007043196690191991e+02
9.547695475290825584e+01
1.186967377629038225e+02
9.947743462715551743e+01
8.780422667629515843e+01
1.059104443490925007e+02
7.293363802495773029e+01
6.084844561148076991e+01
6.392439979294987751e+01
7.265302624269843079e+01
6.934538356821038008e+01
7.622376415673937800e+01
6.791648466233280601e+01
7.208926565184462731e+01
7.433426008390895845e+01
7.283759712919938067e+01
0.000000000000000000e+00
9.728309205612251986e+00
4.187388472810019380e+01
8.062577475941272098e+01
6.110937371267647933e+01
9.494293022653134528e+01
7.366199080183001513e+01
5.712263610474882825e+01
7.326645435213397661e+01
6.809816443928576746e+01
5.846989728816776477e+01
2.918492761683674175e+01
6.544908114116057618e+01
5.188431576326529893e+01
6.222803941061368960e+01
6.385761940094194955e+01
5.587541697582418010e+01
6.111373731730768810e+01
6.011596201416796958e+01
5.777250403282016578e+01
0.000000000000000000e+00
5.612486080160912394e+01
5.363042254375984186e+01
3.899538434225262051e+01
5.737207993053375787e+01
3.242769735204082338e+01
0.000000000000000000e+00
1.060912814513992117e+02
5.238320341483517950e+01
4.440100098971743847e+01
4.290433803500784649e+01
4.914043367963110853e+01
4.115823125451335329e+01
0.000000000000000000e+00
4.090878742872843787e+01
4.589766394442700204e+01
1.671273632759027095e+01
5.338097871797488381e+01
3.966156829980378262e+01
4.988876515698585479e+01
5.213375958905022145e+01
1.072608450875196695e+01
4.489988864128729773e+01
4.065934360294349403e+01
3.766601769352435269e+01
5.911307431994679007e+01
9.478865379827318804e+00
5.188431576326529893e+01
3.991101212558869626e+00
3.317602882939561226e+01
7.263301973314584714e+00
1.995550606279435613e+01
4.564822011864208662e+01
4.440100098971743847e+01
3.966156829980378262e+01
5.238320341483517772e+00
5.562597315003927179e+01
1.172385981189168547e+01
1.521607337288069139e+01
2.843659613948195286e+01
4.155349965205496687e+01
4.240545038343801032e+00
4.988876515698587255e+00
2.743882083634223434e+01
2.818715231369701613e+01
0.000000000000000000e+00
2.644104553320251227e+01
0.000000000000000000e+00
1.696218015337519347e+01
1.970606223700941939e+01
0.000000000000000000e+00
4.240545038343801032e+00
4.315378186079279033e+01
6.236095644623234513e+00
2.145216901750393390e+01
0.000000000000000000e+00
0.000000000000000000e+00
0.000000000000000000e+00
0.000000000000000000e+00
0.000000000000000000e+00
5.238320341483516884e+00
0.000000000000000000e+00
0.000000000000000000e+00
0.000000000000000000e+00
0.000000000000000000e+00
0.000000000000000000e+00
3.317602882939561226e+01
0.000000000000000000e+00
0.000000000000000000e+00
0.000000000000000000e+00
0.000000000000000000e+00
0.000000000000000000e+00
0.000000000000000000e+00
0.000000000000000000e+00
0.000000000000000000e+00
0.000000000000000000e+00
0.000000000000000000e+00
0.000000000000000000e+00
0.000000000000000000e+00
0.000000000000000000e+00
0.000000000000000000e+00
0.000000000000000000e+00
0.000000000000000000e+00
0.000000000000000000e+00
0.000000000000000000e+00
0.000000000000000000e+00
6.984427121978022512e+00
0.000000000000000000e+00
0.000000000000000000e+00
0.000000000000000000e+00
0.000000000000000000e+00
0.000000000000000000e+00
0.000000000000000000e+00
0.000000000000000000e+00
0.000000000000000000e+00
0.000000000000000000e+00
0.000000000000000000e+00
0.000000000000000000e+00
5.238320341483516884e+00
0.000000000000000000e+00
0.000000000000000000e+00
0.000000000000000000e+00
0.000000000000000000e+00
0.000000000000000000e+00
5.512708549846939832e+01
0.000000000000000000e+00
5.138542811169543967e+01
0.000000000000000000e+00
0.000000000000000000e+00
0.000000000000000000e+00
0.000000000000000000e+00
0.000000000000000000e+00
0.000000000000000000e+00
0.000000000000000000e+00
0.000000000000000000e+00
0.000000000000000000e+00
0.000000000000000000e+00
0.000000000000000000e+00
0.000000000000000000e+00
0.000000000000000000e+00
0.000000000000000000e+00
0.000000000000000000e+00
0.000000000000000000e+00
0.000000000000000000e+00
0.000000000000000000e+00
0.000000000000000000e+00
0.000000000000000000e+00
0.000000000000000000e+00
0.000000000000000000e+00
0.000000000000000000e+00
0.000000000000000000e+00
0.000000000000000000e+00
0.000000000000000000e+00
0.000000000000000000e+00
0.000000000000000000e+00
0.000000000000000000e+00
0.000000000000000000e+00
0.000000000000000000e+00
0.000000000000000000e+00
3.342547265518054900e+01
0.000000000000000000e+00
0.000000000000000000e+00
0.000000000000000000e+00
0.000000000000000000e+00
0.000000000000000000e+00
0.000000000000000000e+00
0.000000000000000000e+00
4.489988864128729773e+01
0.000000000000000000e+00
0.000000000000000000e+00
0.000000000000000000e+00
0.000000000000000000e+00
0.000000000000000000e+00
0.000000000000000000e+00
