2.126666666666666572e+01
1.966666666666666785e+01
2.406666666666666643e+01
2.373333333333333428e+01
2.273333333333333428e+01
1.813333333333333286e+01
2.539999999999999858e+01
2.206666666666666643e+01
2.400000000000000000e+01
2.493333333333333357e+01
2.019999999999999929e+01
1.473333333333333250e+01
1.780000000000000071e+01
2.533333333333333215e+01
1.726666666666666572e+01
2.300000000000000000e+01
2.100000000000000000e+01
1.719999999999999929e+01
2.319999999999999929e+01
2.246666666666666501e+01
2.093333333333333357e+01
1.806666666666666643e+01
2.860000000000000142e+01
1.419999999999999929e+01
1.853333333333333499e+01
2.326666666666666572e+01
1.833333333333333215e+01
1.666666666666666785e+01
2.046666666666666501e+01
1.853333333333333499e+01
2.239999999999999858e+01
1.900000000000000000e+01
1.540000000000000036e+01
1.933333333333333215e+01
1.660000000000000142e+01
1.826666666666666572e+01
1.980000000000000071e+01
2.239999999999999858e+01
1.746666666666666501e+01
1.873333333333333428e+01
2.073333333333333428e+01
1.900000000000000000e+01
1.726666666666666572e+01
1.873333333333333428e+01
2.253333333333333499e+01
1.919999999999999929e+01
2.146666666666666501e+01
1.880000000000000071e+01
1.426666666666666750e+01
2.173333333333333428e+01
1.733333333333333215e+01
1.700000000000000000e+01
2.193333333333333357e+01
1.419999999999999929e+01
1.839999999999999858e+01
1.686666666666666714e+01
1.760000000000000142e+01
2.213333333333333286e+01
2.033333333333333215e+01
1.726666666666666572e+01
1.926666666666666572e+01
1.519999999999999929e+01
1.793333333333333357e+01
2.113333333333333286e+01
1.819999999999999929e+01
2.166666666666666785e+01
1.453333333333333321e+01
1.880000000000000071e+01
1.953333333333333499e+01
2.119999999999999929e+01
1.586666666666666714e+01
2.193333333333333357e+01
1.686666666666666714e+01
1.733333333333333215e+01
1.806666666666666643e+01
1.766666666666666785e+01
1.453333333333333321e+01
2.000000000000000000e+01
1.893333333333333357e+01
1.793333333333333357e+01
1.733333333333333215e+01
2.400000000000000000e+01
1.753333333333333499e+01
1.566666666666666607e+01
1.739999999999999858e+01
1.660000000000000142e+01
2.126666666666666572e+01
1.733333333333333215e+01
1.786666666666666714e+01
1.526666666666666750e+01
1.939999999999999858e+01
1.880000000000000071e+01
1.846666666666666501e+01
1.693333333333333357e+01
1.753333333333333499e+01
1.719999999999999929e+01
1.586666666666666714e+01
1.453333333333333321e+01
1.286666666666666714e+01
1.573333333333333250e+01
1.726666666666666572e+01
1.646666666666666501e+01
1.593333333333333357e+01
1.660000000000000142e+01
2.086666666666666714e+01
1.673333333333333428e+01
1.446666666666666679e+01
1.580000000000000071e+01
2.126666666666666572e+01
1.580000000000000071e+01
1.886666666666666714e+01
1.806666666666666643e+01
1.466666666666666607e+01
1.719999999999999929e+01
1.533333333333333393e+01
1.300000000000000000e+01
1.966666666666666785e+01
1.613333333333333286e+01
1.500000000000000000e+01
1.393333333333333357e+01
1.506666666666666643e+01
1.719999999999999929e+01
1.546666666666666679e+01
1.806666666666666643e+01
1.506666666666666643e+01
1.719999999999999929e+01
1.226666666666666750e+01
1.366666666666666607e+01
1.633333333333333215e+01
1.346666666666666679e+01
1.466666666666666607e+01
2.053333333333333499e+01
1.446666666666666679e+01
1.793333333333333357e+01
1.613333333333333286e+01
1.633333333333333215e+01
1.486666666666666714e+01
2.180000000000000071e+01
1.300000000000000000e+01
1.373333333333333250e+01
1.493333333333333357e+01
1.280000000000000071e+01
1.500000000000000000e+01
1.639999999999999858e+01
1.553333333333333321e+01
1.866666666666666785e+01
1.826666666666666572e+01
1.826666666666666572e+01
2.000000000000000000e+01
1.926666666666666572e+01
1.653333333333333499e+01
1.966666666666666785e+01
1.819999999999999929e+01
1.586666666666666714e+01
1.480000000000000071e+01
1.573333333333333250e+01
1.619999999999999929e+01
1.633333333333333215e+01
1.686666666666666714e+01
1.866666666666666785e+01
1.960000000000000142e+01
2.106666666666666643e+01
2.239999999999999858e+01
1.433333333333333393e+01
1.380000000000000071e+01
1.760000000000000142e+01
2.026666666666666572e+01
2.019999999999999929e+01
1.893333333333333357e+01
2.133333333333333215e+01
2.139999999999999858e+01
2.586666666666666714e+01
2.433333333333333215e+01
2.426666666666666572e+01
2.180000000000000071e+01
1.860000000000000142e+01
2.180000000000000071e+01
1.913333333333333286e+01
2.086666666666666714e+01
1.986666666666666714e+01
1.719999999999999929e+01
1.986666666666666714e+01
1.953333333333333499e+01
1.606666666666666643e+01
1.639999999999999858e+01
1.780000000000000071e+01
1.673333333333333428e+01
2.300000000000000000e+01
1.893333333333333357e+01
1.873333333333333428e+01
1.839999999999999858e+01
1.760000000000000142e+01
2.106666666666666643e+01
2.093333333333333357e+01
1.540000000000000036e+01
1.646666666666666501e+01
1.619999999999999929e+01
1.380000000000000071e+01
1.913333333333333286e+01
1.666666666666666785e+01
1.953333333333333499e+01
1.546666666666666679e+01
1.559999999999999964e+01
2.226666666666666572e+01
1.939999999999999858e+01
1.546666666666666679e+01
1.580000000000000071e+01
1.340000000000000036e+01
1.346666666666666679e+01
1.839999999999999858e+01
1.646666666666666501e+01
1.766666666666666785e+01
1.266666666666666607e+01
1.939999999999999858e+01
1.753333333333333499e+01
1.573333333333333250e+01
1.746666666666666501e+01
1.266666666666666607e+01
1.386666666666666714e+01
1.319999999999999929e+01
1.413333333333333286e+01
1.606666666666666643e+01
1.426666666666666750e+01
1.486666666666666714e+01
1.466666666666666607e+01
1.693333333333333357e+01
1.586666666666666714e+01
1.273333333333333250e+01
1.433333333333333393e+01
1.526666666666666750e+01
1.693333333333333357e+01
1.453333333333333321e+01
1.533333333333333393e+01
1.613333333333333286e+01
1.613333333333333286e+01
1.706666666666666643e+01
1.493333333333333357e+01
1.426666666666666750e+01
1.513333333333333286e+01
1.486666666666666714e+01
1.733333333333333215e+01
1.559999999999999964e+01
1.433333333333333393e+01
1.353333333333333321e+01
1.700000000000000000e+01
1.653333333333333499e+01
1.606666666666666643e+01
1.480000000000000071e+01
1.333333333333333393e+01
1.900000000000000000e+01
1.440000000000000036e+01
1.846666666666666501e+01
2.133333333333333215e+01
2.366666666666666785e+01
1.559999999999999964e+01
3.026666666666666572e+01
2.573333333333333428e+01
2.460000000000000142e+01
2.160000000000000142e+01
1.800000000000000000e+01
2.800000000000000000e+01
2.700000000000000000e+01
2.466666666666666785e+01
2.686666666666666714e+01
2.500000000000000000e+01
1.773333333333333428e+01
2.626666666666666572e+01
2.086666666666666714e+01
3.160000000000000142e+01
2.713333333333333286e+01
2.400000000000000000e+01
2.233333333333333215e+01
4.079999999999999716e+01
3.033333333333333215e+01
3.839999999999999858e+01
2.673333333333333428e+01
2.746666666666666501e+01
2.280000000000000071e+01
2.566666666666666785e+01
3.320000000000000284e+01
2.639999999999999858e+01
2.373333333333333428e+01
3.313333333333333286e+01
2.786666666666666714e+01
2.766666666666666785e+01
2.119999999999999929e+01
2.413333333333333286e+01
2.273333333333333428e+01
2.053333333333333499e+01
2.206666666666666643e+01
2.066666666666666785e+01
2.360000000000000142e+01
2.426666666666666572e+01
1.760000000000000142e+01
2.106666666666666643e+01
2.360000000000000142e+01
1.606666666666666643e+01
1.866666666666666785e+01
3.306666666666666998e+01
2.539999999999999858e+01
2.460000000000000142e+01
3.013333333333333286e+01
2.760000000000000142e+01
2.760000000000000142e+01
2.533333333333333215e+01
3.000000000000000000e+01
2.839999999999999858e+01
3.106666666666666643e+01
2.746666666666666501e+01
4.586666666666666714e+01
3.226666666666666572e+01
2.680000000000000071e+01
2.746666666666666501e+01
3.166666666666666785e+01
3.806666666666666998e+01
2.913333333333333286e+01
2.973333333333333428e+01
3.906666666666666998e+01
3.820000000000000284e+01
3.979999999999999716e+01
2.800000000000000000e+01
2.786666666666666714e+01
3.853333333333333144e+01
3.793333333333333002e+01
3.879999999999999716e+01
3.253333333333333144e+01
5.479999999999999716e+01
3.533333333333333570e+01
3.006666666666666643e+01
3.346666666666666856e+01
3.866666666666666430e+01
2.600000000000000000e+01
2.966666666666666785e+01
3.700000000000000000e+01
4.420000000000000284e+01
2.873333333333333428e+01
3.573333333333333428e+01
3.653333333333333144e+01
3.886666666666666714e+01
7.486666666666666003e+01
6.913333333333333997e+01
4.173333333333333428e+01
4.320000000000000284e+01
3.386666666666666714e+01
5.246666666666666856e+01
6.339999999999999858e+01
5.539999999999999858e+01
4.506666666666666998e+01
3.553333333333333144e+01
4.646666666666666856e+01
5.460000000000000142e+01
4.746666666666666856e+01
5.020000000000000284e+01
4.860000000000000142e+01
5.993333333333333002e+01
4.379999999999999716e+01
5.966666666666666430e+01
4.653333333333333144e+01
5.666666666666666430e+01
5.066666666666666430e+01
7.586666666666666003e+01
4.566666666666666430e+01
4.353333333333333144e+01
5.293333333333333002e+01
4.646666666666666856e+01
5.800000000000000000e+01
6.006666666666666998e+01
7.366666666666667140e+01
7.979999999999999716e+01
9.279999999999999716e+01
1.152000000000000028e+02
7.220000000000000284e+01
7.106666666666666288e+01
9.226666666666666572e+01
7.726666666666666572e+01
6.713333333333333997e+01
1.209333333333333371e+02
9.193333333333333712e+01
9.186666666666666003e+01
5.620000000000000284e+01
8.259999999999999432e+01
9.093333333333333712e+01
9.940000000000000568e+01
1.175999999999999943e+02
1.102000000000000028e+02
7.826666666666666572e+01
7.653333333333333144e+01
8.866666666666667140e+01
1.046666666666666714e+02
1.184666666666666686e+02
1.075333333333333314e+02
1.036666666666666714e+02
1.341999999999999886e+02
1.154666666666666686e+02
1.217999999999999972e+02
1.002000000000000028e+02
9.886666666666666003e+01
7.546666666666666856e+01
9.820000000000000284e+01
9.020000000000000284e+01
1.350666666666666629e+02
1.215333333333333314e+02
1.082666666666666657e+02
1.054666666666666686e+02
9.413333333333333997e+01
1.207999999999999972e+02
1.231333333333333400e+02
1.429333333333333371e+02
1.374666666666666686e+02
1.429333333333333371e+02
1.086666666666666714e+02
1.099333333333333371e+02
1.185999999999999943e+02
1.550666666666666629e+02
1.875333333333333314e+02
1.747333333333333201e+02
1.742666666666666799e+02
1.582666666666666799e+02
1.665333333333333314e+02
1.718000000000000114e+02
1.472666666666666799e+02
1.685999999999999943e+02
1.545999999999999943e+02
1.682666666666666799e+02
1.257999999999999972e+02
1.661333333333333258e+02
1.607333333333333201e+02
1.535333333333333314e+02
2.229333333333333371e+02
1.629333333333333371e+02
1.941999999999999886e+02
1.796666666666666572e+02
1.670000000000000000e+02
1.864666666666666686e+02
2.031999999999999886e+02
1.567333333333333201e+02
1.564666666666666686e+02
1.735999999999999943e+02
1.769333333333333371e+02
1.812666666666666799e+02
1.916666666666666572e+02
1.602666666666666799e+02
1.633333333333333428e+02
1.015333333333333314e+02
1.245999999999999943e+02
1.355999999999999943e+02
1.172666666666666657e+02
1.428666666666666742e+02
1.020000000000000000e+02
1.300666666666666629e+02
1.570666666666666629e+02
1.234000000000000057e+02
1.625333333333333314e+02
1.990666666666666629e+02
1.592666666666666799e+02
1.394666666666666686e+02
1.514000000000000057e+02
1.194000000000000057e+02
1.704666666666666686e+02
1.715999999999999943e+02
1.552666666666666799e+02
1.788666666666666742e+02
1.364000000000000057e+02
1.821999999999999886e+02
1.480000000000000000e+02
1.546666666666666572e+02
1.797333333333333201e+02
1.717333333333333201e+02
1.591333333333333258e+02
1.942666666666666799e+02
2.376666666666666572e+02
1.980000000000000000e+02
2.121999999999999886e+02
2.085333333333333314e+02
2.240000000000000000e+02
1.993333333333333428e+02
2.422666666666666799e+02
2.260666666666666629e+02
2.265999999999999943e+02
2.258666666666666742e+02
2.184666666666666686e+02
2.333333333333333428e+02
1.990666666666666629e+02
2.150666666666666629e+02
2.289333333333333371e+02
2.218000000000000114e+02
1.744000000000000057e+02
2.331999999999999886e+02
1.941999999999999886e+02
2.500666666666666629e+02
1.911333333333333258e+02
2.134000000000000057e+02
2.194000000000000057e+02
1.988000000000000114e+02
1.950000000000000000e+02
1.965999999999999943e+02
1.995333333333333314e+02
2.013333333333333428e+02
1.815333333333333314e+02
2.424666666666666686e+02
2.081999999999999886e+02
2.338000000000000114e+02
2.084666666666666686e+02
2.042666666666666799e+02
2.508666666666666742e+02
2.191333333333333258e+02
2.045333333333333314e+02
2.446666666666666572e+02
1.995999999999999943e+02
2.160666666666666629e+02
2.123333333333333428e+02
1.912666666666666799e+02
2.101999999999999886e+02
2.166666666666666572e+02
2.284666666666666686e+02
2.023333333333333428e+02
2.324000000000000057e+02
2.050666666666666629e+02
2.343333333333333428e+02
2.233333333333333428e+02
2.236666666666666572e+02
2.601999999999999886e+02
1.905999999999999943e+02
1.785333333333333314e+02
1.813333333333333428e+02
2.038000000000000114e+02
2.502666666666666799e+02
2.569333333333333371e+02
2.870000000000000000e+02
2.772666666666666515e+02
2.615333333333333599e+02
2.521999999999999886e+02
2.384666666666666686e+02
1.958666666666666742e+02
2.311333333333333258e+02
2.355333333333333314e+02
2.358666666666666742e+02
2.223333333333333428e+02
2.435333333333333314e+02
2.362666666666666799e+02
2.459333333333333371e+02
2.278666666666666742e+02
2.506666666666666572e+02
2.294666666666666686e+02
2.638666666666666742e+02
2.201333333333333258e+02
2.255333333333333314e+02
2.524000000000000057e+02
2.501999999999999886e+02
2.562666666666666515e+02
2.161333333333333258e+02
2.319333333333333371e+02
2.401999999999999886e+02
2.421999999999999886e+02
2.432666666666666799e+02
2.386666666666666572e+02
2.220666666666666629e+02
2.389333333333333371e+02
2.140000000000000000e+02
2.343333333333333428e+02
2.393333333333333428e+02
2.191333333333333258e+02
2.288000000000000114e+02
2.399333333333333371e+02
2.314666666666666686e+02
2.349333333333333371e+02
2.270000000000000000e+02
2.233333333333333428e+02
2.406666666666666572e+02
2.337333333333333201e+02
2.045999999999999943e+02
2.260666666666666629e+02
2.364000000000000057e+02
2.048000000000000114e+02
2.325999999999999943e+02
2.450000000000000000e+02
2.145999999999999943e+02
2.255333333333333314e+02
2.152666666666666799e+02
2.315333333333333314e+02
2.493333333333333428e+02
2.221999999999999886e+02
2.594666666666666401e+02
2.671333333333333258e+02
2.252666666666666799e+02
2.339333333333333371e+02
2.453333333333333428e+02
2.080000000000000000e+02
2.044000000000000057e+02
2.489333333333333371e+02
2.663999999999999773e+02
2.311999999999999886e+02
2.248666666666666742e+02
2.298000000000000114e+02
2.497333333333333201e+02
2.465333333333333314e+02
2.638666666666666742e+02
2.725333333333333599e+02
2.369333333333333371e+02
2.489333333333333371e+02
1.965333333333333314e+02
2.393333333333333428e+02
1.738666666666666742e+02
1.976666666666666572e+02
1.719333333333333371e+02
1.959333333333333371e+02
1.481999999999999886e+02
1.312666666666666799e+02
1.595999999999999943e+02
1.465333333333333314e+02
1.882666666666666799e+02
1.760666666666666629e+02
1.362666666666666799e+02
1.558000000000000114e+02
2.250666666666666629e+02
1.962666666666666799e+02
1.511999999999999886e+02
1.614666666666666686e+02
1.942666666666666799e+02
1.748000000000000114e+02
1.825999999999999943e+02
1.760000000000000000e+02
1.650666666666666629e+02
2.048666666666666742e+02
1.988666666666666742e+02
1.748000000000000114e+02
1.951999999999999886e+02
1.706666666666666572e+02
1.752666666666666799e+02
1.831333333333333258e+02
1.795333333333333314e+02
2.082666666666666799e+02
1.851999999999999886e+02
2.145999999999999943e+02
1.991333333333333258e+02
1.921333333333333258e+02
1.761999999999999886e+02
1.908666666666666742e+02
1.868666666666666742e+02
1.930000000000000000e+02
1.902666666666666799e+02
1.484666666666666686e+02
2.208000000000000114e+02
1.608666666666666742e+02
2.206666666666666572e+02
1.962666666666666799e+02
1.835333333333333314e+02
1.793333333333333428e+02
1.694666666666666686e+02
1.871333333333333258e+02
1.672666666666666799e+02
1.985333333333333314e+02
1.629333333333333371e+02
1.799333333333333371e+02
1.700666666666666629e+02
1.741333333333333258e+02
1.769333333333333371e+02
1.697333333333333201e+02
1.938000000000000114e+02
2.000666666666666629e+02
1.539333333333333371e+02
1.687333333333333201e+02
1.935999999999999943e+02
1.750000000000000000e+02
1.812666666666666799e+02
1.997333333333333201e+02
1.738666666666666742e+02
1.620000000000000000e+02
1.954666666666666686e+02
1.832666666666666799e+02
1.721333333333333258e+02
1.860000000000000000e+02
1.945999999999999943e+02
1.791333333333333258e+02
1.704000000000000057e+02
1.811333333333333258e+02
1.815999999999999943e+02
1.768666666666666742e+02
1.948000000000000114e+02
1.723333333333333428e+02
1.868000000000000114e+02
2.164000000000000057e+02
2.228000000000000114e+02
1.957333333333333201e+02
2.058000000000000114e+02
2.356666666666666572e+02
2.330000000000000000e+02
2.160666666666666629e+02
2.444666666666666686e+02
2.332666666666666799e+02
2.201999999999999886e+02
2.212666666666666799e+02
2.085333333333333314e+02
2.172666666666666799e+02
2.175333333333333314e+02
2.221333333333333258e+02
2.055333333333333314e+02
2.416666666666666572e+02
2.140666666666666629e+02
2.271333333333333258e+02
