1.980000000000000071e+01
2.146666666666666501e+01
2.033333333333333215e+01
2.006666666666666643e+01
2.153333333333333499e+01
1.800000000000000000e+01
1.953333333333333499e+01
2.726666666666666572e+01
1.919999999999999929e+01
1.806666666666666643e+01
1.953333333333333499e+01
2.113333333333333286e+01
2.073333333333333428e+01
1.853333333333333499e+01
1.453333333333333321e+01
1.800000000000000000e+01
1.660000000000000142e+01
1.973333333333333428e+01
2.039999999999999858e+01
2.406666666666666643e+01
1.413333333333333286e+01
1.800000000000000000e+01
1.853333333333333499e+01
2.100000000000000000e+01
2.000000000000000000e+01
2.453333333333333499e+01
1.873333333333333428e+01
1.400000000000000000e+01
1.766666666666666785e+01
1.973333333333333428e+01
1.886666666666666714e+01
1.853333333333333499e+01
2.193333333333333357e+01
1.913333333333333286e+01
1.780000000000000071e+01
2.119999999999999929e+01
1.960000000000000142e+01
1.506666666666666643e+01
1.760000000000000142e+01
1.813333333333333286e+01
1.706666666666666643e+01
2.213333333333333286e+01
1.846666666666666501e+01
1.706666666666666643e+01
1.473333333333333250e+01
2.039999999999999858e+01
1.726666666666666572e+01
1.600000000000000000e+01
2.033333333333333215e+01
1.613333333333333286e+01
1.553333333333333321e+01
1.680000000000000071e+01
1.846666666666666501e+01
1.773333333333333428e+01
1.893333333333333357e+01
1.566666666666666607e+01
1.486666666666666714e+01
2.013333333333333286e+01
1.413333333333333286e+01
2.026666666666666572e+01
1.426666666666666750e+01
1.939999999999999858e+01
1.886666666666666714e+01
2.046666666666666501e+01
1.373333333333333250e+01
1.366666666666666607e+01
1.666666666666666785e+01
1.873333333333333428e+01
1.780000000000000071e+01
1.586666666666666714e+01
1.933333333333333215e+01
1.919999999999999929e+01
1.766666666666666785e+01
2.026666666666666572e+01
1.526666666666666750e+01
1.573333333333333250e+01
2.006666666666666643e+01
1.653333333333333499e+01
1.553333333333333321e+01
1.566666666666666607e+01
1.660000000000000142e+01
1.626666666666666572e+01
1.726666666666666572e+01
1.839999999999999858e+01
1.919999999999999929e+01
1.819999999999999929e+01
2.000000000000000000e+01
1.600000000000000000e+01
1.739999999999999858e+01
1.473333333333333250e+01
1.453333333333333321e+01
1.600000000000000000e+01
1.573333333333333250e+01
1.586666666666666714e+01
1.606666666666666643e+01
1.480000000000000071e+01
1.980000000000000071e+01
1.866666666666666785e+01
1.719999999999999929e+01
1.386666666666666714e+01
1.459999999999999964e+01
1.586666666666666714e+01
1.939999999999999858e+01
1.533333333333333393e+01
1.486666666666666714e+01
1.993333333333333357e+01
1.419999999999999929e+01
1.566666666666666607e+01
1.686666666666666714e+01
2.186666666666666714e+01
1.673333333333333428e+01
1.559999999999999964e+01
1.806666666666666643e+01
1.839999999999999858e+01
1.593333333333333357e+01
1.546666666666666679e+01
1.406666666666666643e+01
1.580000000000000071e+01
1.813333333333333286e+01
1.446666666666666679e+01
1.500000000000000000e+01
1.939999999999999858e+01
1.906666666666666643e+01
1.540000000000000036e+01
1.366666666666666607e+01
1.566666666666666607e+01
2.039999999999999858e+01
1.440000000000000036e+01
1.286666666666666714e+01
1.140000000000000036e+01
1.719999999999999929e+01
1.473333333333333250e+01
1.540000000000000036e+01
1.486666666666666714e+01
1.440000000000000036e+01
1.693333333333333357e+01
1.459999999999999964e+01
1.653333333333333499e+01
1.739999999999999858e+01
1.286666666666666714e+01
1.473333333333333250e+01
1.726666666666666572e+01
1.500000000000000000e+01
1.686666666666666714e+01
1.393333333333333357e+01
1.393333333333333357e+01
1.366666666666666607e+01
1.606666666666666643e+01
1.606666666666666643e+01
1.673333333333333428e+01
1.506666666666666643e+01
1.486666666666666714e+01
1.619999999999999929e+01
1.586666666666666714e+01
1.639999999999999858e+01
1.480000000000000071e+01
1.766666666666666785e+01
1.480000000000000071e+01
1.406666666666666643e+01
1.633333333333333215e+01
2.213333333333333286e+01
1.913333333333333286e+01
1.746666666666666501e+01
1.380000000000000071e+01
1.886666666666666714e+01
1.193333333333333357e+01
1.546666666666666679e+01
1.593333333333333357e+01
1.613333333333333286e+01
1.873333333333333428e+01
1.280000000000000071e+01
1.373333333333333250e+01
1.473333333333333250e+01
1.440000000000000036e+01
1.926666666666666572e+01
1.480000000000000071e+01
1.719999999999999929e+01
1.353333333333333321e+01
1.519999999999999929e+01
1.400000000000000000e+01
1.626666666666666572e+01
1.593333333333333357e+01
1.819999999999999929e+01
1.839999999999999858e+01
1.739999999999999858e+01
1.553333333333333321e+01
1.446666666666666679e+01
1.619999999999999929e+01
1.366666666666666607e+01
1.519999999999999929e+01
1.226666666666666750e+01
1.393333333333333357e+01
1.519999999999999929e+01
1.426666666666666750e+01
1.480000000000000071e+01
1.819999999999999929e+01
1.700000000000000000e+01
1.346666666666666679e+01
1.306666666666666643e+01
2.380000000000000071e+01
1.906666666666666643e+01
1.386666666666666714e+01
1.340000000000000036e+01
1.666666666666666785e+01
1.493333333333333357e+01
1.846666666666666501e+01
1.526666666666666750e+01
1.753333333333333499e+01
1.413333333333333286e+01
2.153333333333333499e+01
1.333333333333333393e+01
1.606666666666666643e+01
1.626666666666666572e+01
1.593333333333333357e+01
2.186666666666666714e+01
1.673333333333333428e+01
1.500000000000000000e+01
1.406666666666666643e+01
1.580000000000000071e+01
1.533333333333333393e+01
1.780000000000000071e+01
1.359999999999999964e+01
1.626666666666666572e+01
1.380000000000000071e+01
1.706666666666666643e+01
1.753333333333333499e+01
1.453333333333333321e+01
1.739999999999999858e+01
1.500000000000000000e+01
1.886666666666666714e+01
1.566666666666666607e+01
1.633333333333333215e+01
1.533333333333333393e+01
1.600000000000000000e+01
1.526666666666666750e+01
1.653333333333333499e+01
1.966666666666666785e+01
1.306666666666666643e+01
1.486666666666666714e+01
1.786666666666666714e+01
1.573333333333333250e+01
1.500000000000000000e+01
1.386666666666666714e+01
1.413333333333333286e+01
1.626666666666666572e+01
1.880000000000000071e+01
1.386666666666666714e+01
1.646666666666666501e+01
1.446666666666666679e+01
1.713333333333333286e+01
1.459999999999999964e+01
1.353333333333333321e+01
1.446666666666666679e+01
1.480000000000000071e+01
1.480000000000000071e+01
1.713333333333333286e+01
1.706666666666666643e+01
1.606666666666666643e+01
1.426666666666666750e+01
1.426666666666666750e+01
1.933333333333333215e+01
1.706666666666666643e+01
1.240000000000000036e+01
1.180000000000000071e+01
1.493333333333333357e+01
1.459999999999999964e+01
1.500000000000000000e+01
1.419999999999999929e+01
1.839999999999999858e+01
1.526666666666666750e+01
1.440000000000000036e+01
1.646666666666666501e+01
1.419999999999999929e+01
1.500000000000000000e+01
1.426666666666666750e+01
1.573333333333333250e+01
1.819999999999999929e+01
1.519999999999999929e+01
1.653333333333333499e+01
1.213333333333333286e+01
1.800000000000000000e+01
1.413333333333333286e+01
1.893333333333333357e+01
1.546666666666666679e+01
1.306666666666666643e+01
1.493333333333333357e+01
1.333333333333333393e+01
1.433333333333333393e+01
1.159999999999999964e+01
1.786666666666666714e+01
1.880000000000000071e+01
1.366666666666666607e+01
1.506666666666666643e+01
1.506666666666666643e+01
1.540000000000000036e+01
1.386666666666666714e+01
1.693333333333333357e+01
1.219999999999999929e+01
1.500000000000000000e+01
1.673333333333333428e+01
1.500000000000000000e+01
1.493333333333333357e+01
1.419999999999999929e+01
1.300000000000000000e+01
1.386666666666666714e+01
1.519999999999999929e+01
1.653333333333333499e+01
1.526666666666666750e+01
1.500000000000000000e+01
1.860000000000000142e+01
1.346666666666666679e+01
1.760000000000000142e+01
1.593333333333333357e+01
1.700000000000000000e+01
1.266666666666666607e+01
1.606666666666666643e+01
1.366666666666666607e+01
1.293333333333333357e+01
1.506666666666666643e+01
1.319999999999999929e+01
1.426666666666666750e+01
1.340000000000000036e+01
1.359999999999999964e+01
1.259999999999999964e+01
1.333333333333333393e+01
1.446666666666666679e+01
1.346666666666666679e+01
1.273333333333333250e+01
1.706666666666666643e+01
1.800000000000000000e+01
1.373333333333333250e+01
1.613333333333333286e+01
1.580000000000000071e+01
1.919999999999999929e+01
1.540000000000000036e+01
1.426666666666666750e+01
1.286666666666666714e+01
1.673333333333333428e+01
1.593333333333333357e+01
1.606666666666666643e+01
1.500000000000000000e+01
1.359999999999999964e+01
1.513333333333333286e+01
1.526666666666666750e+01
1.459999999999999964e+01
1.473333333333333250e+01
1.486666666666666714e+01
1.519999999999999929e+01
1.406666666666666643e+01
1.519999999999999929e+01
1.633333333333333215e+01
1.346666666666666679e+01
1.366666666666666607e+01
1.340000000000000036e+01
1.480000000000000071e+01
1.653333333333333499e+01
1.180000000000000071e+01
1.193333333333333357e+01
1.413333333333333286e+01
1.326666666666666750e+01
1.306666666666666643e+01
1.540000000000000036e+01
1.546666666666666679e+01
1.419999999999999929e+01
1.419999999999999929e+01
1.380000000000000071e+01
1.280000000000000071e+01
1.380000000000000071e+01
1.340000000000000036e+01
1.459999999999999964e+01
1.459999999999999964e+01
1.613333333333333286e+01
1.433333333333333393e+01
1.540000000000000036e+01
1.566666666666666607e+01
1.639999999999999858e+01
1.646666666666666501e+01
1.426666666666666750e+01
1.413333333333333286e+01
1.333333333333333393e+01
1.353333333333333321e+01
1.400000000000000000e+01
1.466666666666666607e+01
1.480000000000000071e+01
1.700000000000000000e+01
1.833333333333333215e+01
1.519999999999999929e+01
1.973333333333333428e+01
1.540000000000000036e+01
1.540000000000000036e+01
1.433333333333333393e+01
1.580000000000000071e+01
1.186666666666666714e+01
1.426666666666666750e+01
1.433333333333333393e+01
1.240000000000000036e+01
1.480000000000000071e+01
1.346666666666666679e+01
1.540000000000000036e+01
1.573333333333333250e+01
1.446666666666666679e+01
1.386666666666666714e+01
1.580000000000000071e+01
1.353333333333333321e+01
1.500000000000000000e+01
1.533333333333333393e+01
1.426666666666666750e+01
1.453333333333333321e+01
1.406666666666666643e+01
1.366666666666666607e+01
1.786666666666666714e+01
1.546666666666666679e+01
1.406666666666666643e+01
1.619999999999999929e+01
1.319999999999999929e+01
1.473333333333333250e+01
1.419999999999999929e+01
1.733333333333333215e+01
1.546666666666666679e+01
1.633333333333333215e+01
1.700000000000000000e+01
1.393333333333333357e+01
1.433333333333333393e+01
1.493333333333333357e+01
1.500000000000000000e+01
1.686666666666666714e+01
1.266666666666666607e+01
1.566666666666666607e+01
1.359999999999999964e+01
1.413333333333333286e+01
1.633333333333333215e+01
1.380000000000000071e+01
1.259999999999999964e+01
1.559999999999999964e+01
1.580000000000000071e+01
1.626666666666666572e+01
1.500000000000000000e+01
1.440000000000000036e+01
1.593333333333333357e+01
1.666666666666666785e+01
1.473333333333333250e+01
1.419999999999999929e+01
1.919999999999999929e+01
1.473333333333333250e+01
1.340000000000000036e+01
1.613333333333333286e+01
1.833333333333333215e+01
1.393333333333333357e+01
1.433333333333333393e+01
1.466666666666666607e+01
1.686666666666666714e+01
1.546666666666666679e+01
1.306666666666666643e+01
1.473333333333333250e+01
1.553333333333333321e+01
1.186666666666666714e+01
1.366666666666666607e+01
1.506666666666666643e+01
1.426666666666666750e+01
1.240000000000000036e+01
1.346666666666666679e+01
1.219999999999999929e+01
1.253333333333333321e+01
1.453333333333333321e+01
1.373333333333333250e+01
1.266666666666666607e+01
1.393333333333333357e+01
1.566666666666666607e+01
1.433333333333333393e+01
1.793333333333333357e+01
1.513333333333333286e+01
1.393333333333333357e+01
1.413333333333333286e+01
1.500000000000000000e+01
1.340000000000000036e+01
1.526666666666666750e+01
1.373333333333333250e+01
1.760000000000000142e+01
1.186666666666666714e+01
1.426666666666666750e+01
1.480000000000000071e+01
1.433333333333333393e+01
1.359999999999999964e+01
1.586666666666666714e+01
1.466666666666666607e+01
1.566666666666666607e+01
1.140000000000000036e+01
1.553333333333333321e+01
1.533333333333333393e+01
1.966666666666666785e+01
1.313333333333333286e+01
1.340000000000000036e+01
1.340000000000000036e+01
1.359999999999999964e+01
1.233333333333333393e+01
1.819999999999999929e+01
1.326666666666666750e+01
1.346666666666666679e+01
1.300000000000000000e+01
1.306666666666666643e+01
1.853333333333333499e+01
1.553333333333333321e+01
1.353333333333333321e+01
1.626666666666666572e+01
1.606666666666666643e+01
1.486666666666666714e+01
1.540000000000000036e+01
1.619999999999999929e+01
1.493333333333333357e+01
1.433333333333333393e+01
1.266666666666666607e+01
1.406666666666666643e+01
1.219999999999999929e+01
1.353333333333333321e+01
1.200000000000000000e+01
1.353333333333333321e+01
1.933333333333333215e+01
1.413333333333333286e+01
1.559999999999999964e+01
1.800000000000000000e+01
1.426666666666666750e+01
1.159999999999999964e+01
1.346666666666666679e+01
1.353333333333333321e+01
1.553333333333333321e+01
1.506666666666666643e+01
1.300000000000000000e+01
1.719999999999999929e+01
1.359999999999999964e+01
1.513333333333333286e+01
1.246666666666666679e+01
1.213333333333333286e+01
1.559999999999999964e+01
1.373333333333333250e+01
1.466666666666666607e+01
1.286666666666666714e+01
1.340000000000000036e+01
1.380000000000000071e+01
1.366666666666666607e+01
1.259999999999999964e+01
1.639999999999999858e+01
1.346666666666666679e+01
1.580000000000000071e+01
1.353333333333333321e+01
1.546666666666666679e+01
1.866666666666666785e+01
1.273333333333333250e+01
1.486666666666666714e+01
1.513333333333333286e+01
1.893333333333333357e+01
1.359999999999999964e+01
1.319999999999999929e+01
1.319999999999999929e+01
1.773333333333333428e+01
1.633333333333333215e+01
1.173333333333333250e+01
1.700000000000000000e+01
1.446666666666666679e+01
1.700000000000000000e+01
1.340000000000000036e+01
1.486666666666666714e+01
1.453333333333333321e+01
1.846666666666666501e+01
1.313333333333333286e+01
1.486666666666666714e+01
1.266666666666666607e+01
1.419999999999999929e+01
1.513333333333333286e+01
1.533333333333333393e+01
1.733333333333333215e+01
1.453333333333333321e+01
1.359999999999999964e+01
1.280000000000000071e+01
1.566666666666666607e+01
1.726666666666666572e+01
1.346666666666666679e+01
1.553333333333333321e+01
1.426666666666666750e+01
1.206666666666666643e+01
1.440000000000000036e+01
1.340000000000000036e+01
1.386666666666666714e+01
1.359999999999999964e+01
1.519999999999999929e+01
1.159999999999999964e+01
1.660000000000000142e+01
1.459999999999999964e+01
1.613333333333333286e+01
1.419999999999999929e+01
1.586666666666666714e+01
1.526666666666666750e+01
1.306666666666666643e+01
1.233333333333333393e+01
1.246666666666666679e+01
1.326666666666666750e+01
1.300000000000000000e+01
1.586666666666666714e+01
1.719999999999999929e+01
1.233333333333333393e+01
1.326666666666666750e+01
1.506666666666666643e+01
1.646666666666666501e+01
1.126666666666666750e+01
1.646666666666666501e+01
1.546666666666666679e+01
1.453333333333333321e+01
1.600000000000000000e+01
1.746666666666666501e+01
1.346666666666666679e+01
1.626666666666666572e+01
1.146666666666666679e+01
1.319999999999999929e+01
1.419999999999999929e+01
1.459999999999999964e+01
1.393333333333333357e+01
1.200000000000000000e+01
1.466666666666666607e+01
1.473333333333333250e+01
1.259999999999999964e+01
1.426666666666666750e+01
1.726666666666666572e+01
1.333333333333333393e+01
1.280000000000000071e+01
1.340000000000000036e+01
1.646666666666666501e+01
1.380000000000000071e+01
1.573333333333333250e+01
1.473333333333333250e+01
1.346666666666666679e+01
1.800000000000000000e+01
1.773333333333333428e+01
1.526666666666666750e+01
1.259999999999999964e+01
1.440000000000000036e+01
1.386666666666666714e+01
1.373333333333333250e+01
1.480000000000000071e+01
1.386666666666666714e+01
1.266666666666666607e+01
1.226666666666666750e+01
1.746666666666666501e+01
1.426666666666666750e+01
1.866666666666666785e+01
1.153333333333333321e+01
1.419999999999999929e+01
1.426666666666666750e+01
1.819999999999999929e+01
1.633333333333333215e+01
1.906666666666666643e+01
1.193333333333333357e+01
1.080000000000000071e+01
1.140000000000000036e+01
1.506666666666666643e+01
1.393333333333333357e+01
1.300000000000000000e+01
1.246666666666666679e+01
1.613333333333333286e+01
1.486666666666666714e+01
1.419999999999999929e+01
1.273333333333333250e+01
1.553333333333333321e+01
1.673333333333333428e+01
1.426666666666666750e+01
1.553333333333333321e+01
1.566666666666666607e+01
1.319999999999999929e+01
1.406666666666666643e+01
1.319999999999999929e+01
1.380000000000000071e+01
1.433333333333333393e+01
1.326666666666666750e+01
1.440000000000000036e+01
1.446666666666666679e+01
1.186666666666666714e+01
1.619999999999999929e+01
1.433333333333333393e+01
1.606666666666666643e+01
1.480000000000000071e+01
1.306666666666666643e+01
1.433333333333333393e+01
1.326666666666666750e+01
1.300000000000000000e+01
1.413333333333333286e+01
1.319999999999999929e+01
1.540000000000000036e+01
1.519999999999999929e+01
1.619999999999999929e+01
1.240000000000000036e+01
1.519999999999999929e+01
1.513333333333333286e+01
1.626666666666666572e+01
1.600000000000000000e+01
1.426666666666666750e+01
1.280000000000000071e+01
1.326666666666666750e+01
1.340000000000000036e+01
2.186666666666666714e+01
1.386666666666666714e+01
1.286666666666666714e+01
1.093333333333333357e+01
