2.293333333333333357e+01
1.753333333333333499e+01
1.939999999999999858e+01
2.086666666666666714e+01
2.360000000000000142e+01
1.866666666666666785e+01
2.700000000000000000e+01
2.026666666666666572e+01
2.146666666666666501e+01
2.446666666666666501e+01
1.806666666666666643e+01
2.386666666666666714e+01
1.813333333333333286e+01
1.906666666666666643e+01
1.626666666666666572e+01
2.493333333333333357e+01
2.419999999999999929e+01
2.653333333333333499e+01
2.580000000000000071e+01
1.973333333333333428e+01
2.719999999999999929e+01
2.113333333333333286e+01
2.233333333333333215e+01
2.006666666666666643e+01
1.873333333333333428e+01
1.853333333333333499e+01
1.653333333333333499e+01
2.213333333333333286e+01
2.086666666666666714e+01
2.446666666666666501e+01
1.846666666666666501e+01
1.773333333333333428e+01
2.219999999999999929e+01
1.813333333333333286e+01
1.713333333333333286e+01
1.573333333333333250e+01
1.660000000000000142e+01
2.066666666666666785e+01
1.939999999999999858e+01
1.426666666666666750e+01
1.533333333333333393e+01
1.726666666666666572e+01
1.960000000000000142e+01
1.553333333333333321e+01
1.586666666666666714e+01
1.706666666666666643e+01
1.653333333333333499e+01
1.766666666666666785e+01
1.826666666666666572e+01
1.500000000000000000e+01
1.833333333333333215e+01
2.139999999999999858e+01
2.080000000000000071e+01
1.453333333333333321e+01
1.660000000000000142e+01
1.760000000000000142e+01
1.440000000000000036e+01
2.033333333333333215e+01
1.819999999999999929e+01
1.433333333333333393e+01
1.433333333333333393e+01
1.766666666666666785e+01
1.546666666666666679e+01
1.806666666666666643e+01
1.880000000000000071e+01
1.733333333333333215e+01
2.006666666666666643e+01
1.340000000000000036e+01
1.773333333333333428e+01
1.686666666666666714e+01
1.619999999999999929e+01
1.419999999999999929e+01
1.833333333333333215e+01
1.480000000000000071e+01
1.719999999999999929e+01
1.826666666666666572e+01
1.419999999999999929e+01
1.700000000000000000e+01
1.533333333333333393e+01
1.419999999999999929e+01
1.993333333333333357e+01
1.693333333333333357e+01
1.586666666666666714e+01
1.480000000000000071e+01
1.540000000000000036e+01
1.500000000000000000e+01
1.553333333333333321e+01
1.440000000000000036e+01
1.939999999999999858e+01
1.366666666666666607e+01
2.100000000000000000e+01
2.013333333333333286e+01
1.353333333333333321e+01
1.793333333333333357e+01
1.806666666666666643e+01
1.580000000000000071e+01
1.933333333333333215e+01
1.440000000000000036e+01
1.853333333333333499e+01
1.473333333333333250e+01
1.513333333333333286e+01
1.946666666666666501e+01
1.773333333333333428e+01
1.593333333333333357e+01
1.340000000000000036e+01
1.633333333333333215e+01
1.466666666666666607e+01
1.673333333333333428e+01
1.400000000000000000e+01
1.806666666666666643e+01
1.493333333333333357e+01
1.573333333333333250e+01
1.960000000000000142e+01
1.753333333333333499e+01
1.593333333333333357e+01
1.939999999999999858e+01
1.533333333333333393e+01
1.493333333333333357e+01
1.753333333333333499e+01
1.753333333333333499e+01
1.506666666666666643e+01
2.180000000000000071e+01
1.480000000000000071e+01
2.113333333333333286e+01
1.426666666666666750e+01
1.553333333333333321e+01
1.493333333333333357e+01
1.353333333333333321e+01
1.519999999999999929e+01
1.340000000000000036e+01
1.960000000000000142e+01
1.846666666666666501e+01
1.486666666666666714e+01
1.606666666666666643e+01
1.653333333333333499e+01
1.906666666666666643e+01
2.346666666666666501e+01
1.793333333333333357e+01
1.340000000000000036e+01
1.633333333333333215e+01
1.626666666666666572e+01
1.946666666666666501e+01
1.726666666666666572e+01
1.826666666666666572e+01
1.626666666666666572e+01
1.660000000000000142e+01
1.806666666666666643e+01
1.833333333333333215e+01
1.793333333333333357e+01
1.939999999999999858e+01
1.846666666666666501e+01
1.753333333333333499e+01
1.346666666666666679e+01
1.446666666666666679e+01
1.340000000000000036e+01
1.746666666666666501e+01
1.513333333333333286e+01
1.639999999999999858e+01
1.826666666666666572e+01
1.633333333333333215e+01
1.693333333333333357e+01
1.559999999999999964e+01
2.066666666666666785e+01
1.733333333333333215e+01
2.033333333333333215e+01
1.726666666666666572e+01
1.493333333333333357e+01
2.253333333333333499e+01
1.566666666666666607e+01
2.006666666666666643e+01
1.780000000000000071e+01
1.566666666666666607e+01
1.780000000000000071e+01
2.219999999999999929e+01
1.686666666666666714e+01
1.473333333333333250e+01
1.500000000000000000e+01
1.893333333333333357e+01
1.719999999999999929e+01
1.680000000000000071e+01
1.653333333333333499e+01
2.219999999999999929e+01
1.839999999999999858e+01
1.813333333333333286e+01
1.913333333333333286e+01
1.819999999999999929e+01
1.673333333333333428e+01
1.660000000000000142e+01
2.380000000000000071e+01
1.513333333333333286e+01
2.200000000000000000e+01
1.680000000000000071e+01
1.586666666666666714e+01
2.086666666666666714e+01
1.446666666666666679e+01
1.800000000000000000e+01
2.206666666666666643e+01
1.686666666666666714e+01
1.866666666666666785e+01
1.733333333333333215e+01
1.786666666666666714e+01
1.753333333333333499e+01
2.146666666666666501e+01
1.900000000000000000e+01
1.639999999999999858e+01
1.600000000000000000e+01
2.026666666666666572e+01
1.526666666666666750e+01
1.780000000000000071e+01
1.773333333333333428e+01
1.533333333333333393e+01
1.580000000000000071e+01
1.373333333333333250e+01
1.580000000000000071e+01
1.453333333333333321e+01
1.553333333333333321e+01
1.513333333333333286e+01
1.459999999999999964e+01
1.719999999999999929e+01
1.839999999999999858e+01
1.326666666666666750e+01
1.419999999999999929e+01
1.366666666666666607e+01
1.433333333333333393e+01
2.073333333333333428e+01
1.346666666666666679e+01
1.453333333333333321e+01
2.000000000000000000e+01
1.813333333333333286e+01
1.459999999999999964e+01
1.400000000000000000e+01
1.500000000000000000e+01
1.706666666666666643e+01
1.646666666666666501e+01
1.700000000000000000e+01
1.553333333333333321e+01
1.886666666666666714e+01
1.693333333333333357e+01
1.760000000000000142e+01
1.593333333333333357e+01
1.753333333333333499e+01
1.900000000000000000e+01
2.160000000000000142e+01
1.886666666666666714e+01
1.719999999999999929e+01
1.613333333333333286e+01
2.033333333333333215e+01
1.793333333333333357e+01
1.880000000000000071e+01
1.906666666666666643e+01
2.073333333333333428e+01
2.366666666666666785e+01
2.060000000000000142e+01
2.346666666666666501e+01
2.313333333333333286e+01
1.593333333333333357e+01
2.193333333333333357e+01
2.146666666666666501e+01
2.053333333333333499e+01
1.893333333333333357e+01
2.186666666666666714e+01
2.319999999999999929e+01
2.239999999999999858e+01
1.926666666666666572e+01
2.680000000000000071e+01
1.673333333333333428e+01
1.873333333333333428e+01
1.559999999999999964e+01
2.333333333333333215e+01
2.113333333333333286e+01
2.093333333333333357e+01
1.593333333333333357e+01
2.306666666666666643e+01
1.780000000000000071e+01
1.860000000000000142e+01
2.339999999999999858e+01
2.826666666666666572e+01
2.673333333333333428e+01
2.773333333333333428e+01
2.400000000000000000e+01
3.113333333333333286e+01
3.513333333333333286e+01
2.246666666666666501e+01
2.380000000000000071e+01
1.939999999999999858e+01
2.819999999999999929e+01
2.073333333333333428e+01
3.386666666666666714e+01
2.819999999999999929e+01
3.086666666666666714e+01
2.993333333333333357e+01
3.119999999999999929e+01
3.933333333333333570e+01
2.846666666666666501e+01
2.193333333333333357e+01
2.460000000000000142e+01
2.306666666666666643e+01
4.166666666666666430e+01
3.706666666666666998e+01
3.420000000000000284e+01
3.300000000000000000e+01
3.546666666666666856e+01
2.873333333333333428e+01
3.439999999999999858e+01
3.293333333333333002e+01
3.386666666666666714e+01
2.773333333333333428e+01
3.573333333333333428e+01
3.019999999999999929e+01
3.433333333333333570e+01
3.486666666666666714e+01
4.200000000000000000e+01
3.126666666666666572e+01
4.200000000000000000e+01
3.606666666666666998e+01
2.819999999999999929e+01
3.513333333333333286e+01
4.006666666666666998e+01
3.713333333333333286e+01
3.466666666666666430e+01
4.106666666666666998e+01
3.520000000000000284e+01
3.626666666666666572e+01
3.673333333333333428e+01
3.639999999999999858e+01
3.726666666666666572e+01
2.466666666666666785e+01
4.673333333333333428e+01
2.866666666666666785e+01
3.779999999999999716e+01
4.020000000000000284e+01
4.460000000000000142e+01
3.153333333333333499e+01
2.680000000000000071e+01
3.566666666666666430e+01
3.633333333333333570e+01
3.579999999999999716e+01
3.479999999999999716e+01
2.813333333333333286e+01
4.420000000000000284e+01
4.400000000000000000e+01
2.973333333333333428e+01
5.173333333333333428e+01
4.513333333333333286e+01
3.960000000000000142e+01
5.953333333333333144e+01
4.313333333333333286e+01
5.193333333333333002e+01
3.726666666666666572e+01
4.913333333333333286e+01
3.586666666666666714e+01
3.586666666666666714e+01
3.993333333333333002e+01
3.600000000000000000e+01
6.120000000000000284e+01
4.720000000000000284e+01
3.893333333333333002e+01
6.093333333333333002e+01
4.326666666666666572e+01
4.639999999999999858e+01
6.346666666666666856e+01
6.740000000000000568e+01
5.906666666666666998e+01
6.920000000000000284e+01
7.600000000000000000e+01
5.313333333333333286e+01
5.639999999999999858e+01
6.459999999999999432e+01
5.966666666666666430e+01
5.626666666666666572e+01
5.733333333333333570e+01
6.320000000000000284e+01
6.979999999999999716e+01
5.833333333333333570e+01
5.813333333333333286e+01
5.746666666666666856e+01
6.533333333333332860e+01
6.406666666666666288e+01
5.546666666666666856e+01
7.859999999999999432e+01
6.213333333333333286e+01
7.813333333333333997e+01
7.800000000000000000e+01
8.573333333333333428e+01
9.006666666666666288e+01
8.873333333333333428e+01
7.593333333333333712e+01
8.979999999999999716e+01
9.146666666666666856e+01
7.346666666666666856e+01
9.333333333333332860e+01
7.493333333333333712e+01
7.453333333333333144e+01
9.413333333333333997e+01
8.326666666666666572e+01
9.346666666666666856e+01
8.140000000000000568e+01
7.953333333333333144e+01
7.920000000000000284e+01
8.059999999999999432e+01
1.107333333333333343e+02
7.006666666666666288e+01
9.040000000000000568e+01
7.173333333333333428e+01
7.879999999999999716e+01
6.579999999999999716e+01
7.826666666666666572e+01
7.840000000000000568e+01
7.933333333333332860e+01
5.766666666666666430e+01
8.686666666666666003e+01
7.179999999999999716e+01
9.106666666666666288e+01
1.106666666666666714e+02
1.051333333333333400e+02
9.326666666666666572e+01
1.274000000000000057e+02
1.262000000000000028e+02
1.015999999999999943e+02
1.081333333333333400e+02
1.172666666666666657e+02
1.278666666666666600e+02
1.291999999999999886e+02
1.143333333333333286e+02
7.566666666666667140e+01
1.134666666666666686e+02
1.037999999999999972e+02
9.853333333333333144e+01
1.385333333333333314e+02
1.451333333333333258e+02
1.470000000000000000e+02
1.352666666666666799e+02
1.654666666666666686e+02
1.285999999999999943e+02
1.540000000000000000e+02
1.330000000000000000e+02
1.629333333333333371e+02
1.323333333333333428e+02
1.455999999999999943e+02
1.604000000000000057e+02
1.631333333333333258e+02
1.834666666666666686e+02
1.391999999999999886e+02
1.598000000000000114e+02
1.683333333333333428e+02
1.580666666666666629e+02
1.814666666666666686e+02
1.571333333333333258e+02
1.305333333333333314e+02
1.597333333333333201e+02
1.968000000000000114e+02
1.458666666666666742e+02
1.762666666666666799e+02
1.695999999999999943e+02
1.617333333333333201e+02
2.224666666666666686e+02
2.295999999999999943e+02
1.988000000000000114e+02
2.208666666666666742e+02
1.778000000000000114e+02
2.586000000000000227e+02
1.945999999999999943e+02
2.477333333333333201e+02
2.663333333333333144e+02
2.427333333333333201e+02
2.496666666666666572e+02
2.409333333333333371e+02
2.315999999999999943e+02
2.328666666666666742e+02
2.298666666666666742e+02
2.351999999999999886e+02
2.418000000000000114e+02
2.648666666666666742e+02
2.609333333333333371e+02
2.187333333333333201e+02
2.583999999999999773e+02
2.596666666666666856e+02
2.343333333333333428e+02
2.777333333333333485e+02
2.501333333333333258e+02
2.608666666666666742e+02
2.673999999999999773e+02
2.100666666666666629e+02
2.156666666666666572e+02
2.370666666666666629e+02
1.965333333333333314e+02
1.705333333333333314e+02
1.848666666666666742e+02
2.174000000000000057e+02
1.585333333333333314e+02
1.980000000000000000e+02
1.761999999999999886e+02
1.983333333333333428e+02
2.324000000000000057e+02
1.970000000000000000e+02
2.220666666666666629e+02
1.944666666666666686e+02
1.851333333333333258e+02
2.385999999999999943e+02
1.860000000000000000e+02
1.627333333333333201e+02
1.775333333333333314e+02
1.652666666666666799e+02
1.830666666666666629e+02
2.211333333333333258e+02
2.220000000000000000e+02
1.955999999999999943e+02
2.297333333333333201e+02
2.150000000000000000e+02
2.218666666666666742e+02
2.481999999999999886e+02
1.973333333333333428e+02
2.188000000000000114e+02
1.785333333333333314e+02
2.320000000000000000e+02
2.390666666666666629e+02
2.271999999999999886e+02
2.207333333333333201e+02
1.920666666666666629e+02
2.235333333333333314e+02
2.156666666666666572e+02
2.151999999999999886e+02
2.060000000000000000e+02
2.354666666666666686e+02
2.338000000000000114e+02
2.593999999999999773e+02
2.155333333333333314e+02
2.083333333333333428e+02
2.119333333333333371e+02
2.625333333333333599e+02
2.465333333333333314e+02
2.350666666666666629e+02
2.146666666666666572e+02
2.497333333333333201e+02
2.684666666666666401e+02
2.603999999999999773e+02
2.448666666666666742e+02
2.410000000000000000e+02
2.463333333333333428e+02
2.234000000000000057e+02
2.213333333333333428e+02
2.047333333333333201e+02
2.244666666666666686e+02
2.185999999999999943e+02
2.474000000000000057e+02
2.325999999999999943e+02
2.094000000000000057e+02
2.397333333333333201e+02
2.082666666666666799e+02
2.208666666666666742e+02
2.458000000000000114e+02
2.279333333333333371e+02
1.965333333333333314e+02
2.281999999999999886e+02
2.370000000000000000e+02
2.439333333333333371e+02
2.733333333333333144e+02
2.234666666666666686e+02
2.164000000000000057e+02
2.447333333333333201e+02
1.870666666666666629e+02
2.157333333333333201e+02
2.494666666666666686e+02
2.294000000000000057e+02
2.572666666666666515e+02
2.003333333333333428e+02
2.356666666666666572e+02
2.395333333333333314e+02
2.377333333333333201e+02
2.375333333333333314e+02
2.175999999999999943e+02
2.414000000000000057e+02
2.388000000000000114e+02
2.200666666666666629e+02
2.107333333333333201e+02
1.861999999999999886e+02
1.758666666666666742e+02
2.151999999999999886e+02
2.286666666666666572e+02
2.232666666666666799e+02
2.295999999999999943e+02
2.324000000000000057e+02
1.734666666666666686e+02
2.067333333333333201e+02
2.481333333333333258e+02
2.000000000000000000e+02
2.490666666666666629e+02
2.195999999999999943e+02
2.389333333333333371e+02
2.117333333333333201e+02
1.894666666666666686e+02
2.230000000000000000e+02
2.217333333333333201e+02
2.360666666666666629e+02
2.155333333333333314e+02
2.624666666666666401e+02
2.266666666666666572e+02
2.486666666666666572e+02
1.929333333333333371e+02
2.573999999999999773e+02
2.524666666666666686e+02
2.741333333333333258e+02
2.733999999999999773e+02
2.688000000000000114e+02
2.533333333333333428e+02
2.550666666666666629e+02
2.833333333333333144e+02
2.210000000000000000e+02
2.551333333333333258e+02
2.427333333333333201e+02
2.630000000000000000e+02
2.172666666666666799e+02
2.790666666666666629e+02
2.614666666666666401e+02
2.222666666666666799e+02
2.359333333333333371e+02
2.138666666666666742e+02
2.264666666666666686e+02
2.171333333333333258e+02
2.527333333333333201e+02
2.042666666666666799e+02
2.533333333333333428e+02
2.308666666666666742e+02
2.251999999999999886e+02
1.963333333333333428e+02
2.524666666666666686e+02
2.727333333333333485e+02
2.504666666666666686e+02
2.509333333333333371e+02
2.341999999999999886e+02
2.761999999999999886e+02
2.365999999999999943e+02
2.510666666666666629e+02
2.617333333333333485e+02
2.573333333333333144e+02
2.255999999999999943e+02
2.828000000000000114e+02
2.843333333333333144e+02
2.824666666666666401e+02
2.639333333333333371e+02
2.589333333333333371e+02
2.952666666666666515e+02
3.072666666666666515e+02
3.110000000000000000e+02
3.408666666666666742e+02
3.289333333333333371e+02
3.168000000000000114e+02
2.956000000000000227e+02
2.785333333333333599e+02
3.014666666666666401e+02
3.016666666666666856e+02
3.518000000000000114e+02
2.989333333333333371e+02
3.508000000000000114e+02
3.479333333333333371e+02
3.359333333333333371e+02
3.539333333333333371e+02
3.485333333333333599e+02
3.281999999999999886e+02
3.630000000000000000e+02
3.445333333333333599e+02
3.403999999999999773e+02
3.581333333333333258e+02
3.569333333333333371e+02
2.792666666666666515e+02
2.974666666666666401e+02
3.134666666666666401e+02
3.140666666666666629e+02
3.190666666666666629e+02
3.343999999999999773e+02
3.103333333333333144e+02
3.329333333333333371e+02
2.832666666666666515e+02
3.069333333333333371e+02
2.997333333333333485e+02
3.501333333333333258e+02
3.245333333333333599e+02
3.223333333333333144e+02
3.345333333333333599e+02
3.411999999999999886e+02
2.788666666666666742e+02
2.663999999999999773e+02
2.690666666666666629e+02
2.919333333333333371e+02
2.869333333333333371e+02
3.140666666666666629e+02
2.993999999999999773e+02
2.833333333333333144e+02
2.571333333333333258e+02
3.205333333333333599e+02
2.653333333333333144e+02
2.743333333333333144e+02
3.066000000000000227e+02
2.963333333333333144e+02
2.695333333333333599e+02
3.175333333333333599e+02
2.658666666666666742e+02
3.618666666666666742e+02
3.054666666666666401e+02
2.821999999999999886e+02
