2.519999999999999929e+01
1.813333333333333286e+01
2.880000000000000071e+01
2.213333333333333286e+01
2.166666666666666785e+01
2.206666666666666643e+01
2.166666666666666785e+01
2.239999999999999858e+01
1.660000000000000142e+01
1.846666666666666501e+01
2.093333333333333357e+01
3.180000000000000071e+01
2.719999999999999929e+01
2.573333333333333428e+01
2.560000000000000142e+01
1.926666666666666572e+01
2.039999999999999858e+01
2.260000000000000142e+01
2.480000000000000071e+01
2.366666666666666785e+01
2.226666666666666572e+01
1.966666666666666785e+01
1.839999999999999858e+01
2.106666666666666643e+01
2.053333333333333499e+01
1.746666666666666501e+01
1.980000000000000071e+01
2.193333333333333357e+01
2.206666666666666643e+01
1.933333333333333215e+01
1.886666666666666714e+01
1.586666666666666714e+01
2.006666666666666643e+01
2.266666666666666785e+01
2.173333333333333428e+01
2.226666666666666572e+01
1.693333333333333357e+01
1.966666666666666785e+01
1.913333333333333286e+01
1.753333333333333499e+01
1.639999999999999858e+01
1.913333333333333286e+01
1.800000000000000000e+01
2.200000000000000000e+01
2.239999999999999858e+01
1.526666666666666750e+01
1.900000000000000000e+01
2.000000000000000000e+01
1.573333333333333250e+01
2.046666666666666501e+01
1.993333333333333357e+01
1.459999999999999964e+01
2.046666666666666501e+01
1.793333333333333357e+01
1.553333333333333321e+01
1.860000000000000142e+01
1.846666666666666501e+01
1.913333333333333286e+01
1.739999999999999858e+01
1.706666666666666643e+01
1.653333333333333499e+01
1.893333333333333357e+01
1.933333333333333215e+01
2.160000000000000142e+01
1.653333333333333499e+01
1.653333333333333499e+01
1.819999999999999929e+01
1.606666666666666643e+01
1.800000000000000000e+01
1.580000000000000071e+01
1.433333333333333393e+01
1.553333333333333321e+01
1.719999999999999929e+01
1.833333333333333215e+01
2.913333333333333286e+01
1.800000000000000000e+01
1.880000000000000071e+01
1.386666666666666714e+01
1.700000000000000000e+01
1.493333333333333357e+01
1.493333333333333357e+01
2.019999999999999929e+01
1.493333333333333357e+01
1.353333333333333321e+01
1.773333333333333428e+01
1.719999999999999929e+01
1.846666666666666501e+01
1.466666666666666607e+01
1.739999999999999858e+01
1.646666666666666501e+01
1.540000000000000036e+01
1.619999999999999929e+01
1.500000000000000000e+01
1.480000000000000071e+01
1.566666666666666607e+01
1.706666666666666643e+01
1.780000000000000071e+01
1.519999999999999929e+01
1.733333333333333215e+01
1.533333333333333393e+01
2.033333333333333215e+01
1.540000000000000036e+01
1.473333333333333250e+01
1.866666666666666785e+01
1.553333333333333321e+01
1.726666666666666572e+01
1.633333333333333215e+01
1.480000000000000071e+01
1.733333333333333215e+01
1.666666666666666785e+01
1.826666666666666572e+01
1.953333333333333499e+01
1.326666666666666750e+01
1.333333333333333393e+01
1.780000000000000071e+01
1.359999999999999964e+01
1.393333333333333357e+01
2.053333333333333499e+01
1.686666666666666714e+01
1.706666666666666643e+01
1.586666666666666714e+01
1.686666666666666714e+01
1.833333333333333215e+01
1.880000000000000071e+01
1.586666666666666714e+01
1.780000000000000071e+01
1.573333333333333250e+01
1.660000000000000142e+01
1.980000000000000071e+01
1.773333333333333428e+01
1.586666666666666714e+01
1.873333333333333428e+01
1.546666666666666679e+01
1.639999999999999858e+01
1.739999999999999858e+01
1.440000000000000036e+01
1.473333333333333250e+01
1.566666666666666607e+01
1.753333333333333499e+01
1.780000000000000071e+01
1.626666666666666572e+01
1.400000000000000000e+01
1.393333333333333357e+01
1.586666666666666714e+01
1.680000000000000071e+01
1.573333333333333250e+01
2.060000000000000142e+01
1.380000000000000071e+01
1.533333333333333393e+01
1.459999999999999964e+01
2.186666666666666714e+01
1.853333333333333499e+01
1.486666666666666714e+01
1.753333333333333499e+01
1.513333333333333286e+01
1.833333333333333215e+01
1.800000000000000000e+01
1.793333333333333357e+01
2.019999999999999929e+01
1.813333333333333286e+01
1.966666666666666785e+01
1.746666666666666501e+01
1.593333333333333357e+01
1.753333333333333499e+01
1.760000000000000142e+01
1.533333333333333393e+01
1.473333333333333250e+01
1.813333333333333286e+01
2.139999999999999858e+01
2.319999999999999929e+01
2.026666666666666572e+01
1.513333333333333286e+01
2.053333333333333499e+01
1.853333333333333499e+01
1.639999999999999858e+01
1.506666666666666643e+01
1.813333333333333286e+01
1.613333333333333286e+01
1.986666666666666714e+01
2.033333333333333215e+01
1.953333333333333499e+01
2.233333333333333215e+01
1.886666666666666714e+01
1.860000000000000142e+01
2.653333333333333499e+01
2.460000000000000142e+01
1.426666666666666750e+01
1.993333333333333357e+01
1.526666666666666750e+01
1.359999999999999964e+01
1.573333333333333250e+01
1.559999999999999964e+01
1.373333333333333250e+01
1.526666666666666750e+01
1.766666666666666785e+01
1.660000000000000142e+01
1.413333333333333286e+01
1.606666666666666643e+01
1.753333333333333499e+01
1.359999999999999964e+01
2.019999999999999929e+01
1.519999999999999929e+01
1.726666666666666572e+01
1.400000000000000000e+01
1.413333333333333286e+01
1.446666666666666679e+01
1.619999999999999929e+01
1.593333333333333357e+01
1.939999999999999858e+01
1.906666666666666643e+01
1.873333333333333428e+01
1.726666666666666572e+01
1.866666666666666785e+01
2.100000000000000000e+01
1.866666666666666785e+01
1.746666666666666501e+01
1.960000000000000142e+01
1.453333333333333321e+01
1.526666666666666750e+01
1.626666666666666572e+01
1.533333333333333393e+01
1.540000000000000036e+01
1.526666666666666750e+01
1.626666666666666572e+01
1.613333333333333286e+01
1.833333333333333215e+01
1.726666666666666572e+01
1.826666666666666572e+01
1.600000000000000000e+01
1.586666666666666714e+01
1.419999999999999929e+01
1.653333333333333499e+01
1.633333333333333215e+01
1.680000000000000071e+01
2.113333333333333286e+01
1.980000000000000071e+01
1.700000000000000000e+01
2.006666666666666643e+01
1.900000000000000000e+01
2.393333333333333357e+01
1.580000000000000071e+01
2.239999999999999858e+01
1.973333333333333428e+01
1.946666666666666501e+01
2.280000000000000071e+01
2.180000000000000071e+01
2.493333333333333357e+01
2.500000000000000000e+01
1.773333333333333428e+01
1.633333333333333215e+01
1.726666666666666572e+01
1.513333333333333286e+01
1.406666666666666643e+01
1.880000000000000071e+01
2.060000000000000142e+01
2.153333333333333499e+01
1.913333333333333286e+01
2.000000000000000000e+01
2.026666666666666572e+01
2.486666666666666714e+01
2.186666666666666714e+01
2.093333333333333357e+01
2.133333333333333215e+01
2.600000000000000000e+01
2.446666666666666501e+01
2.460000000000000142e+01
1.839999999999999858e+01
1.826666666666666572e+01
2.793333333333333357e+01
2.133333333333333215e+01
3.100000000000000000e+01
2.226666666666666572e+01
2.433333333333333215e+01
2.273333333333333428e+01
3.180000000000000071e+01
1.553333333333333321e+01
2.253333333333333499e+01
2.253333333333333499e+01
2.719999999999999929e+01
2.466666666666666785e+01
2.206666666666666643e+01
2.100000000000000000e+01
1.473333333333333250e+01
2.119999999999999929e+01
2.106666666666666643e+01
2.053333333333333499e+01
2.880000000000000071e+01
3.239999999999999858e+01
1.806666666666666643e+01
2.500000000000000000e+01
1.853333333333333499e+01
2.686666666666666714e+01
3.006666666666666643e+01
3.166666666666666785e+01
2.933333333333333215e+01
3.126666666666666572e+01
2.726666666666666572e+01
2.960000000000000142e+01
2.853333333333333499e+01
3.039999999999999858e+01
2.900000000000000000e+01
2.919999999999999929e+01
3.386666666666666714e+01
3.800000000000000000e+01
3.060000000000000142e+01
4.326666666666666572e+01
4.279999999999999716e+01
2.826666666666666572e+01
3.420000000000000284e+01
2.973333333333333428e+01
3.520000000000000284e+01
3.106666666666666643e+01
4.160000000000000142e+01
2.926666666666666572e+01
2.300000000000000000e+01
3.193333333333333357e+01
4.853333333333333144e+01
4.306666666666666998e+01
2.986666666666666714e+01
3.193333333333333357e+01
3.873333333333333428e+01
3.066666666666666785e+01
3.046666666666666501e+01
3.260000000000000142e+01
2.893333333333333357e+01
3.306666666666666998e+01
3.446666666666666856e+01
2.793333333333333357e+01
3.446666666666666856e+01
2.553333333333333499e+01
2.346666666666666501e+01
3.906666666666666998e+01
2.939999999999999858e+01
4.106666666666666998e+01
2.913333333333333286e+01
4.713333333333333286e+01
3.206666666666666998e+01
2.593333333333333357e+01
4.933333333333333570e+01
4.260000000000000142e+01
3.233333333333333570e+01
4.379999999999999716e+01
3.746666666666666856e+01
2.953333333333333499e+01
3.019999999999999929e+01
3.853333333333333144e+01
2.080000000000000071e+01
3.946666666666666856e+01
2.686666666666666714e+01
2.866666666666666785e+01
3.506666666666666998e+01
3.933333333333333570e+01
2.713333333333333286e+01
4.179999999999999716e+01
3.633333333333333570e+01
3.713333333333333286e+01
3.119999999999999929e+01
2.586666666666666714e+01
5.793333333333333002e+01
3.479999999999999716e+01
4.366666666666666430e+01
5.479999999999999716e+01
3.713333333333333286e+01
3.953333333333333144e+01
4.306666666666666998e+01
3.146666666666666501e+01
4.693333333333333002e+01
4.033333333333333570e+01
6.260000000000000142e+01
5.806666666666666998e+01
4.333333333333333570e+01
4.579999999999999716e+01
7.066666666666667140e+01
4.026666666666666572e+01
5.793333333333333002e+01
5.593333333333333002e+01
5.766666666666666430e+01
5.326666666666666572e+01
6.326666666666666572e+01
5.886666666666666714e+01
5.073333333333333428e+01
3.293333333333333002e+01
5.673333333333333428e+01
4.360000000000000142e+01
6.353333333333333144e+01
8.100000000000000000e+01
5.526666666666666572e+01
6.440000000000000568e+01
6.766666666666667140e+01
6.593333333333333712e+01
5.926666666666666572e+01
7.186666666666666003e+01
6.493333333333333712e+01
5.700000000000000000e+01
7.266666666666667140e+01
6.793333333333333712e+01
6.053333333333333144e+01
7.820000000000000284e+01
6.779999999999999716e+01
8.366666666666667140e+01
6.113333333333333286e+01
6.466666666666667140e+01
5.533333333333333570e+01
7.493333333333333712e+01
7.006666666666666288e+01
6.586666666666666003e+01
5.320000000000000284e+01
7.413333333333333997e+01
4.439999999999999858e+01
6.653333333333333144e+01
6.459999999999999432e+01
6.906666666666666288e+01
7.373333333333333428e+01
9.213333333333333997e+01
7.313333333333333997e+01
4.760000000000000142e+01
5.486666666666666714e+01
7.733333333333332860e+01
7.879999999999999716e+01
7.606666666666666288e+01
7.840000000000000568e+01
8.546666666666666856e+01
6.479999999999999716e+01
9.626666666666666572e+01
6.686666666666666003e+01
7.526666666666666572e+01
8.993333333333333712e+01
1.048666666666666600e+02
1.115999999999999943e+02
9.873333333333333428e+01
1.067333333333333343e+02
9.679999999999999716e+01
1.177999999999999972e+02
9.866666666666667140e+01
1.329333333333333371e+02
1.128666666666666600e+02
1.350000000000000000e+02
1.483333333333333428e+02
1.340000000000000000e+02
1.485999999999999943e+02
1.219333333333333371e+02
1.080000000000000000e+02
1.441333333333333258e+02
1.037333333333333343e+02
9.633333333333332860e+01
1.193333333333333286e+02
1.092666666666666657e+02
9.326666666666666572e+01
1.366666666666666572e+02
1.605999999999999943e+02
1.211333333333333400e+02
1.218666666666666600e+02
1.416666666666666572e+02
1.411999999999999886e+02
1.443333333333333428e+02
1.830000000000000000e+02
1.496666666666666572e+02
1.462666666666666799e+02
1.426666666666666572e+02
1.604000000000000057e+02
1.835333333333333314e+02
1.526666666666666572e+02
1.450000000000000000e+02
1.716666666666666572e+02
1.408000000000000114e+02
1.952666666666666799e+02
1.823333333333333428e+02
1.237999999999999972e+02
1.821333333333333258e+02
1.542666666666666799e+02
1.300000000000000000e+02
1.729333333333333371e+02
1.701333333333333258e+02
1.381333333333333258e+02
1.888666666666666742e+02
1.839333333333333371e+02
1.497333333333333201e+02
1.682666666666666799e+02
1.623333333333333428e+02
1.998000000000000114e+02
2.015333333333333314e+02
1.501333333333333258e+02
1.570000000000000000e+02
1.307333333333333201e+02
1.735333333333333314e+02
1.144666666666666686e+02
1.365999999999999943e+02
1.473333333333333428e+02
1.484666666666666686e+02
1.284666666666666686e+02
1.563333333333333428e+02
1.228666666666666600e+02
1.228666666666666600e+02
1.588000000000000114e+02
1.611999999999999886e+02
1.940000000000000000e+02
1.511333333333333258e+02
1.665333333333333314e+02
1.266666666666666714e+02
1.362666666666666799e+02
1.665333333333333314e+02
1.941999999999999886e+02
1.385999999999999943e+02
1.741333333333333258e+02
1.860666666666666629e+02
1.950666666666666629e+02
1.578000000000000114e+02
1.740000000000000000e+02
1.505999999999999943e+02
1.828666666666666742e+02
1.670666666666666629e+02
1.390000000000000000e+02
1.521999999999999886e+02
1.946666666666666572e+02
1.678000000000000114e+02
1.125999999999999943e+02
1.380000000000000000e+02
1.394666666666666686e+02
1.314666666666666686e+02
1.405333333333333314e+02
1.505333333333333314e+02
1.263333333333333286e+02
1.135999999999999943e+02
1.048666666666666600e+02
1.392666666666666799e+02
1.369333333333333371e+02
1.591999999999999886e+02
1.476666666666666572e+02
1.552666666666666799e+02
1.560000000000000000e+02
1.591333333333333258e+02
1.642666666666666799e+02
1.783333333333333428e+02
1.716666666666666572e+02
1.284666666666666686e+02
1.430666666666666629e+02
1.430000000000000000e+02
1.735999999999999943e+02
1.448666666666666742e+02
1.748666666666666742e+02
1.670000000000000000e+02
1.920666666666666629e+02
1.628000000000000114e+02
1.555999999999999943e+02
1.585999999999999943e+02
1.581999999999999886e+02
1.672666666666666799e+02
1.638000000000000114e+02
1.741999999999999886e+02
1.731333333333333258e+02
1.498000000000000114e+02
1.923333333333333428e+02
1.474666666666666686e+02
1.431999999999999886e+02
1.684000000000000057e+02
1.884000000000000057e+02
1.635999999999999943e+02
1.774000000000000057e+02
1.284000000000000057e+02
1.590666666666666629e+02
1.589333333333333371e+02
1.495333333333333314e+02
1.484000000000000057e+02
2.185999999999999943e+02
1.982666666666666799e+02
1.482666666666666799e+02
1.933333333333333428e+02
1.578000000000000114e+02
1.770666666666666629e+02
1.591333333333333258e+02
1.887333333333333201e+02
1.935333333333333314e+02
2.254000000000000057e+02
1.963333333333333428e+02
1.735999999999999943e+02
1.754000000000000057e+02
2.385333333333333314e+02
2.008666666666666742e+02
2.150666666666666629e+02
1.922666666666666799e+02
2.060000000000000000e+02
2.068666666666666742e+02
2.109333333333333371e+02
2.165999999999999943e+02
1.807333333333333201e+02
1.911999999999999886e+02
1.827333333333333201e+02
2.354666666666666686e+02
2.341333333333333258e+02
2.183333333333333428e+02
2.460000000000000000e+02
2.271333333333333258e+02
2.124666666666666686e+02
2.114000000000000057e+02
2.151999999999999886e+02
2.021333333333333258e+02
2.365333333333333314e+02
1.698000000000000114e+02
2.085333333333333314e+02
1.851333333333333258e+02
1.721999999999999886e+02
1.950666666666666629e+02
2.011333333333333258e+02
2.239333333333333371e+02
2.222666666666666799e+02
2.164666666666666686e+02
2.215999999999999943e+02
2.294000000000000057e+02
2.052666666666666799e+02
2.440000000000000000e+02
2.622666666666666515e+02
2.594666666666666401e+02
2.119333333333333371e+02
1.984666666666666686e+02
2.154666666666666686e+02
1.878666666666666742e+02
2.226666666666666572e+02
1.712666666666666799e+02
2.041999999999999886e+02
2.110666666666666629e+02
2.264666666666666686e+02
2.165333333333333314e+02
2.751999999999999886e+02
2.294000000000000057e+02
2.213333333333333428e+02
1.986666666666666572e+02
1.942666666666666799e+02
1.927333333333333201e+02
2.102666666666666799e+02
1.996666666666666572e+02
1.677333333333333201e+02
1.887333333333333201e+02
1.784000000000000057e+02
2.002666666666666799e+02
2.065999999999999943e+02
2.342666666666666799e+02
2.178666666666666742e+02
2.523333333333333428e+02
2.451999999999999886e+02
2.243333333333333428e+02
2.321333333333333258e+02
2.696000000000000227e+02
2.420000000000000000e+02
2.218000000000000114e+02
2.153333333333333428e+02
2.333333333333333428e+02
2.212666666666666799e+02
2.640000000000000000e+02
2.410666666666666629e+02
2.915333333333333599e+02
2.328666666666666742e+02
2.504666666666666686e+02
2.828666666666666742e+02
2.638666666666666742e+02
2.766000000000000227e+02
2.910000000000000000e+02
2.625333333333333599e+02
2.210000000000000000e+02
2.999333333333333371e+02
2.778000000000000114e+02
2.290666666666666629e+02
2.502666666666666799e+02
2.304000000000000057e+02
2.572666666666666515e+02
2.839333333333333371e+02
2.667333333333333485e+02
2.155333333333333314e+02
2.526666666666666572e+02
2.772666666666666515e+02
2.571999999999999886e+02
2.711999999999999886e+02
2.690666666666666629e+02
2.505333333333333314e+02
2.158000000000000114e+02
2.381999999999999886e+02
2.596000000000000227e+02
2.961333333333333258e+02
2.548000000000000114e+02
2.632666666666666515e+02
2.638666666666666742e+02
2.553333333333333428e+02
2.661999999999999886e+02
1.674666666666666686e+02
2.090000000000000000e+02
2.208666666666666742e+02
2.111999999999999886e+02
1.912666666666666799e+02
2.041999999999999886e+02
1.594666666666666686e+02
1.821999999999999886e+02
2.001333333333333258e+02
1.641333333333333258e+02
1.825999999999999943e+02
1.880000000000000000e+02
1.805333333333333314e+02
1.770000000000000000e+02
1.854666666666666686e+02
1.681333333333333258e+02
1.637333333333333201e+02
1.477333333333333201e+02
