2.053333333333333499e+01
1.559999999999999964e+01
1.980000000000000071e+01
2.360000000000000142e+01
1.846666666666666501e+01
1.873333333333333428e+01
1.866666666666666785e+01
2.273333333333333428e+01
2.233333333333333215e+01
2.439999999999999858e+01
1.619999999999999929e+01
2.233333333333333215e+01
1.913333333333333286e+01
1.666666666666666785e+01
2.019999999999999929e+01
2.146666666666666501e+01
1.513333333333333286e+01
2.566666666666666785e+01
1.880000000000000071e+01
2.033333333333333215e+01
2.160000000000000142e+01
2.080000000000000071e+01
1.966666666666666785e+01
1.893333333333333357e+01
1.900000000000000000e+01
1.973333333333333428e+01
2.480000000000000071e+01
2.006666666666666643e+01
2.060000000000000142e+01
1.906666666666666643e+01
1.893333333333333357e+01
2.060000000000000142e+01
1.939999999999999858e+01
1.993333333333333357e+01
1.666666666666666785e+01
1.553333333333333321e+01
2.100000000000000000e+01
2.113333333333333286e+01
1.919999999999999929e+01
1.546666666666666679e+01
1.786666666666666714e+01
1.986666666666666714e+01
1.780000000000000071e+01
1.493333333333333357e+01
2.039999999999999858e+01
1.593333333333333357e+01
1.866666666666666785e+01
2.053333333333333499e+01
1.793333333333333357e+01
1.540000000000000036e+01
2.246666666666666501e+01
2.313333333333333286e+01
1.566666666666666607e+01
1.686666666666666714e+01
1.753333333333333499e+01
2.160000000000000142e+01
1.706666666666666643e+01
1.960000000000000142e+01
1.813333333333333286e+01
2.453333333333333499e+01
2.133333333333333215e+01
1.200000000000000000e+01
1.693333333333333357e+01
2.066666666666666785e+01
1.480000000000000071e+01
1.813333333333333286e+01
1.753333333333333499e+01
1.353333333333333321e+01
2.119999999999999929e+01
1.533333333333333393e+01
1.819999999999999929e+01
1.459999999999999964e+01
1.546666666666666679e+01
1.706666666666666643e+01
1.793333333333333357e+01
1.733333333333333215e+01
1.966666666666666785e+01
2.060000000000000142e+01
1.486666666666666714e+01
1.586666666666666714e+01
1.559999999999999964e+01
1.786666666666666714e+01
1.406666666666666643e+01
1.719999999999999929e+01
1.519999999999999929e+01
1.500000000000000000e+01
1.340000000000000036e+01
1.426666666666666750e+01
1.586666666666666714e+01
1.300000000000000000e+01
1.559999999999999964e+01
2.273333333333333428e+01
1.393333333333333357e+01
1.693333333333333357e+01
1.586666666666666714e+01
1.973333333333333428e+01
1.853333333333333499e+01
1.326666666666666750e+01
1.400000000000000000e+01
1.313333333333333286e+01
1.506666666666666643e+01
1.519999999999999929e+01
1.286666666666666714e+01
1.980000000000000071e+01
1.760000000000000142e+01
1.653333333333333499e+01
1.786666666666666714e+01
1.440000000000000036e+01
2.273333333333333428e+01
1.766666666666666785e+01
1.753333333333333499e+01
1.880000000000000071e+01
1.686666666666666714e+01
1.713333333333333286e+01
1.519999999999999929e+01
1.273333333333333250e+01
1.733333333333333215e+01
1.453333333333333321e+01
1.633333333333333215e+01
1.446666666666666679e+01
1.353333333333333321e+01
1.440000000000000036e+01
1.993333333333333357e+01
1.653333333333333499e+01
1.473333333333333250e+01
1.306666666666666643e+01
1.593333333333333357e+01
2.106666666666666643e+01
1.753333333333333499e+01
1.786666666666666714e+01
1.800000000000000000e+01
1.480000000000000071e+01
1.459999999999999964e+01
1.939999999999999858e+01
1.206666666666666643e+01
1.726666666666666572e+01
2.033333333333333215e+01
1.533333333333333393e+01
1.839999999999999858e+01
1.446666666666666679e+01
1.680000000000000071e+01
1.566666666666666607e+01
1.453333333333333321e+01
2.126666666666666572e+01
1.513333333333333286e+01
2.213333333333333286e+01
1.793333333333333357e+01
1.766666666666666785e+01
1.693333333333333357e+01
1.739999999999999858e+01
1.739999999999999858e+01
1.653333333333333499e+01
1.546666666666666679e+01
1.833333333333333215e+01
1.780000000000000071e+01
1.406666666666666643e+01
1.660000000000000142e+01
2.386666666666666714e+01
1.813333333333333286e+01
1.806666666666666643e+01
2.039999999999999858e+01
1.860000000000000142e+01
1.839999999999999858e+01
1.446666666666666679e+01
1.653333333333333499e+01
1.680000000000000071e+01
1.526666666666666750e+01
1.993333333333333357e+01
2.273333333333333428e+01
1.886666666666666714e+01
2.006666666666666643e+01
1.526666666666666750e+01
1.540000000000000036e+01
1.613333333333333286e+01
1.919999999999999929e+01
2.000000000000000000e+01
1.793333333333333357e+01
1.619999999999999929e+01
2.080000000000000071e+01
1.760000000000000142e+01
1.833333333333333215e+01
1.946666666666666501e+01
1.860000000000000142e+01
1.813333333333333286e+01
1.913333333333333286e+01
1.613333333333333286e+01
1.926666666666666572e+01
1.706666666666666643e+01
2.039999999999999858e+01
1.580000000000000071e+01
1.653333333333333499e+01
1.800000000000000000e+01
1.893333333333333357e+01
1.713333333333333286e+01
1.739999999999999858e+01
1.566666666666666607e+01
2.073333333333333428e+01
1.673333333333333428e+01
2.013333333333333286e+01
1.526666666666666750e+01
2.053333333333333499e+01
2.126666666666666572e+01
1.373333333333333250e+01
1.526666666666666750e+01
1.546666666666666679e+01
1.400000000000000000e+01
1.406666666666666643e+01
1.559999999999999964e+01
1.286666666666666714e+01
1.706666666666666643e+01
1.293333333333333357e+01
1.480000000000000071e+01
1.540000000000000036e+01
1.566666666666666607e+01
1.293333333333333357e+01
1.419999999999999929e+01
1.140000000000000036e+01
1.526666666666666750e+01
1.453333333333333321e+01
1.540000000000000036e+01
1.580000000000000071e+01
1.306666666666666643e+01
1.333333333333333393e+01
1.459999999999999964e+01
1.493333333333333357e+01
1.466666666666666607e+01
1.473333333333333250e+01
1.633333333333333215e+01
1.533333333333333393e+01
1.660000000000000142e+01
1.319999999999999929e+01
1.773333333333333428e+01
1.533333333333333393e+01
1.406666666666666643e+01
1.240000000000000036e+01
1.500000000000000000e+01
1.486666666666666714e+01
1.559999999999999964e+01
1.600000000000000000e+01
1.619999999999999929e+01
1.586666666666666714e+01
2.046666666666666501e+01
1.346666666666666679e+01
1.573333333333333250e+01
1.473333333333333250e+01
1.373333333333333250e+01
1.713333333333333286e+01
1.660000000000000142e+01
1.639999999999999858e+01
1.619999999999999929e+01
1.633333333333333215e+01
1.713333333333333286e+01
1.786666666666666714e+01
1.800000000000000000e+01
1.459999999999999964e+01
1.693333333333333357e+01
1.319999999999999929e+01
1.286666666666666714e+01
2.026666666666666572e+01
1.626666666666666572e+01
1.233333333333333393e+01
1.680000000000000071e+01
1.346666666666666679e+01
1.466666666666666607e+01
1.300000000000000000e+01
2.013333333333333286e+01
2.553333333333333499e+01
2.039999999999999858e+01
1.946666666666666501e+01
1.480000000000000071e+01
1.639999999999999858e+01
1.893333333333333357e+01
1.646666666666666501e+01
1.926666666666666572e+01
2.066666666666666785e+01
1.480000000000000071e+01
1.573333333333333250e+01
1.673333333333333428e+01
1.773333333333333428e+01
1.446666666666666679e+01
1.900000000000000000e+01
2.006666666666666643e+01
1.880000000000000071e+01
2.019999999999999929e+01
1.933333333333333215e+01
2.486666666666666714e+01
1.786666666666666714e+01
2.100000000000000000e+01
2.026666666666666572e+01
2.713333333333333286e+01
2.706666666666666643e+01
2.519999999999999929e+01
2.426666666666666572e+01
2.373333333333333428e+01
2.139999999999999858e+01
2.106666666666666643e+01
2.826666666666666572e+01
2.066666666666666785e+01
3.986666666666666714e+01
3.293333333333333002e+01
1.700000000000000000e+01
2.866666666666666785e+01
3.126666666666666572e+01
2.706666666666666643e+01
3.053333333333333499e+01
3.566666666666666430e+01
3.026666666666666572e+01
3.000000000000000000e+01
3.546666666666666856e+01
4.560000000000000142e+01
2.333333333333333215e+01
2.726666666666666572e+01
3.126666666666666572e+01
3.320000000000000284e+01
2.393333333333333357e+01
2.893333333333333357e+01
3.286666666666666714e+01
2.346666666666666501e+01
3.739999999999999858e+01
3.100000000000000000e+01
3.860000000000000142e+01
3.039999999999999858e+01
2.533333333333333215e+01
3.793333333333333002e+01
4.053333333333333144e+01
3.413333333333333286e+01
2.480000000000000071e+01
3.586666666666666714e+01
3.200000000000000000e+01
3.453333333333333144e+01
4.300000000000000000e+01
3.686666666666666714e+01
4.066666666666666430e+01
3.520000000000000284e+01
2.933333333333333215e+01
4.139999999999999858e+01
3.579999999999999716e+01
4.026666666666666572e+01
4.286666666666666714e+01
4.360000000000000142e+01
3.019999999999999929e+01
3.826666666666666572e+01
3.026666666666666572e+01
4.506666666666666998e+01
4.339999999999999858e+01
3.460000000000000142e+01
3.566666666666666430e+01
5.186666666666666714e+01
3.939999999999999858e+01
2.826666666666666572e+01
5.926666666666666572e+01
3.439999999999999858e+01
4.473333333333333428e+01
3.753333333333333144e+01
4.646666666666666856e+01
6.066666666666666430e+01
4.966666666666666430e+01
4.426666666666666572e+01
4.639999999999999858e+01
3.739999999999999858e+01
4.179999999999999716e+01
3.293333333333333002e+01
3.900000000000000000e+01
3.973333333333333428e+01
4.146666666666666856e+01
3.613333333333333286e+01
4.366666666666666430e+01
3.820000000000000284e+01
5.000000000000000000e+01
6.360000000000000142e+01
5.239999999999999858e+01
3.160000000000000142e+01
5.353333333333333144e+01
4.153333333333333144e+01
3.873333333333333428e+01
6.573333333333333428e+01
4.633333333333333570e+01
5.593333333333333002e+01
5.160000000000000142e+01
5.900000000000000000e+01
5.960000000000000142e+01
6.179999999999999716e+01
4.206666666666666998e+01
5.339999999999999858e+01
4.086666666666666714e+01
3.873333333333333428e+01
4.866666666666666430e+01
6.646666666666666856e+01
5.033333333333333570e+01
5.046666666666666856e+01
5.620000000000000284e+01
4.733333333333333570e+01
6.100000000000000000e+01
6.366666666666666430e+01
7.073333333333333428e+01
6.946666666666666856e+01
6.153333333333333144e+01
6.806666666666666288e+01
6.039999999999999858e+01
5.520000000000000284e+01
6.633333333333332860e+01
5.326666666666666572e+01
6.393333333333333002e+01
7.279999999999999716e+01
5.973333333333333428e+01
8.020000000000000284e+01
7.159999999999999432e+01
5.666666666666666430e+01
7.179999999999999716e+01
7.673333333333333428e+01
8.359999999999999432e+01
7.333333333333332860e+01
9.033333333333332860e+01
9.973333333333333428e+01
9.306666666666666288e+01
1.005999999999999943e+02
9.740000000000000568e+01
1.009333333333333371e+02
1.156666666666666714e+02
1.012000000000000028e+02
1.256666666666666714e+02
1.347333333333333201e+02
1.210000000000000000e+02
1.508000000000000114e+02
1.252000000000000028e+02
1.192000000000000028e+02
1.289333333333333371e+02
1.216666666666666714e+02
1.180666666666666629e+02
1.426666666666666572e+02
1.154000000000000057e+02
1.267333333333333343e+02
1.440000000000000000e+02
1.341999999999999886e+02
1.167999999999999972e+02
1.440000000000000000e+02
1.494000000000000057e+02
1.635333333333333314e+02
1.310666666666666629e+02
1.281333333333333258e+02
1.344000000000000057e+02
1.408000000000000114e+02
1.590000000000000000e+02
1.421333333333333258e+02
1.391999999999999886e+02
1.521999999999999886e+02
1.487333333333333201e+02
1.535333333333333314e+02
1.580666666666666629e+02
1.612666666666666799e+02
1.791333333333333258e+02
1.789333333333333371e+02
2.000666666666666629e+02
1.880000000000000000e+02
1.979333333333333371e+02
1.971333333333333258e+02
2.203333333333333428e+02
2.128666666666666742e+02
2.070000000000000000e+02
2.283333333333333428e+02
2.078666666666666742e+02
2.101333333333333258e+02
2.160000000000000000e+02
2.175999999999999943e+02
2.088000000000000114e+02
2.344666666666666686e+02
2.259333333333333371e+02
2.382666666666666799e+02
2.238000000000000114e+02
2.490666666666666629e+02
2.368000000000000114e+02
2.311333333333333258e+02
2.201999999999999886e+02
2.301999999999999886e+02
2.034666666666666686e+02
2.075999999999999943e+02
2.435999999999999943e+02
2.414000000000000057e+02
2.300666666666666629e+02
2.210000000000000000e+02
2.268666666666666742e+02
2.397333333333333201e+02
2.178666666666666742e+02
2.278666666666666742e+02
2.672666666666666515e+02
2.465999999999999943e+02
2.661999999999999886e+02
2.519333333333333371e+02
2.548000000000000114e+02
2.319333333333333371e+02
2.120000000000000000e+02
3.100000000000000000e+02
2.665333333333333599e+02
2.420000000000000000e+02
2.745333333333333599e+02
2.465333333333333314e+02
2.643333333333333144e+02
2.600000000000000000e+02
3.026000000000000227e+02
2.485333333333333314e+02
2.538666666666666742e+02
2.750000000000000000e+02
2.647333333333333485e+02
3.008000000000000114e+02
2.876000000000000227e+02
2.738000000000000114e+02
2.783333333333333144e+02
2.865333333333333599e+02
2.918000000000000114e+02
2.515999999999999943e+02
2.703333333333333144e+02
2.950666666666666629e+02
2.740666666666666629e+02
2.515999999999999943e+02
2.930666666666666629e+02
2.735333333333333599e+02
2.654666666666666401e+02
3.069333333333333371e+02
2.790666666666666629e+02
2.650666666666666629e+02
2.868666666666666742e+02
2.951999999999999886e+02
3.093999999999999773e+02
2.989333333333333371e+02
2.890666666666666629e+02
3.031333333333333258e+02
2.853999999999999773e+02
2.682666666666666515e+02
2.555999999999999943e+02
2.923999999999999773e+02
2.591333333333333258e+02
2.701333333333333258e+02
3.077333333333333485e+02
2.833999999999999773e+02
2.765333333333333599e+02
2.738000000000000114e+02
3.374666666666666401e+02
2.966000000000000227e+02
2.898000000000000114e+02
2.831333333333333258e+02
3.153999999999999773e+02
2.991333333333333258e+02
2.724666666666666401e+02
3.043333333333333144e+02
2.838000000000000114e+02
2.721999999999999886e+02
2.883333333333333144e+02
2.708666666666666742e+02
2.800000000000000000e+02
2.866000000000000227e+02
3.111999999999999886e+02
3.051999999999999886e+02
3.012666666666666515e+02
2.881999999999999886e+02
3.018666666666666742e+02
3.153999999999999773e+02
2.491999999999999886e+02
2.793999999999999773e+02
2.795333333333333599e+02
3.225333333333333599e+02
2.898000000000000114e+02
2.931999999999999886e+02
2.491999999999999886e+02
2.660000000000000000e+02
2.954666666666666401e+02
2.943999999999999773e+02
2.743333333333333144e+02
3.080000000000000000e+02
3.008000000000000114e+02
3.004666666666666401e+02
2.983999999999999773e+02
3.051333333333333258e+02
2.839333333333333371e+02
2.846000000000000227e+02
2.973999999999999773e+02
3.163333333333333144e+02
3.130666666666666629e+02
3.223333333333333144e+02
2.733999999999999773e+02
2.941333333333333258e+02
2.969333333333333371e+02
2.866666666666666856e+02
2.731999999999999886e+02
2.713999999999999773e+02
2.838666666666666742e+02
2.876666666666666856e+02
2.973999999999999773e+02
3.048000000000000114e+02
2.577333333333333485e+02
2.776000000000000227e+02
2.472666666666666799e+02
2.888000000000000114e+02
2.691999999999999886e+02
2.946666666666666856e+02
3.023999999999999773e+02
3.038000000000000114e+02
3.094666666666666401e+02
3.376666666666666856e+02
2.960000000000000000e+02
3.136000000000000227e+02
3.167333333333333485e+02
3.200000000000000000e+02
2.999333333333333371e+02
3.164666666666666401e+02
3.140666666666666629e+02
3.143999999999999773e+02
3.330000000000000000e+02
3.240666666666666629e+02
3.578000000000000114e+02
3.585333333333333599e+02
3.363333333333333144e+02
3.279333333333333371e+02
3.465333333333333599e+02
3.238666666666666742e+02
3.359333333333333371e+02
3.080666666666666629e+02
3.311333333333333258e+02
3.431333333333333258e+02
3.476666666666666856e+02
3.241333333333333258e+02
3.453999999999999773e+02
3.251333333333333258e+02
3.350666666666666629e+02
3.338666666666666742e+02
3.509333333333333371e+02
3.380000000000000000e+02
3.317333333333333485e+02
3.483999999999999773e+02
3.257333333333333485e+02
3.428000000000000114e+02
3.386666666666666856e+02
3.364666666666666401e+02
3.226666666666666856e+02
3.204666666666666401e+02
3.211333333333333258e+02
3.401333333333333258e+02
3.688666666666666742e+02
3.336000000000000227e+02
3.130000000000000000e+02
3.289333333333333371e+02
3.488000000000000114e+02
3.407333333333333485e+02
3.821333333333333258e+02
3.591999999999999886e+02
3.626666666666666856e+02
3.657333333333333485e+02
3.432666666666666515e+02
3.553333333333333144e+02
3.510000000000000000e+02
3.613333333333333144e+02
3.481999999999999886e+02
3.733333333333333144e+02
3.361999999999999886e+02
3.600000000000000000e+02
3.193333333333333144e+02
3.658666666666666742e+02
3.435333333333333599e+02
3.688000000000000114e+02
3.333999999999999773e+02
3.950000000000000000e+02
3.553333333333333144e+02
3.697333333333333485e+02
3.837333333333333485e+02
3.593333333333333144e+02
3.676666666666666856e+02
3.424666666666666401e+02
3.593333333333333144e+02
3.503999999999999773e+02
3.533333333333333144e+02
3.802666666666666515e+02
3.368000000000000114e+02
3.562666666666666515e+02
3.606000000000000227e+02
3.481999999999999886e+02
3.600666666666666629e+02
3.625333333333333599e+02
3.697333333333333485e+02
3.621333333333333258e+02
3.651999999999999886e+02
3.866666666666666856e+02
3.243999999999999773e+02
3.507333333333333485e+02
3.756666666666666856e+02
3.585333333333333599e+02
3.796000000000000227e+02
3.573333333333333144e+02
3.593999999999999773e+02
3.901333333333333258e+02
3.756000000000000227e+02
3.510666666666666629e+02
3.728666666666666742e+02
3.554666666666666401e+02
3.858000000000000114e+02
3.789333333333333371e+02
3.643333333333333144e+02
3.756000000000000227e+02
3.238666666666666742e+02
3.370666666666666629e+02
3.527333333333333485e+02
3.513333333333333144e+02
