1.880000000000000071e+01
2.186666666666666714e+01
1.873333333333333428e+01
2.519999999999999929e+01
1.686666666666666714e+01
2.426666666666666572e+01
2.306666666666666643e+01
1.719999999999999929e+01
1.953333333333333499e+01
2.093333333333333357e+01
1.780000000000000071e+01
2.446666666666666501e+01
2.013333333333333286e+01
1.546666666666666679e+01
1.766666666666666785e+01
2.480000000000000071e+01
1.906666666666666643e+01
2.160000000000000142e+01
2.119999999999999929e+01
1.786666666666666714e+01
1.666666666666666785e+01
2.060000000000000142e+01
2.033333333333333215e+01
1.739999999999999858e+01
1.566666666666666607e+01
1.633333333333333215e+01
1.386666666666666714e+01
2.053333333333333499e+01
1.660000000000000142e+01
1.813333333333333286e+01
2.166666666666666785e+01
1.980000000000000071e+01
1.586666666666666714e+01
1.780000000000000071e+01
1.773333333333333428e+01
2.146666666666666501e+01
1.739999999999999858e+01
1.559999999999999964e+01
1.760000000000000142e+01
2.053333333333333499e+01
1.700000000000000000e+01
1.613333333333333286e+01
2.039999999999999858e+01
1.546666666666666679e+01
1.553333333333333321e+01
1.946666666666666501e+01
2.073333333333333428e+01
1.973333333333333428e+01
1.519999999999999929e+01
1.519999999999999929e+01
1.693333333333333357e+01
1.586666666666666714e+01
2.466666666666666785e+01
1.566666666666666607e+01
1.866666666666666785e+01
1.613333333333333286e+01
1.839999999999999858e+01
1.566666666666666607e+01
1.406666666666666643e+01
1.666666666666666785e+01
1.553333333333333321e+01
1.600000000000000000e+01
1.946666666666666501e+01
1.873333333333333428e+01
1.500000000000000000e+01
1.380000000000000071e+01
1.900000000000000000e+01
1.513333333333333286e+01
1.660000000000000142e+01
1.633333333333333215e+01
1.619999999999999929e+01
1.806666666666666643e+01
2.126666666666666572e+01
1.746666666666666501e+01
1.486666666666666714e+01
2.506666666666666643e+01
1.613333333333333286e+01
1.593333333333333357e+01
1.513333333333333286e+01
1.586666666666666714e+01
1.680000000000000071e+01
2.039999999999999858e+01
1.700000000000000000e+01
1.753333333333333499e+01
2.013333333333333286e+01
2.266666666666666785e+01
1.413333333333333286e+01
1.653333333333333499e+01
2.139999999999999858e+01
1.580000000000000071e+01
2.313333333333333286e+01
1.739999999999999858e+01
1.886666666666666714e+01
1.266666666666666607e+01
1.793333333333333357e+01
1.733333333333333215e+01
1.986666666666666714e+01
1.633333333333333215e+01
1.446666666666666679e+01
1.780000000000000071e+01
1.540000000000000036e+01
1.800000000000000000e+01
1.573333333333333250e+01
1.559999999999999964e+01
1.833333333333333215e+01
1.513333333333333286e+01
1.726666666666666572e+01
2.206666666666666643e+01
1.573333333333333250e+01
1.746666666666666501e+01
1.613333333333333286e+01
1.246666666666666679e+01
1.813333333333333286e+01
1.293333333333333357e+01
1.486666666666666714e+01
1.393333333333333357e+01
1.600000000000000000e+01
1.626666666666666572e+01
1.939999999999999858e+01
1.466666666666666607e+01
1.660000000000000142e+01
1.566666666666666607e+01
1.939999999999999858e+01
1.400000000000000000e+01
1.860000000000000142e+01
1.660000000000000142e+01
1.440000000000000036e+01
1.786666666666666714e+01
2.146666666666666501e+01
1.400000000000000000e+01
2.246666666666666501e+01
2.126666666666666572e+01
1.806666666666666643e+01
1.206666666666666643e+01
1.213333333333333286e+01
1.826666666666666572e+01
1.786666666666666714e+01
1.726666666666666572e+01
1.306666666666666643e+01
2.226666666666666572e+01
1.739999999999999858e+01
1.660000000000000142e+01
1.586666666666666714e+01
1.760000000000000142e+01
1.673333333333333428e+01
1.726666666666666572e+01
1.586666666666666714e+01
1.739999999999999858e+01
1.773333333333333428e+01
1.786666666666666714e+01
1.719999999999999929e+01
1.300000000000000000e+01
1.766666666666666785e+01
1.793333333333333357e+01
1.713333333333333286e+01
1.926666666666666572e+01
2.339999999999999858e+01
2.039999999999999858e+01
1.726666666666666572e+01
1.513333333333333286e+01
1.693333333333333357e+01
2.039999999999999858e+01
1.486666666666666714e+01
1.613333333333333286e+01
2.226666666666666572e+01
1.559999999999999964e+01
1.933333333333333215e+01
2.260000000000000142e+01
2.333333333333333215e+01
2.080000000000000071e+01
1.533333333333333393e+01
1.846666666666666501e+01
2.086666666666666714e+01
2.106666666666666643e+01
2.239999999999999858e+01
1.880000000000000071e+01
2.239999999999999858e+01
1.806666666666666643e+01
1.960000000000000142e+01
2.073333333333333428e+01
2.660000000000000142e+01
2.406666666666666643e+01
2.360000000000000142e+01
1.906666666666666643e+01
2.053333333333333499e+01
1.713333333333333286e+01
2.053333333333333499e+01
2.206666666666666643e+01
1.860000000000000142e+01
2.100000000000000000e+01
2.339999999999999858e+01
1.613333333333333286e+01
1.826666666666666572e+01
1.960000000000000142e+01
1.446666666666666679e+01
2.293333333333333357e+01
1.786666666666666714e+01
1.613333333333333286e+01
2.319999999999999929e+01
1.733333333333333215e+01
1.680000000000000071e+01
2.266666666666666785e+01
2.460000000000000142e+01
2.113333333333333286e+01
1.839999999999999858e+01
1.933333333333333215e+01
1.753333333333333499e+01
1.733333333333333215e+01
1.386666666666666714e+01
1.466666666666666607e+01
1.493333333333333357e+01
1.466666666666666607e+01
1.393333333333333357e+01
1.613333333333333286e+01
1.700000000000000000e+01
1.673333333333333428e+01
1.166666666666666607e+01
1.786666666666666714e+01
1.386666666666666714e+01
1.680000000000000071e+01
1.480000000000000071e+01
1.580000000000000071e+01
1.606666666666666643e+01
1.393333333333333357e+01
1.546666666666666679e+01
1.359999999999999964e+01
1.459999999999999964e+01
1.506666666666666643e+01
1.686666666666666714e+01
1.353333333333333321e+01
1.313333333333333286e+01
1.639999999999999858e+01
1.660000000000000142e+01
1.286666666666666714e+01
1.753333333333333499e+01
1.646666666666666501e+01
1.853333333333333499e+01
1.693333333333333357e+01
1.593333333333333357e+01
1.493333333333333357e+01
1.826666666666666572e+01
1.686666666666666714e+01
1.933333333333333215e+01
1.739999999999999858e+01
1.733333333333333215e+01
1.946666666666666501e+01
1.500000000000000000e+01
1.533333333333333393e+01
1.680000000000000071e+01
1.506666666666666643e+01
2.219999999999999929e+01
1.626666666666666572e+01
2.300000000000000000e+01
1.973333333333333428e+01
1.706666666666666643e+01
2.219999999999999929e+01
2.053333333333333499e+01
1.546666666666666679e+01
2.066666666666666785e+01
2.039999999999999858e+01
2.019999999999999929e+01
1.753333333333333499e+01
1.819999999999999929e+01
2.319999999999999929e+01
2.833333333333333215e+01
2.373333333333333428e+01
1.946666666666666501e+01
1.913333333333333286e+01
1.900000000000000000e+01
2.346666666666666501e+01
2.139999999999999858e+01
1.953333333333333499e+01
2.513333333333333286e+01
1.813333333333333286e+01
2.046666666666666501e+01
1.860000000000000142e+01
1.553333333333333321e+01
2.293333333333333357e+01
2.153333333333333499e+01
1.713333333333333286e+01
2.006666666666666643e+01
2.026666666666666572e+01
1.973333333333333428e+01
1.960000000000000142e+01
2.460000000000000142e+01
2.100000000000000000e+01
2.633333333333333215e+01
3.113333333333333286e+01
3.100000000000000000e+01
2.966666666666666785e+01
2.906666666666666643e+01
2.853333333333333499e+01
2.526666666666666572e+01
3.119999999999999929e+01
3.260000000000000142e+01
2.993333333333333357e+01
3.113333333333333286e+01
5.206666666666666998e+01
2.953333333333333499e+01
2.453333333333333499e+01
3.693333333333333002e+01
2.606666666666666643e+01
3.213333333333333286e+01
4.006666666666666998e+01
4.793333333333333002e+01
3.226666666666666572e+01
3.579999999999999716e+01
4.313333333333333286e+01
3.206666666666666998e+01
4.266666666666666430e+01
3.686666666666666714e+01
3.900000000000000000e+01
4.006666666666666998e+01
3.560000000000000142e+01
3.600000000000000000e+01
3.019999999999999929e+01
3.379999999999999716e+01
3.173333333333333428e+01
3.893333333333333002e+01
3.566666666666666430e+01
2.419999999999999929e+01
4.339999999999999858e+01
2.946666666666666501e+01
3.820000000000000284e+01
5.020000000000000284e+01
2.993333333333333357e+01
3.660000000000000142e+01
3.926666666666666572e+01
4.153333333333333144e+01
4.239999999999999858e+01
4.653333333333333144e+01
3.513333333333333286e+01
5.479999999999999716e+01
3.479999999999999716e+01
5.486666666666666714e+01
4.006666666666666998e+01
3.953333333333333144e+01
5.213333333333333286e+01
5.206666666666666998e+01
4.813333333333333286e+01
5.539999999999999858e+01
5.993333333333333002e+01
4.600000000000000000e+01
6.239999999999999858e+01
5.446666666666666856e+01
5.360000000000000142e+01
5.593333333333333002e+01
4.046666666666666856e+01
4.200000000000000000e+01
6.659999999999999432e+01
5.326666666666666572e+01
4.379999999999999716e+01
6.146666666666666856e+01
4.893333333333333002e+01
5.746666666666666856e+01
5.926666666666666572e+01
5.153333333333333144e+01
4.466666666666666430e+01
3.726666666666666572e+01
5.626666666666666572e+01
5.033333333333333570e+01
5.533333333333333570e+01
5.473333333333333428e+01
5.593333333333333002e+01
3.866666666666666430e+01
5.893333333333333002e+01
5.613333333333333286e+01
5.566666666666666430e+01
4.206666666666666998e+01
5.460000000000000142e+01
5.500000000000000000e+01
3.979999999999999716e+01
6.053333333333333144e+01
5.046666666666666856e+01
6.546666666666666856e+01
7.020000000000000284e+01
7.006666666666666288e+01
5.586666666666666714e+01
6.740000000000000568e+01
8.033333333333332860e+01
7.346666666666666856e+01
6.079999999999999716e+01
7.779999999999999716e+01
8.433333333333332860e+01
7.259999999999999432e+01
8.866666666666667140e+01
9.153333333333333144e+01
6.106666666666666998e+01
7.426666666666666572e+01
6.740000000000000568e+01
1.012000000000000028e+02
1.093333333333333286e+02
8.126666666666666572e+01
9.533333333333332860e+01
1.194000000000000057e+02
1.347333333333333201e+02
1.017999999999999972e+02
1.095333333333333314e+02
8.333333333333332860e+01
9.520000000000000284e+01
1.040666666666666629e+02
9.066666666666667140e+01
1.262000000000000028e+02
1.196666666666666714e+02
1.233333333333333286e+02
1.141333333333333400e+02
1.284000000000000057e+02
1.558000000000000114e+02
1.112666666666666657e+02
1.485999999999999943e+02
1.374666666666666686e+02
1.638000000000000114e+02
1.506666666666666572e+02
1.500666666666666629e+02
1.540666666666666629e+02
1.592666666666666799e+02
1.415999999999999943e+02
1.594666666666666686e+02
1.488000000000000114e+02
1.377333333333333201e+02
1.735333333333333314e+02
1.797333333333333201e+02
1.407333333333333201e+02
1.876666666666666572e+02
1.658666666666666742e+02
1.560000000000000000e+02
1.683333333333333428e+02
1.830000000000000000e+02
1.721333333333333258e+02
1.704666666666666686e+02
1.735999999999999943e+02
1.748666666666666742e+02
1.795333333333333314e+02
1.588000000000000114e+02
1.740000000000000000e+02
1.858666666666666742e+02
1.869333333333333371e+02
1.889333333333333371e+02
2.047333333333333201e+02
1.932666666666666799e+02
1.986666666666666572e+02
2.048666666666666742e+02
1.761333333333333258e+02
1.948666666666666742e+02
2.104000000000000057e+02
2.359333333333333371e+02
2.216666666666666572e+02
2.292666666666666799e+02
1.856666666666666572e+02
2.601333333333333258e+02
2.068666666666666742e+02
2.274000000000000057e+02
2.345999999999999943e+02
2.224666666666666686e+02
2.549333333333333371e+02
2.564666666666666401e+02
2.092666666666666799e+02
2.204666666666666686e+02
2.368000000000000114e+02
2.475333333333333314e+02
2.235999999999999943e+02
2.535999999999999943e+02
2.679333333333333371e+02
2.453333333333333428e+02
2.201333333333333258e+02
2.407333333333333201e+02
2.332666666666666799e+02
2.339333333333333371e+02
2.188000000000000114e+02
2.158000000000000114e+02
2.921999999999999886e+02
2.375333333333333314e+02
2.735333333333333599e+02
2.310000000000000000e+02
2.197333333333333201e+02
2.273333333333333428e+02
2.124000000000000057e+02
2.338666666666666742e+02
2.567333333333333485e+02
2.384000000000000057e+02
2.215999999999999943e+02
2.518666666666666742e+02
2.310666666666666629e+02
2.170000000000000000e+02
2.312666666666666799e+02
2.218000000000000114e+02
2.394000000000000057e+02
2.390000000000000000e+02
2.619333333333333371e+02
2.317333333333333201e+02
2.303333333333333428e+02
2.345999999999999943e+02
2.313333333333333428e+02
2.581999999999999886e+02
2.190000000000000000e+02
2.620000000000000000e+02
2.478666666666666742e+02
2.418000000000000114e+02
2.487333333333333201e+02
2.450000000000000000e+02
2.503333333333333428e+02
2.630000000000000000e+02
2.683999999999999773e+02
2.395999999999999943e+02
2.485999999999999943e+02
2.562666666666666515e+02
2.546666666666666572e+02
2.687333333333333485e+02
2.618666666666666742e+02
2.395333333333333314e+02
2.610666666666666629e+02
2.535333333333333314e+02
2.591999999999999886e+02
2.793999999999999773e+02
2.473333333333333428e+02
2.387333333333333201e+02
2.278666666666666742e+02
2.598666666666666742e+02
2.608000000000000114e+02
2.566000000000000227e+02
2.728000000000000114e+02
2.901999999999999886e+02
2.958666666666666742e+02
2.979333333333333371e+02
2.789333333333333371e+02
2.971999999999999886e+02
2.913999999999999773e+02
2.849333333333333371e+02
2.878000000000000114e+02
2.960666666666666629e+02
2.868666666666666742e+02
3.158000000000000114e+02
3.050000000000000000e+02
3.270000000000000000e+02
3.021999999999999886e+02
3.352666666666666515e+02
3.042666666666666515e+02
2.990000000000000000e+02
2.913999999999999773e+02
2.826000000000000227e+02
2.971999999999999886e+02
3.071999999999999886e+02
2.941333333333333258e+02
2.899333333333333371e+02
3.173999999999999773e+02
3.063999999999999773e+02
2.762666666666666515e+02
3.116000000000000227e+02
3.066000000000000227e+02
3.120000000000000000e+02
3.076000000000000227e+02
2.994666666666666401e+02
2.819333333333333371e+02
3.018000000000000114e+02
2.811999999999999886e+02
2.997333333333333485e+02
2.958000000000000114e+02
3.022666666666666515e+02
2.750666666666666629e+02
2.984666666666666401e+02
3.001999999999999886e+02
3.080666666666666629e+02
3.483999999999999773e+02
2.941999999999999886e+02
3.322666666666666515e+02
3.486000000000000227e+02
3.376000000000000227e+02
3.266000000000000227e+02
3.087333333333333485e+02
3.238666666666666742e+02
3.046666666666666856e+02
3.091999999999999886e+02
3.256666666666666856e+02
3.331333333333333258e+02
3.438000000000000114e+02
3.309333333333333371e+02
3.486000000000000227e+02
3.226000000000000227e+02
3.069333333333333371e+02
3.288666666666666742e+02
3.188666666666666742e+02
3.017333333333333485e+02
3.161999999999999886e+02
3.497333333333333485e+02
3.207333333333333485e+02
3.362666666666666515e+02
3.450000000000000000e+02
3.262666666666666515e+02
3.393333333333333144e+02
3.553333333333333144e+02
3.686000000000000227e+02
3.026666666666666856e+02
3.473999999999999773e+02
3.413333333333333144e+02
3.106000000000000227e+02
3.100666666666666629e+02
3.286666666666666856e+02
3.018666666666666742e+02
3.394666666666666401e+02
3.167333333333333485e+02
3.526666666666666856e+02
3.300666666666666629e+02
3.273333333333333144e+02
3.436000000000000227e+02
3.271333333333333258e+02
3.148000000000000114e+02
3.556000000000000227e+02
3.498666666666666742e+02
3.743333333333333144e+02
3.723999999999999773e+02
3.621333333333333258e+02
3.346666666666666856e+02
3.369333333333333371e+02
3.375333333333333599e+02
3.375333333333333599e+02
3.226000000000000227e+02
3.533999999999999773e+02
3.516000000000000227e+02
3.614666666666666401e+02
3.608000000000000114e+02
3.589333333333333371e+02
3.622666666666666515e+02
3.502666666666666515e+02
3.803333333333333144e+02
3.300666666666666629e+02
3.218000000000000114e+02
3.451999999999999886e+02
3.549333333333333371e+02
3.673999999999999773e+02
3.378000000000000114e+02
3.468000000000000114e+02
3.340000000000000000e+02
3.707333333333333485e+02
3.678666666666666742e+02
3.511333333333333258e+02
3.433333333333333144e+02
3.240666666666666629e+02
3.557333333333333485e+02
3.583333333333333144e+02
3.348666666666666742e+02
3.670666666666666629e+02
3.757333333333333485e+02
3.646000000000000227e+02
3.668000000000000114e+02
3.438666666666666742e+02
3.430666666666666629e+02
3.351999999999999886e+02
3.582666666666666515e+02
3.781999999999999886e+02
3.614666666666666401e+02
3.921333333333333258e+02
3.583999999999999773e+02
3.618666666666666742e+02
3.794666666666666401e+02
3.352666666666666515e+02
3.592666666666666515e+02
3.827333333333333485e+02
3.466666666666666856e+02
3.473333333333333144e+02
3.978000000000000114e+02
3.419333333333333371e+02
4.007333333333333485e+02
3.398000000000000114e+02
3.778000000000000114e+02
3.455333333333333599e+02
3.830666666666666629e+02
3.670666666666666629e+02
3.875333333333333599e+02
3.552666666666666515e+02
3.653333333333333144e+02
3.693333333333333144e+02
3.855333333333333599e+02
3.471999999999999886e+02
3.767333333333333485e+02
3.413999999999999773e+02
3.478000000000000114e+02
3.470666666666666629e+02
3.641333333333333258e+02
3.769333333333333371e+02
3.606000000000000227e+02
3.698000000000000114e+02
3.892666666666666515e+02
3.786666666666666856e+02
3.964666666666666401e+02
3.933999999999999773e+02
3.945333333333333599e+02
3.920000000000000000e+02
3.883333333333333144e+02
3.691999999999999886e+02
4.061333333333333258e+02
4.072666666666666515e+02
3.806000000000000227e+02
3.991999999999999886e+02
4.017333333333333485e+02
4.010666666666666629e+02
3.861333333333333258e+02
4.458000000000000114e+02
3.922666666666666515e+02
3.589333333333333371e+02
4.089333333333333371e+02
