2.366666666666666785e+01
2.473333333333333428e+01
2.213333333333333286e+01
2.266666666666666785e+01
2.353333333333333499e+01
2.839999999999999858e+01
2.006666666666666643e+01
1.793333333333333357e+01
2.013333333333333286e+01
1.633333333333333215e+01
2.080000000000000071e+01
1.873333333333333428e+01
1.953333333333333499e+01
2.413333333333333286e+01
1.860000000000000142e+01
2.239999999999999858e+01
2.460000000000000142e+01
2.013333333333333286e+01
1.986666666666666714e+01
2.033333333333333215e+01
2.000000000000000000e+01
2.006666666666666643e+01
2.039999999999999858e+01
1.953333333333333499e+01
2.360000000000000142e+01
1.633333333333333215e+01
2.060000000000000142e+01
1.786666666666666714e+01
1.559999999999999964e+01
1.666666666666666785e+01
1.860000000000000142e+01
1.706666666666666643e+01
2.066666666666666785e+01
2.233333333333333215e+01
2.113333333333333286e+01
1.673333333333333428e+01
1.526666666666666750e+01
1.633333333333333215e+01
1.939999999999999858e+01
2.439999999999999858e+01
1.860000000000000142e+01
1.986666666666666714e+01
1.826666666666666572e+01
2.033333333333333215e+01
1.819999999999999929e+01
1.900000000000000000e+01
2.086666666666666714e+01
1.973333333333333428e+01
1.639999999999999858e+01
1.886666666666666714e+01
1.760000000000000142e+01
1.666666666666666785e+01
1.766666666666666785e+01
1.693333333333333357e+01
1.559999999999999964e+01
1.906666666666666643e+01
1.613333333333333286e+01
1.660000000000000142e+01
1.746666666666666501e+01
1.906666666666666643e+01
1.893333333333333357e+01
1.853333333333333499e+01
1.466666666666666607e+01
1.600000000000000000e+01
2.493333333333333357e+01
1.680000000000000071e+01
1.406666666666666643e+01
1.519999999999999929e+01
1.733333333333333215e+01
1.259999999999999964e+01
1.613333333333333286e+01
1.939999999999999858e+01
1.860000000000000142e+01
2.039999999999999858e+01
1.486666666666666714e+01
1.986666666666666714e+01
1.646666666666666501e+01
2.073333333333333428e+01
1.580000000000000071e+01
1.613333333333333286e+01
1.633333333333333215e+01
1.819999999999999929e+01
2.073333333333333428e+01
1.866666666666666785e+01
1.780000000000000071e+01
1.886666666666666714e+01
1.639999999999999858e+01
2.106666666666666643e+01
1.253333333333333321e+01
1.619999999999999929e+01
1.646666666666666501e+01
1.680000000000000071e+01
1.773333333333333428e+01
1.613333333333333286e+01
2.153333333333333499e+01
1.619999999999999929e+01
1.626666666666666572e+01
1.800000000000000000e+01
1.673333333333333428e+01
1.606666666666666643e+01
1.673333333333333428e+01
2.019999999999999929e+01
1.393333333333333357e+01
1.653333333333333499e+01
1.393333333333333357e+01
1.706666666666666643e+01
2.126666666666666572e+01
1.573333333333333250e+01
1.733333333333333215e+01
1.393333333333333357e+01
1.459999999999999964e+01
1.646666666666666501e+01
1.880000000000000071e+01
1.660000000000000142e+01
1.793333333333333357e+01
1.533333333333333393e+01
1.886666666666666714e+01
1.646666666666666501e+01
1.946666666666666501e+01
1.986666666666666714e+01
1.866666666666666785e+01
1.473333333333333250e+01
2.013333333333333286e+01
1.600000000000000000e+01
1.693333333333333357e+01
1.666666666666666785e+01
1.493333333333333357e+01
1.860000000000000142e+01
1.806666666666666643e+01
2.086666666666666714e+01
1.606666666666666643e+01
1.619999999999999929e+01
1.633333333333333215e+01
1.559999999999999964e+01
1.639999999999999858e+01
1.380000000000000071e+01
1.846666666666666501e+01
1.933333333333333215e+01
1.886666666666666714e+01
1.533333333333333393e+01
1.540000000000000036e+01
1.960000000000000142e+01
2.053333333333333499e+01
1.746666666666666501e+01
1.766666666666666785e+01
1.733333333333333215e+01
1.486666666666666714e+01
1.686666666666666714e+01
2.193333333333333357e+01
1.953333333333333499e+01
1.500000000000000000e+01
2.293333333333333357e+01
2.300000000000000000e+01
1.973333333333333428e+01
1.886666666666666714e+01
1.973333333333333428e+01
1.826666666666666572e+01
1.746666666666666501e+01
1.600000000000000000e+01
1.453333333333333321e+01
1.773333333333333428e+01
1.713333333333333286e+01
1.700000000000000000e+01
1.566666666666666607e+01
1.973333333333333428e+01
1.906666666666666643e+01
1.386666666666666714e+01
1.540000000000000036e+01
1.713333333333333286e+01
2.213333333333333286e+01
1.619999999999999929e+01
1.466666666666666607e+01
1.913333333333333286e+01
2.586666666666666714e+01
1.719999999999999929e+01
2.373333333333333428e+01
2.200000000000000000e+01
2.280000000000000071e+01
2.280000000000000071e+01
1.459999999999999964e+01
1.833333333333333215e+01
1.686666666666666714e+01
2.460000000000000142e+01
2.539999999999999858e+01
1.673333333333333428e+01
2.006666666666666643e+01
1.633333333333333215e+01
2.066666666666666785e+01
1.426666666666666750e+01
1.613333333333333286e+01
2.006666666666666643e+01
1.473333333333333250e+01
1.846666666666666501e+01
1.700000000000000000e+01
1.446666666666666679e+01
1.733333333333333215e+01
1.546666666666666679e+01
1.413333333333333286e+01
1.486666666666666714e+01
1.719999999999999929e+01
1.973333333333333428e+01
1.719999999999999929e+01
1.233333333333333393e+01
1.333333333333333393e+01
1.600000000000000000e+01
1.453333333333333321e+01
1.806666666666666643e+01
1.480000000000000071e+01
1.486666666666666714e+01
1.806666666666666643e+01
1.373333333333333250e+01
1.400000000000000000e+01
1.606666666666666643e+01
1.826666666666666572e+01
1.353333333333333321e+01
1.400000000000000000e+01
1.419999999999999929e+01
1.466666666666666607e+01
1.233333333333333393e+01
1.660000000000000142e+01
1.106666666666666643e+01
1.440000000000000036e+01
1.760000000000000142e+01
1.833333333333333215e+01
1.980000000000000071e+01
1.686666666666666714e+01
1.293333333333333357e+01
1.446666666666666679e+01
1.319999999999999929e+01
1.286666666666666714e+01
1.639999999999999858e+01
1.226666666666666750e+01
1.380000000000000071e+01
1.306666666666666643e+01
1.893333333333333357e+01
1.573333333333333250e+01
1.546666666666666679e+01
1.613333333333333286e+01
1.913333333333333286e+01
1.906666666666666643e+01
1.580000000000000071e+01
1.459999999999999964e+01
1.853333333333333499e+01
1.806666666666666643e+01
1.726666666666666572e+01
1.533333333333333393e+01
1.953333333333333499e+01
2.106666666666666643e+01
1.559999999999999964e+01
1.639999999999999858e+01
3.006666666666666643e+01
2.486666666666666714e+01
2.053333333333333499e+01
1.706666666666666643e+01
1.673333333333333428e+01
2.453333333333333499e+01
1.839999999999999858e+01
2.060000000000000142e+01
2.239999999999999858e+01
2.453333333333333499e+01
1.846666666666666501e+01
2.086666666666666714e+01
2.200000000000000000e+01
2.226666666666666572e+01
1.819999999999999929e+01
2.846666666666666501e+01
2.939999999999999858e+01
2.126666666666666572e+01
2.453333333333333499e+01
2.000000000000000000e+01
2.493333333333333357e+01
2.726666666666666572e+01
2.293333333333333357e+01
3.013333333333333286e+01
2.580000000000000071e+01
2.466666666666666785e+01
2.900000000000000000e+01
2.893333333333333357e+01
2.100000000000000000e+01
2.600000000000000000e+01
2.460000000000000142e+01
4.339999999999999858e+01
2.773333333333333428e+01
2.773333333333333428e+01
2.380000000000000071e+01
2.146666666666666501e+01
2.546666666666666501e+01
2.400000000000000000e+01
2.360000000000000142e+01
2.093333333333333357e+01
2.160000000000000142e+01
1.866666666666666785e+01
2.446666666666666501e+01
2.413333333333333286e+01
2.760000000000000142e+01
2.146666666666666501e+01
2.519999999999999929e+01
2.660000000000000142e+01
2.493333333333333357e+01
2.406666666666666643e+01
2.346666666666666501e+01
2.800000000000000000e+01
3.506666666666666998e+01
2.300000000000000000e+01
3.039999999999999858e+01
2.213333333333333286e+01
2.939999999999999858e+01
2.680000000000000071e+01
2.573333333333333428e+01
2.746666666666666501e+01
2.813333333333333286e+01
3.346666666666666856e+01
3.673333333333333428e+01
2.946666666666666501e+01
2.953333333333333499e+01
4.800000000000000000e+01
3.653333333333333144e+01
3.033333333333333215e+01
3.119999999999999929e+01
3.513333333333333286e+01
3.739999999999999858e+01
2.913333333333333286e+01
3.439999999999999858e+01
2.513333333333333286e+01
3.086666666666666714e+01
2.886666666666666714e+01
2.593333333333333357e+01
2.466666666666666785e+01
3.193333333333333357e+01
2.893333333333333357e+01
2.780000000000000071e+01
3.366666666666666430e+01
3.313333333333333286e+01
4.613333333333333286e+01
4.806666666666666998e+01
3.773333333333333428e+01
3.966666666666666430e+01
4.720000000000000284e+01
3.000000000000000000e+01
2.866666666666666785e+01
4.266666666666666430e+01
3.920000000000000284e+01
3.566666666666666430e+01
3.066666666666666785e+01
3.946666666666666856e+01
3.233333333333333570e+01
4.866666666666666430e+01
4.533333333333333570e+01
3.760000000000000142e+01
3.566666666666666430e+01
4.193333333333333002e+01
4.460000000000000142e+01
4.233333333333333570e+01
4.279999999999999716e+01
4.879999999999999716e+01
2.933333333333333215e+01
4.486666666666666714e+01
4.939999999999999858e+01
5.839999999999999858e+01
5.746666666666666856e+01
5.893333333333333002e+01
5.973333333333333428e+01
5.846666666666666856e+01
5.566666666666666430e+01
6.326666666666666572e+01
6.553333333333333144e+01
4.493333333333333002e+01
5.273333333333333428e+01
6.673333333333333428e+01
6.320000000000000284e+01
5.653333333333333144e+01
5.726666666666666572e+01
6.600000000000000000e+01
6.746666666666666856e+01
6.173333333333333428e+01
7.440000000000000568e+01
7.573333333333333428e+01
8.140000000000000568e+01
7.266666666666667140e+01
9.886666666666666003e+01
7.240000000000000568e+01
1.049333333333333371e+02
1.026666666666666714e+02
9.553333333333333144e+01
9.493333333333333712e+01
6.400000000000000000e+01
6.946666666666666856e+01
8.059999999999999432e+01
8.766666666666667140e+01
1.127333333333333343e+02
1.237999999999999972e+02
1.185333333333333314e+02
1.005333333333333314e+02
1.067333333333333343e+02
1.351333333333333258e+02
1.171333333333333400e+02
1.311333333333333258e+02
1.325333333333333314e+02
1.230000000000000000e+02
1.366666666666666572e+02
1.090000000000000000e+02
1.264666666666666686e+02
1.560000000000000000e+02
1.219333333333333371e+02
1.471999999999999886e+02
1.456666666666666572e+02
1.157999999999999972e+02
1.249333333333333371e+02
1.242000000000000028e+02
1.237333333333333343e+02
1.375999999999999943e+02
1.599333333333333371e+02
1.498666666666666742e+02
1.162000000000000028e+02
1.457333333333333201e+02
1.360666666666666629e+02
1.949333333333333371e+02
1.683333333333333428e+02
1.964000000000000057e+02
1.548666666666666742e+02
1.637333333333333201e+02
1.771333333333333258e+02
1.630666666666666629e+02
2.070000000000000000e+02
1.840000000000000000e+02
1.928666666666666742e+02
2.340666666666666629e+02
2.055999999999999943e+02
1.845333333333333314e+02
1.995333333333333314e+02
1.741999999999999886e+02
1.943333333333333428e+02
1.588000000000000114e+02
1.835333333333333314e+02
2.031999999999999886e+02
1.991999999999999886e+02
2.160000000000000000e+02
2.126666666666666572e+02
2.041333333333333258e+02
2.398666666666666742e+02
1.855999999999999943e+02
1.735333333333333314e+02
1.378666666666666742e+02
9.873333333333333428e+01
1.418666666666666742e+02
1.177333333333333343e+02
1.252666666666666657e+02
1.294666666666666686e+02
1.380666666666666629e+02
1.171333333333333400e+02
1.117999999999999972e+02
1.256666666666666714e+02
1.342666666666666799e+02
1.115999999999999943e+02
1.403333333333333428e+02
1.207999999999999972e+02
1.270666666666666629e+02
1.430666666666666629e+02
1.213333333333333286e+02
1.451333333333333258e+02
1.558666666666666742e+02
1.694666666666666686e+02
1.520000000000000000e+02
1.524666666666666686e+02
1.576666666666666572e+02
1.516666666666666572e+02
1.518666666666666742e+02
1.676666666666666572e+02
1.611333333333333258e+02
1.738000000000000114e+02
1.544666666666666686e+02
1.499333333333333371e+02
1.414666666666666686e+02
1.680000000000000000e+02
1.513333333333333428e+02
1.410666666666666629e+02
1.397333333333333201e+02
1.500000000000000000e+02
1.246666666666666714e+02
1.511999999999999886e+02
1.564000000000000057e+02
1.568000000000000114e+02
1.468666666666666742e+02
1.311999999999999886e+02
1.578000000000000114e+02
1.778000000000000114e+02
1.804000000000000057e+02
1.671333333333333258e+02
2.088666666666666742e+02
1.520000000000000000e+02
1.809333333333333371e+02
1.930000000000000000e+02
2.045333333333333314e+02
2.121999999999999886e+02
1.840000000000000000e+02
1.550666666666666629e+02
1.774000000000000057e+02
1.761999999999999886e+02
2.105999999999999943e+02
1.691999999999999886e+02
1.537333333333333201e+02
1.984000000000000057e+02
2.179333333333333371e+02
2.374000000000000057e+02
2.010666666666666629e+02
1.775333333333333314e+02
1.926666666666666572e+02
2.123333333333333428e+02
2.321999999999999886e+02
2.068000000000000114e+02
1.865333333333333314e+02
1.751999999999999886e+02
1.818666666666666742e+02
1.785333333333333314e+02
1.745999999999999943e+02
2.021999999999999886e+02
1.851999999999999886e+02
2.051999999999999886e+02
1.925333333333333314e+02
2.161999999999999886e+02
2.088666666666666742e+02
2.292666666666666799e+02
2.341999999999999886e+02
2.364666666666666686e+02
2.450000000000000000e+02
2.052666666666666799e+02
2.099333333333333371e+02
1.925999999999999943e+02
2.336666666666666572e+02
2.066666666666666572e+02
2.215333333333333314e+02
1.725333333333333314e+02
2.255999999999999943e+02
1.793333333333333428e+02
2.049333333333333371e+02
2.014666666666666686e+02
2.407333333333333201e+02
1.628666666666666742e+02
2.294000000000000057e+02
1.821999999999999886e+02
2.559333333333333371e+02
2.123333333333333428e+02
2.214666666666666686e+02
2.087333333333333201e+02
2.242666666666666799e+02
2.174000000000000057e+02
2.251333333333333258e+02
1.781333333333333258e+02
2.238666666666666742e+02
2.024666666666666686e+02
1.829333333333333371e+02
1.919333333333333371e+02
1.803333333333333428e+02
2.000666666666666629e+02
1.724666666666666686e+02
1.700666666666666629e+02
1.685999999999999943e+02
2.145999999999999943e+02
2.096666666666666572e+02
1.695999999999999943e+02
2.276666666666666572e+02
2.478000000000000114e+02
2.210000000000000000e+02
2.045333333333333314e+02
2.001333333333333258e+02
2.083333333333333428e+02
2.331999999999999886e+02
2.261999999999999886e+02
2.064000000000000057e+02
2.084000000000000057e+02
2.231333333333333258e+02
2.359333333333333371e+02
2.309333333333333371e+02
2.231999999999999886e+02
2.207333333333333201e+02
2.180666666666666629e+02
2.471999999999999886e+02
2.131333333333333258e+02
2.044666666666666686e+02
2.091999999999999886e+02
1.940666666666666629e+02
2.259333333333333371e+02
2.354666666666666686e+02
2.273333333333333428e+02
2.251999999999999886e+02
2.090666666666666629e+02
2.062666666666666799e+02
2.105999999999999943e+02
2.206666666666666572e+02
2.558666666666666742e+02
2.337333333333333201e+02
2.440666666666666629e+02
2.347333333333333201e+02
2.451333333333333258e+02
2.485999999999999943e+02
2.784666666666666401e+02
2.053333333333333428e+02
2.242666666666666799e+02
2.034666666666666686e+02
2.155333333333333314e+02
1.466666666666666572e+02
2.164000000000000057e+02
1.951333333333333258e+02
1.988666666666666742e+02
1.680666666666666629e+02
1.711999999999999886e+02
1.868666666666666742e+02
1.890666666666666629e+02
1.950666666666666629e+02
1.835333333333333314e+02
1.908666666666666742e+02
2.104666666666666686e+02
1.779333333333333371e+02
2.015999999999999943e+02
2.388666666666666742e+02
2.233333333333333428e+02
2.247333333333333201e+02
2.184666666666666686e+02
2.418000000000000114e+02
1.972666666666666799e+02
2.405333333333333314e+02
2.275333333333333314e+02
2.040000000000000000e+02
1.887333333333333201e+02
1.945999999999999943e+02
2.314000000000000057e+02
2.004666666666666686e+02
1.888000000000000114e+02
2.089333333333333371e+02
2.032666666666666799e+02
2.215333333333333314e+02
2.288666666666666742e+02
2.178666666666666742e+02
2.014000000000000057e+02
2.056666666666666572e+02
2.348666666666666742e+02
1.871999999999999886e+02
2.190666666666666629e+02
2.313333333333333428e+02
2.007333333333333201e+02
2.202666666666666799e+02
1.954666666666666686e+02
2.090000000000000000e+02
2.080666666666666629e+02
2.068666666666666742e+02
2.354666666666666686e+02
2.111999999999999886e+02
2.028666666666666742e+02
2.000666666666666629e+02
1.850000000000000000e+02
1.964000000000000057e+02
1.991333333333333258e+02
2.152666666666666799e+02
1.953333333333333428e+02
1.970666666666666629e+02
2.180666666666666629e+02
1.928666666666666742e+02
1.946666666666666572e+02
2.286666666666666572e+02
1.962666666666666799e+02
2.484666666666666686e+02
2.329333333333333371e+02
2.405333333333333314e+02
2.374666666666666686e+02
2.148000000000000114e+02
2.233333333333333428e+02
2.224666666666666686e+02
2.377333333333333201e+02
2.274000000000000057e+02
2.238000000000000114e+02
2.158000000000000114e+02
2.193333333333333428e+02
2.156666666666666572e+02
1.865333333333333314e+02
2.123333333333333428e+02
1.988000000000000114e+02
2.297333333333333201e+02
2.140000000000000000e+02
1.734000000000000057e+02
1.975333333333333314e+02
2.237333333333333201e+02
2.477333333333333201e+02
3.051333333333333258e+02
2.734666666666666401e+02
3.040666666666666629e+02
3.039333333333333371e+02
3.061333333333333258e+02
2.458666666666666742e+02
2.705333333333333599e+02
2.845333333333333599e+02
2.518000000000000114e+02
2.309333333333333371e+02
2.659333333333333371e+02
2.887333333333333485e+02
2.740000000000000000e+02
2.954666666666666401e+02
3.046000000000000227e+02
3.126000000000000227e+02
2.752666666666666515e+02
2.640000000000000000e+02
