1.766666666666666785e+01
1.939999999999999858e+01
2.053333333333333499e+01
1.926666666666666572e+01
2.186666666666666714e+01
2.206666666666666643e+01
1.866666666666666785e+01
2.393333333333333357e+01
2.839999999999999858e+01
2.560000000000000142e+01
1.933333333333333215e+01
2.533333333333333215e+01
2.126666666666666572e+01
1.939999999999999858e+01
1.613333333333333286e+01
1.973333333333333428e+01
1.846666666666666501e+01
2.126666666666666572e+01
2.073333333333333428e+01
1.726666666666666572e+01
1.880000000000000071e+01
2.600000000000000000e+01
1.540000000000000036e+01
2.206666666666666643e+01
1.893333333333333357e+01
2.406666666666666643e+01
2.360000000000000142e+01
1.866666666666666785e+01
1.826666666666666572e+01
2.119999999999999929e+01
2.626666666666666572e+01
2.280000000000000071e+01
2.453333333333333499e+01
2.219999999999999929e+01
2.513333333333333286e+01
1.646666666666666501e+01
2.119999999999999929e+01
2.646666666666666501e+01
2.360000000000000142e+01
2.139999999999999858e+01
1.440000000000000036e+01
1.526666666666666750e+01
1.733333333333333215e+01
2.119999999999999929e+01
2.180000000000000071e+01
1.853333333333333499e+01
2.426666666666666572e+01
1.673333333333333428e+01
1.373333333333333250e+01
2.839999999999999858e+01
2.173333333333333428e+01
1.893333333333333357e+01
2.086666666666666714e+01
1.713333333333333286e+01
1.546666666666666679e+01
2.000000000000000000e+01
2.239999999999999858e+01
1.800000000000000000e+01
1.860000000000000142e+01
1.706666666666666643e+01
1.540000000000000036e+01
1.906666666666666643e+01
2.180000000000000071e+01
1.573333333333333250e+01
1.593333333333333357e+01
1.913333333333333286e+01
1.973333333333333428e+01
2.093333333333333357e+01
1.546666666666666679e+01
1.793333333333333357e+01
1.459999999999999964e+01
1.526666666666666750e+01
1.826666666666666572e+01
1.880000000000000071e+01
1.739999999999999858e+01
2.119999999999999929e+01
1.633333333333333215e+01
1.773333333333333428e+01
1.900000000000000000e+01
1.386666666666666714e+01
1.739999999999999858e+01
1.593333333333333357e+01
1.960000000000000142e+01
1.653333333333333499e+01
2.200000000000000000e+01
2.000000000000000000e+01
1.773333333333333428e+01
2.593333333333333357e+01
1.446666666666666679e+01
1.606666666666666643e+01
1.873333333333333428e+01
1.933333333333333215e+01
1.786666666666666714e+01
1.626666666666666572e+01
1.806666666666666643e+01
1.219999999999999929e+01
1.513333333333333286e+01
1.553333333333333321e+01
1.626666666666666572e+01
1.559999999999999964e+01
1.826666666666666572e+01
1.413333333333333286e+01
1.726666666666666572e+01
1.446666666666666679e+01
2.106666666666666643e+01
2.419999999999999929e+01
2.133333333333333215e+01
2.146666666666666501e+01
1.546666666666666679e+01
1.586666666666666714e+01
1.633333333333333215e+01
1.753333333333333499e+01
1.626666666666666572e+01
1.906666666666666643e+01
1.680000000000000071e+01
1.559999999999999964e+01
1.586666666666666714e+01
1.546666666666666679e+01
1.839999999999999858e+01
1.893333333333333357e+01
1.580000000000000071e+01
1.586666666666666714e+01
1.866666666666666785e+01
1.426666666666666750e+01
2.353333333333333499e+01
2.280000000000000071e+01
1.866666666666666785e+01
2.000000000000000000e+01
1.813333333333333286e+01
1.566666666666666607e+01
1.960000000000000142e+01
1.340000000000000036e+01
1.700000000000000000e+01
2.333333333333333215e+01
1.493333333333333357e+01
1.766666666666666785e+01
2.046666666666666501e+01
1.919999999999999929e+01
1.680000000000000071e+01
1.459999999999999964e+01
2.093333333333333357e+01
1.973333333333333428e+01
1.800000000000000000e+01
1.466666666666666607e+01
1.819999999999999929e+01
1.839999999999999858e+01
1.700000000000000000e+01
1.786666666666666714e+01
1.653333333333333499e+01
1.946666666666666501e+01
2.106666666666666643e+01
1.760000000000000142e+01
1.946666666666666501e+01
1.713333333333333286e+01
2.419999999999999929e+01
1.413333333333333286e+01
1.593333333333333357e+01
1.726666666666666572e+01
1.973333333333333428e+01
1.766666666666666785e+01
2.119999999999999929e+01
1.866666666666666785e+01
2.139999999999999858e+01
1.893333333333333357e+01
1.333333333333333393e+01
1.880000000000000071e+01
1.880000000000000071e+01
2.233333333333333215e+01
1.446666666666666679e+01
1.733333333333333215e+01
1.619999999999999929e+01
1.853333333333333499e+01
2.146666666666666501e+01
1.719999999999999929e+01
1.639999999999999858e+01
1.919999999999999929e+01
1.746666666666666501e+01
2.186666666666666714e+01
2.860000000000000142e+01
1.686666666666666714e+01
1.233333333333333393e+01
2.053333333333333499e+01
2.126666666666666572e+01
2.039999999999999858e+01
2.106666666666666643e+01
1.919999999999999929e+01
1.786666666666666714e+01
1.646666666666666501e+01
1.593333333333333357e+01
1.819999999999999929e+01
1.473333333333333250e+01
1.593333333333333357e+01
2.219999999999999929e+01
2.146666666666666501e+01
1.746666666666666501e+01
2.646666666666666501e+01
1.753333333333333499e+01
1.826666666666666572e+01
1.766666666666666785e+01
1.826666666666666572e+01
1.973333333333333428e+01
1.980000000000000071e+01
1.646666666666666501e+01
1.680000000000000071e+01
1.500000000000000000e+01
1.453333333333333321e+01
2.073333333333333428e+01
1.873333333333333428e+01
2.053333333333333499e+01
1.613333333333333286e+01
1.519999999999999929e+01
1.733333333333333215e+01
1.746666666666666501e+01
1.960000000000000142e+01
1.766666666666666785e+01
1.406666666666666643e+01
1.273333333333333250e+01
1.866666666666666785e+01
2.033333333333333215e+01
1.793333333333333357e+01
1.680000000000000071e+01
1.853333333333333499e+01
1.860000000000000142e+01
1.900000000000000000e+01
1.639999999999999858e+01
1.633333333333333215e+01
1.573333333333333250e+01
2.433333333333333215e+01
1.573333333333333250e+01
1.459999999999999964e+01
2.173333333333333428e+01
1.986666666666666714e+01
1.819999999999999929e+01
2.313333333333333286e+01
1.860000000000000142e+01
1.553333333333333321e+01
1.540000000000000036e+01
1.933333333333333215e+01
1.633333333333333215e+01
1.426666666666666750e+01
2.000000000000000000e+01
1.786666666666666714e+01
2.080000000000000071e+01
1.473333333333333250e+01
1.746666666666666501e+01
1.806666666666666643e+01
1.586666666666666714e+01
2.346666666666666501e+01
2.173333333333333428e+01
2.519999999999999929e+01
1.993333333333333357e+01
2.133333333333333215e+01
1.766666666666666785e+01
1.939999999999999858e+01
1.906666666666666643e+01
1.806666666666666643e+01
1.419999999999999929e+01
2.519999999999999929e+01
2.593333333333333357e+01
1.980000000000000071e+01
1.593333333333333357e+01
2.000000000000000000e+01
2.080000000000000071e+01
2.066666666666666785e+01
2.393333333333333357e+01
1.773333333333333428e+01
1.860000000000000142e+01
2.433333333333333215e+01
2.400000000000000000e+01
2.100000000000000000e+01
2.893333333333333357e+01
2.013333333333333286e+01
2.553333333333333499e+01
3.066666666666666785e+01
2.313333333333333286e+01
2.266666666666666785e+01
2.260000000000000142e+01
2.053333333333333499e+01
2.239999999999999858e+01
2.573333333333333428e+01
1.973333333333333428e+01
2.333333333333333215e+01
2.513333333333333286e+01
3.060000000000000142e+01
3.673333333333333428e+01
2.653333333333333499e+01
2.860000000000000142e+01
2.926666666666666572e+01
3.613333333333333286e+01
2.586666666666666714e+01
3.513333333333333286e+01
2.393333333333333357e+01
4.633333333333333570e+01
2.639999999999999858e+01
3.706666666666666998e+01
4.326666666666666572e+01
3.766666666666666430e+01
3.966666666666666430e+01
3.446666666666666856e+01
3.986666666666666714e+01
4.053333333333333144e+01
3.439999999999999858e+01
3.593333333333333002e+01
3.893333333333333002e+01
3.893333333333333002e+01
4.013333333333333286e+01
7.100000000000000000e+01
5.479999999999999716e+01
2.439999999999999858e+01
5.700000000000000000e+01
6.079999999999999716e+01
4.100000000000000000e+01
4.186666666666666714e+01
3.386666666666666714e+01
3.193333333333333357e+01
5.593333333333333002e+01
4.520000000000000284e+01
6.360000000000000142e+01
4.826666666666666572e+01
3.966666666666666430e+01
5.266666666666666430e+01
5.746666666666666856e+01
4.853333333333333144e+01
5.086666666666666714e+01
3.539999999999999858e+01
4.753333333333333144e+01
6.573333333333333428e+01
5.760000000000000142e+01
6.100000000000000000e+01
4.593333333333333002e+01
5.206666666666666998e+01
4.166666666666666430e+01
4.886666666666666714e+01
6.693333333333333712e+01
6.126666666666666572e+01
4.973333333333333428e+01
5.939999999999999858e+01
5.653333333333333144e+01
6.133333333333333570e+01
5.526666666666666572e+01
5.393333333333333002e+01
5.620000000000000284e+01
5.573333333333333428e+01
6.953333333333333144e+01
5.560000000000000142e+01
6.813333333333333997e+01
6.900000000000000000e+01
6.459999999999999432e+01
6.726666666666666572e+01
7.026666666666666572e+01
7.273333333333333428e+01
6.179999999999999716e+01
5.946666666666666856e+01
1.006666666666666714e+02
4.753333333333333144e+01
7.440000000000000568e+01
9.379999999999999716e+01
6.759999999999999432e+01
7.513333333333333997e+01
6.520000000000000284e+01
7.533333333333332860e+01
1.019333333333333371e+02
8.520000000000000284e+01
8.813333333333333997e+01
7.653333333333333144e+01
7.613333333333333997e+01
7.573333333333333428e+01
9.713333333333333997e+01
9.620000000000000284e+01
8.566666666666667140e+01
8.000000000000000000e+01
1.008666666666666600e+02
6.979999999999999716e+01
7.193333333333333712e+01
9.300000000000000000e+01
8.353333333333333144e+01
8.320000000000000284e+01
9.173333333333333428e+01
8.613333333333333997e+01
8.859999999999999432e+01
8.533333333333332860e+01
9.473333333333333428e+01
9.353333333333333144e+01
1.089333333333333371e+02
1.094000000000000057e+02
9.526666666666666572e+01
8.546666666666666856e+01
8.640000000000000568e+01
7.659999999999999432e+01
8.953333333333333144e+01
9.006666666666666288e+01
1.064666666666666686e+02
9.266666666666667140e+01
9.686666666666666003e+01
8.420000000000000284e+01
1.145333333333333314e+02
1.035999999999999943e+02
1.067333333333333343e+02
1.194000000000000057e+02
1.126666666666666714e+02
1.165333333333333314e+02
1.077999999999999972e+02
1.027999999999999972e+02
1.233333333333333286e+02
1.099333333333333371e+02
1.174000000000000057e+02
1.120666666666666629e+02
1.300666666666666629e+02
1.056666666666666714e+02
1.232000000000000028e+02
1.304000000000000057e+02
1.440666666666666629e+02
9.413333333333333997e+01
1.448666666666666742e+02
1.443333333333333428e+02
1.349333333333333371e+02
1.424666666666666686e+02
1.202666666666666657e+02
1.236666666666666714e+02
1.483333333333333428e+02
1.254000000000000057e+02
1.348666666666666742e+02
1.350666666666666629e+02
1.444000000000000057e+02
1.378666666666666742e+02
1.321333333333333258e+02
1.345999999999999943e+02
1.307333333333333201e+02
1.585333333333333314e+02
1.283333333333333428e+02
1.561333333333333258e+02
1.814000000000000057e+02
1.663333333333333428e+02
1.259333333333333371e+02
1.311999999999999886e+02
1.334000000000000057e+02
1.362666666666666799e+02
1.475333333333333314e+02
1.395333333333333314e+02
1.431333333333333258e+02
1.595999999999999943e+02
1.405999999999999943e+02
1.271333333333333400e+02
1.425999999999999943e+02
1.593333333333333428e+02
1.661999999999999886e+02
1.445999999999999943e+02
1.554000000000000057e+02
1.629333333333333371e+02
1.659333333333333371e+02
1.681999999999999886e+02
1.482666666666666799e+02
1.418666666666666742e+02
1.536666666666666572e+02
1.800666666666666629e+02
1.799333333333333371e+02
1.544000000000000057e+02
2.013333333333333428e+02
1.814000000000000057e+02
1.725333333333333314e+02
1.790000000000000000e+02
1.800666666666666629e+02
2.151999999999999886e+02
1.848666666666666742e+02
1.975333333333333314e+02
1.896666666666666572e+02
2.014666666666666686e+02
1.810000000000000000e+02
2.091999999999999886e+02
2.182666666666666799e+02
2.367333333333333201e+02
1.884666666666666686e+02
2.131999999999999886e+02
2.444000000000000057e+02
2.208666666666666742e+02
2.119333333333333371e+02
2.135999999999999943e+02
2.004000000000000057e+02
2.230000000000000000e+02
2.462666666666666799e+02
2.236666666666666572e+02
2.305333333333333314e+02
2.104666666666666686e+02
2.450000000000000000e+02
2.389333333333333371e+02
2.525999999999999943e+02
2.405333333333333314e+02
2.365333333333333314e+02
2.600666666666666629e+02
2.723333333333333144e+02
2.611333333333333258e+02
2.424000000000000057e+02
2.454000000000000057e+02
2.472666666666666799e+02
2.602666666666666515e+02
2.393333333333333428e+02
2.682666666666666515e+02
2.711333333333333258e+02
3.116000000000000227e+02
2.645333333333333599e+02
2.720666666666666629e+02
2.596666666666666856e+02
2.372666666666666799e+02
2.604666666666666401e+02
2.478666666666666742e+02
2.548000000000000114e+02
2.793333333333333144e+02
2.514000000000000057e+02
2.827333333333333485e+02
2.579333333333333371e+02
2.494000000000000057e+02
2.669333333333333371e+02
2.800666666666666629e+02
2.480666666666666629e+02
2.434000000000000057e+02
2.494666666666666686e+02
2.807333333333333485e+02
2.699333333333333371e+02
2.620666666666666629e+02
2.645333333333333599e+02
2.970000000000000000e+02
2.621999999999999886e+02
2.481333333333333258e+02
2.763999999999999773e+02
2.441999999999999886e+02
3.066000000000000227e+02
2.821333333333333258e+02
2.400000000000000000e+02
2.799333333333333371e+02
2.891999999999999886e+02
2.758000000000000114e+02
2.942666666666666515e+02
2.660000000000000000e+02
2.810000000000000000e+02
2.679333333333333371e+02
2.984666666666666401e+02
2.771999999999999886e+02
2.693999999999999773e+02
2.900000000000000000e+02
3.221999999999999886e+02
2.903999999999999773e+02
2.630666666666666629e+02
2.943333333333333144e+02
2.927333333333333485e+02
2.780666666666666629e+02
2.874666666666666401e+02
2.780666666666666629e+02
2.740000000000000000e+02
3.050000000000000000e+02
2.655333333333333599e+02
2.760000000000000000e+02
2.844666666666666401e+02
2.777333333333333485e+02
2.918000000000000114e+02
2.788000000000000114e+02
3.026000000000000227e+02
2.821999999999999886e+02
2.613999999999999773e+02
2.840000000000000000e+02
3.084666666666666401e+02
3.039333333333333371e+02
2.773333333333333144e+02
2.641333333333333258e+02
3.066000000000000227e+02
2.912666666666666515e+02
2.587333333333333485e+02
2.685333333333333599e+02
2.742666666666666515e+02
3.021333333333333258e+02
2.776666666666666856e+02
2.666000000000000227e+02
2.863999999999999773e+02
2.541333333333333258e+02
2.676000000000000227e+02
2.814666666666666401e+02
2.473333333333333428e+02
2.764666666666666401e+02
2.938000000000000114e+02
2.949333333333333371e+02
2.871333333333333258e+02
2.555333333333333314e+02
2.663333333333333144e+02
2.881999999999999886e+02
2.603999999999999773e+02
2.692666666666666515e+02
2.758000000000000114e+02
2.811999999999999886e+02
2.780000000000000000e+02
2.726666666666666856e+02
3.085333333333333599e+02
2.782666666666666515e+02
2.913999999999999773e+02
2.818666666666666742e+02
3.003333333333333144e+02
2.576000000000000227e+02
2.611999999999999886e+02
2.678666666666666742e+02
2.795333333333333599e+02
2.772666666666666515e+02
2.915333333333333599e+02
2.671333333333333258e+02
2.609333333333333371e+02
2.921333333333333258e+02
3.136666666666666856e+02
2.980000000000000000e+02
2.960000000000000000e+02
3.025333333333333599e+02
3.073333333333333144e+02
2.718666666666666742e+02
2.774666666666666401e+02
2.737333333333333485e+02
3.310666666666666629e+02
3.057333333333333485e+02
2.833333333333333144e+02
2.842666666666666515e+02
3.026666666666666856e+02
2.798000000000000114e+02
2.961333333333333258e+02
2.864666666666666401e+02
2.662666666666666515e+02
2.800000000000000000e+02
2.693999999999999773e+02
2.947333333333333485e+02
2.631333333333333258e+02
2.848666666666666742e+02
2.771333333333333258e+02
2.787333333333333485e+02
2.719333333333333371e+02
2.633333333333333144e+02
3.001333333333333258e+02
3.205333333333333599e+02
2.541999999999999886e+02
2.743333333333333144e+02
2.661999999999999886e+02
3.161999999999999886e+02
2.956000000000000227e+02
2.988666666666666742e+02
3.316666666666666856e+02
2.707333333333333485e+02
2.777333333333333485e+02
2.913999999999999773e+02
3.022666666666666515e+02
2.717333333333333485e+02
3.191999999999999886e+02
2.848666666666666742e+02
2.849333333333333371e+02
3.065333333333333599e+02
2.869333333333333371e+02
3.285333333333333599e+02
3.047333333333333485e+02
2.914666666666666401e+02
3.183333333333333144e+02
3.035333333333333599e+02
2.993999999999999773e+02
3.081999999999999886e+02
3.136000000000000227e+02
3.143333333333333144e+02
3.349333333333333371e+02
3.381999999999999886e+02
3.251999999999999886e+02
3.101999999999999886e+02
3.052666666666666515e+02
3.239333333333333371e+02
2.996000000000000227e+02
3.230000000000000000e+02
3.370000000000000000e+02
3.055333333333333599e+02
2.798666666666666742e+02
3.436000000000000227e+02
3.043999999999999773e+02
3.211999999999999886e+02
3.080000000000000000e+02
2.911999999999999886e+02
3.246666666666666856e+02
3.011333333333333258e+02
3.193333333333333144e+02
3.340000000000000000e+02
3.201333333333333258e+02
3.411999999999999886e+02
3.176666666666666856e+02
3.183999999999999773e+02
2.906000000000000227e+02
3.117333333333333485e+02
3.056000000000000227e+02
3.309333333333333371e+02
3.372666666666666515e+02
3.096000000000000227e+02
3.009333333333333371e+02
3.233999999999999773e+02
3.450666666666666629e+02
3.236000000000000227e+02
3.384666666666666401e+02
3.303333333333333144e+02
3.249333333333333371e+02
3.262666666666666515e+02
3.597333333333333485e+02
3.280000000000000000e+02
3.410000000000000000e+02
3.252666666666666515e+02
3.139333333333333371e+02
