2.433333333333333215e+01
2.066666666666666785e+01
2.639999999999999858e+01
1.493333333333333357e+01
2.506666666666666643e+01
1.826666666666666572e+01
2.460000000000000142e+01
1.700000000000000000e+01
1.866666666666666785e+01
3.173333333333333428e+01
2.333333333333333215e+01
1.946666666666666501e+01
2.433333333333333215e+01
1.860000000000000142e+01
2.426666666666666572e+01
1.466666666666666607e+01
1.753333333333333499e+01
2.039999999999999858e+01
2.046666666666666501e+01
1.926666666666666572e+01
2.306666666666666643e+01
2.160000000000000142e+01
2.013333333333333286e+01
1.639999999999999858e+01
1.619999999999999929e+01
2.213333333333333286e+01
2.013333333333333286e+01
2.113333333333333286e+01
2.326666666666666572e+01
1.760000000000000142e+01
1.980000000000000071e+01
1.946666666666666501e+01
2.366666666666666785e+01
2.086666666666666714e+01
2.353333333333333499e+01
2.380000000000000071e+01
2.819999999999999929e+01
2.126666666666666572e+01
2.066666666666666785e+01
2.139999999999999858e+01
1.819999999999999929e+01
2.506666666666666643e+01
2.266666666666666785e+01
2.053333333333333499e+01
1.546666666666666679e+01
1.273333333333333250e+01
1.906666666666666643e+01
1.946666666666666501e+01
1.566666666666666607e+01
1.313333333333333286e+01
1.680000000000000071e+01
1.686666666666666714e+01
1.553333333333333321e+01
1.433333333333333393e+01
1.446666666666666679e+01
2.060000000000000142e+01
1.960000000000000142e+01
1.993333333333333357e+01
1.440000000000000036e+01
1.733333333333333215e+01
1.673333333333333428e+01
1.660000000000000142e+01
1.459999999999999964e+01
1.519999999999999929e+01
1.766666666666666785e+01
2.239999999999999858e+01
1.686666666666666714e+01
1.313333333333333286e+01
1.900000000000000000e+01
2.053333333333333499e+01
1.953333333333333499e+01
1.946666666666666501e+01
1.273333333333333250e+01
1.719999999999999929e+01
1.400000000000000000e+01
1.973333333333333428e+01
1.760000000000000142e+01
1.966666666666666785e+01
1.793333333333333357e+01
1.766666666666666785e+01
1.480000000000000071e+01
1.906666666666666643e+01
1.639999999999999858e+01
1.566666666666666607e+01
2.026666666666666572e+01
1.873333333333333428e+01
2.019999999999999929e+01
1.766666666666666785e+01
1.760000000000000142e+01
2.173333333333333428e+01
1.793333333333333357e+01
1.593333333333333357e+01
1.633333333333333215e+01
1.626666666666666572e+01
1.666666666666666785e+01
1.966666666666666785e+01
1.566666666666666607e+01
1.466666666666666607e+01
1.926666666666666572e+01
1.400000000000000000e+01
1.846666666666666501e+01
1.639999999999999858e+01
1.686666666666666714e+01
1.566666666666666607e+01
1.466666666666666607e+01
1.893333333333333357e+01
1.806666666666666643e+01
1.660000000000000142e+01
1.493333333333333357e+01
1.906666666666666643e+01
1.459999999999999964e+01
1.653333333333333499e+01
1.606666666666666643e+01
1.760000000000000142e+01
1.693333333333333357e+01
1.259999999999999964e+01
1.413333333333333286e+01
1.459999999999999964e+01
1.600000000000000000e+01
1.753333333333333499e+01
1.173333333333333250e+01
1.586666666666666714e+01
1.706666666666666643e+01
1.440000000000000036e+01
1.580000000000000071e+01
1.733333333333333215e+01
1.433333333333333393e+01
1.773333333333333428e+01
1.873333333333333428e+01
1.486666666666666714e+01
1.393333333333333357e+01
1.359999999999999964e+01
1.866666666666666785e+01
1.333333333333333393e+01
1.459999999999999964e+01
1.553333333333333321e+01
1.660000000000000142e+01
1.540000000000000036e+01
1.793333333333333357e+01
1.693333333333333357e+01
1.786666666666666714e+01
1.513333333333333286e+01
1.506666666666666643e+01
1.606666666666666643e+01
1.426666666666666750e+01
1.593333333333333357e+01
1.366666666666666607e+01
2.039999999999999858e+01
1.513333333333333286e+01
1.453333333333333321e+01
1.500000000000000000e+01
1.673333333333333428e+01
2.039999999999999858e+01
2.126666666666666572e+01
1.953333333333333499e+01
1.459999999999999964e+01
1.619999999999999929e+01
1.753333333333333499e+01
1.359999999999999964e+01
1.486666666666666714e+01
2.200000000000000000e+01
1.500000000000000000e+01
1.386666666666666714e+01
1.760000000000000142e+01
1.733333333333333215e+01
1.593333333333333357e+01
1.519999999999999929e+01
1.753333333333333499e+01
2.400000000000000000e+01
2.013333333333333286e+01
2.093333333333333357e+01
2.206666666666666643e+01
1.580000000000000071e+01
2.100000000000000000e+01
1.853333333333333499e+01
1.446666666666666679e+01
1.586666666666666714e+01
1.813333333333333286e+01
1.446666666666666679e+01
1.773333333333333428e+01
1.666666666666666785e+01
1.660000000000000142e+01
1.833333333333333215e+01
1.466666666666666607e+01
1.626666666666666572e+01
1.646666666666666501e+01
1.660000000000000142e+01
2.246666666666666501e+01
1.733333333333333215e+01
1.639999999999999858e+01
1.746666666666666501e+01
1.626666666666666572e+01
1.706666666666666643e+01
1.846666666666666501e+01
2.180000000000000071e+01
1.639999999999999858e+01
1.453333333333333321e+01
1.860000000000000142e+01
1.793333333333333357e+01
1.860000000000000142e+01
1.506666666666666643e+01
2.793333333333333357e+01
2.200000000000000000e+01
1.573333333333333250e+01
2.039999999999999858e+01
1.400000000000000000e+01
2.293333333333333357e+01
1.393333333333333357e+01
2.013333333333333286e+01
1.933333333333333215e+01
1.953333333333333499e+01
1.600000000000000000e+01
1.853333333333333499e+01
1.753333333333333499e+01
1.493333333333333357e+01
1.780000000000000071e+01
1.653333333333333499e+01
2.013333333333333286e+01
1.593333333333333357e+01
1.639999999999999858e+01
1.433333333333333393e+01
1.766666666666666785e+01
1.746666666666666501e+01
1.733333333333333215e+01
2.686666666666666714e+01
1.966666666666666785e+01
2.293333333333333357e+01
1.846666666666666501e+01
1.693333333333333357e+01
2.533333333333333215e+01
2.393333333333333357e+01
1.913333333333333286e+01
1.646666666666666501e+01
1.900000000000000000e+01
1.806666666666666643e+01
1.733333333333333215e+01
1.753333333333333499e+01
1.660000000000000142e+01
1.666666666666666785e+01
1.493333333333333357e+01
2.113333333333333286e+01
2.366666666666666785e+01
2.333333333333333215e+01
2.146666666666666501e+01
2.180000000000000071e+01
2.486666666666666714e+01
1.646666666666666501e+01
1.419999999999999929e+01
1.953333333333333499e+01
2.593333333333333357e+01
1.919999999999999929e+01
1.773333333333333428e+01
2.539999999999999858e+01
1.739999999999999858e+01
2.046666666666666501e+01
2.106666666666666643e+01
2.073333333333333428e+01
1.853333333333333499e+01
2.186666666666666714e+01
2.013333333333333286e+01
1.819999999999999929e+01
1.633333333333333215e+01
3.066666666666666785e+01
1.666666666666666785e+01
2.513333333333333286e+01
1.813333333333333286e+01
2.066666666666666785e+01
1.686666666666666714e+01
2.166666666666666785e+01
2.006666666666666643e+01
1.973333333333333428e+01
2.293333333333333357e+01
2.486666666666666714e+01
1.826666666666666572e+01
2.660000000000000142e+01
2.226666666666666572e+01
2.539999999999999858e+01
2.626666666666666572e+01
2.933333333333333215e+01
3.453333333333333144e+01
2.706666666666666643e+01
2.300000000000000000e+01
2.533333333333333215e+01
3.000000000000000000e+01
2.493333333333333357e+01
2.673333333333333428e+01
2.433333333333333215e+01
2.613333333333333286e+01
2.033333333333333215e+01
2.939999999999999858e+01
2.673333333333333428e+01
2.786666666666666714e+01
3.946666666666666856e+01
2.833333333333333215e+01
2.286666666666666714e+01
2.353333333333333499e+01
2.293333333333333357e+01
1.639999999999999858e+01
2.319999999999999929e+01
2.866666666666666785e+01
2.786666666666666714e+01
3.019999999999999929e+01
2.980000000000000071e+01
3.139999999999999858e+01
2.639999999999999858e+01
3.193333333333333357e+01
3.200000000000000000e+01
3.673333333333333428e+01
2.433333333333333215e+01
2.953333333333333499e+01
2.260000000000000142e+01
3.000000000000000000e+01
2.906666666666666643e+01
3.033333333333333215e+01
3.639999999999999858e+01
2.693333333333333357e+01
3.073333333333333428e+01
3.073333333333333428e+01
3.866666666666666430e+01
3.446666666666666856e+01
3.160000000000000142e+01
3.653333333333333144e+01
3.100000000000000000e+01
2.960000000000000142e+01
2.880000000000000071e+01
3.533333333333333570e+01
3.379999999999999716e+01
3.360000000000000142e+01
2.553333333333333499e+01
2.666666666666666785e+01
2.339999999999999858e+01
3.039999999999999858e+01
3.766666666666666430e+01
2.893333333333333357e+01
4.360000000000000142e+01
3.039999999999999858e+01
4.606666666666666998e+01
3.686666666666666714e+01
4.446666666666666856e+01
4.573333333333333428e+01
3.873333333333333428e+01
3.986666666666666714e+01
4.853333333333333144e+01
2.933333333333333215e+01
4.633333333333333570e+01
3.786666666666666714e+01
4.360000000000000142e+01
5.613333333333333286e+01
6.653333333333333144e+01
3.073333333333333428e+01
4.839999999999999858e+01
5.853333333333333144e+01
7.040000000000000568e+01
5.153333333333333144e+01
4.426666666666666572e+01
8.053333333333333144e+01
6.986666666666666003e+01
6.493333333333333712e+01
6.833333333333332860e+01
6.520000000000000284e+01
4.213333333333333286e+01
5.239999999999999858e+01
4.620000000000000284e+01
4.726666666666666572e+01
5.466666666666666430e+01
5.760000000000000142e+01
4.200000000000000000e+01
5.093333333333333002e+01
6.926666666666666572e+01
5.486666666666666714e+01
4.860000000000000142e+01
5.686666666666666714e+01
6.086666666666666714e+01
4.360000000000000142e+01
5.439999999999999858e+01
8.286666666666666003e+01
5.746666666666666856e+01
7.820000000000000284e+01
7.113333333333333997e+01
6.200000000000000000e+01
6.906666666666666288e+01
5.639999999999999858e+01
7.759999999999999432e+01
7.059999999999999432e+01
1.025999999999999943e+02
5.779999999999999716e+01
7.279999999999999716e+01
5.439999999999999858e+01
7.013333333333333997e+01
4.506666666666666998e+01
6.206666666666666998e+01
1.004666666666666686e+02
6.266666666666666430e+01
8.140000000000000568e+01
9.459999999999999432e+01
6.946666666666666856e+01
8.700000000000000000e+01
7.206666666666666288e+01
7.873333333333333428e+01
8.266666666666667140e+01
9.159999999999999432e+01
9.520000000000000284e+01
8.206666666666666288e+01
7.113333333333333997e+01
5.453333333333333144e+01
5.279999999999999716e+01
6.400000000000000000e+01
6.786666666666666003e+01
8.259999999999999432e+01
7.240000000000000568e+01
9.046666666666666856e+01
9.093333333333333712e+01
1.084666666666666686e+02
8.913333333333333997e+01
1.435333333333333314e+02
8.426666666666666572e+01
8.953333333333333144e+01
1.389333333333333371e+02
1.375333333333333314e+02
1.234666666666666686e+02
1.020666666666666629e+02
1.465999999999999943e+02
1.207333333333333343e+02
1.146666666666666714e+02
9.459999999999999432e+01
1.378666666666666742e+02
1.441999999999999886e+02
1.389333333333333371e+02
1.414666666666666686e+02
1.212000000000000028e+02
1.257333333333333343e+02
1.440000000000000000e+02
1.491333333333333258e+02
1.148666666666666600e+02
1.505333333333333314e+02
1.554000000000000057e+02
1.656666666666666572e+02
1.699333333333333371e+02
1.074000000000000057e+02
1.369333333333333371e+02
1.324000000000000057e+02
1.042666666666666657e+02
1.214000000000000057e+02
9.793333333333333712e+01
1.353333333333333428e+02
1.464666666666666686e+02
1.520666666666666629e+02
1.789333333333333371e+02
1.666666666666666572e+02
1.498000000000000114e+02
1.409333333333333371e+02
1.530666666666666629e+02
1.361999999999999886e+02
1.602666666666666799e+02
1.137999999999999972e+02
1.504666666666666686e+02
1.559333333333333371e+02
1.811333333333333258e+02
1.374000000000000057e+02
1.697333333333333201e+02
1.406666666666666572e+02
1.822666666666666799e+02
1.908666666666666742e+02
1.818666666666666742e+02
2.383333333333333428e+02
2.094000000000000057e+02
1.900666666666666629e+02
2.108666666666666742e+02
2.060000000000000000e+02
2.394000000000000057e+02
1.998000000000000114e+02
2.118666666666666742e+02
2.001999999999999886e+02
1.848666666666666742e+02
2.188000000000000114e+02
2.050000000000000000e+02
2.114666666666666686e+02
2.137333333333333201e+02
2.123333333333333428e+02
2.085333333333333314e+02
1.981999999999999886e+02
1.925333333333333314e+02
1.709333333333333371e+02
1.861333333333333258e+02
1.663333333333333428e+02
1.800666666666666629e+02
1.360666666666666629e+02
1.659333333333333371e+02
1.155999999999999943e+02
1.652666666666666799e+02
1.615999999999999943e+02
1.913333333333333428e+02
1.708666666666666742e+02
1.785999999999999943e+02
1.713333333333333428e+02
1.525999999999999943e+02
1.794000000000000057e+02
1.574000000000000057e+02
2.162666666666666799e+02
1.981999999999999886e+02
2.175333333333333314e+02
2.114000000000000057e+02
2.040000000000000000e+02
1.993333333333333428e+02
1.791333333333333258e+02
1.947333333333333201e+02
1.823333333333333428e+02
1.609333333333333371e+02
2.101999999999999886e+02
2.176666666666666572e+02
1.751999999999999886e+02
2.123333333333333428e+02
2.196666666666666572e+02
2.493333333333333428e+02
2.334000000000000057e+02
2.391999999999999886e+02
2.490000000000000000e+02
2.494666666666666686e+02
2.393333333333333428e+02
1.965333333333333314e+02
1.954000000000000057e+02
1.828666666666666742e+02
1.222000000000000028e+02
1.157333333333333343e+02
1.170000000000000000e+02
9.520000000000000284e+01
1.126666666666666714e+02
1.262000000000000028e+02
1.255333333333333314e+02
1.149333333333333371e+02
1.321999999999999886e+02
1.489333333333333371e+02
1.518666666666666742e+02
1.447333333333333201e+02
1.711999999999999886e+02
1.686666666666666572e+02
1.831999999999999886e+02
1.845333333333333314e+02
1.921999999999999886e+02
2.025333333333333314e+02
2.053333333333333428e+02
1.841999999999999886e+02
1.990000000000000000e+02
1.925333333333333314e+02
1.845999999999999943e+02
1.560000000000000000e+02
1.900000000000000000e+02
1.713333333333333428e+02
1.970000000000000000e+02
1.828666666666666742e+02
1.984666666666666686e+02
1.614000000000000057e+02
1.758000000000000114e+02
1.607333333333333201e+02
1.768666666666666742e+02
2.104666666666666686e+02
1.708000000000000114e+02
2.110000000000000000e+02
1.618000000000000114e+02
1.771333333333333258e+02
1.958000000000000114e+02
2.151999999999999886e+02
2.627333333333333485e+02
1.645333333333333314e+02
2.456666666666666572e+02
1.765999999999999943e+02
1.862666666666666799e+02
2.104000000000000057e+02
1.734000000000000057e+02
2.108000000000000114e+02
1.704000000000000057e+02
2.311333333333333258e+02
1.972666666666666799e+02
1.770000000000000000e+02
2.177333333333333201e+02
2.231999999999999886e+02
2.073333333333333428e+02
1.960000000000000000e+02
2.045333333333333314e+02
1.871999999999999886e+02
1.940666666666666629e+02
2.092666666666666799e+02
1.828000000000000114e+02
2.540000000000000000e+02
1.970000000000000000e+02
2.031333333333333258e+02
2.001333333333333258e+02
2.185999999999999943e+02
2.291333333333333258e+02
2.017333333333333201e+02
2.247333333333333201e+02
2.290000000000000000e+02
2.431333333333333258e+02
2.531333333333333258e+02
2.108000000000000114e+02
2.450000000000000000e+02
2.869333333333333371e+02
2.618000000000000114e+02
1.961999999999999886e+02
2.240666666666666629e+02
1.849333333333333371e+02
2.593333333333333144e+02
2.916666666666666856e+02
2.535999999999999943e+02
2.816666666666666856e+02
2.257333333333333201e+02
2.762666666666666515e+02
2.808666666666666742e+02
2.403333333333333428e+02
2.284666666666666686e+02
2.299333333333333371e+02
2.721999999999999886e+02
2.511333333333333258e+02
2.465999999999999943e+02
2.281999999999999886e+02
2.520666666666666629e+02
2.674666666666666401e+02
2.818666666666666742e+02
3.345333333333333599e+02
2.658000000000000114e+02
2.526666666666666572e+02
2.105999999999999943e+02
2.560666666666666629e+02
2.609333333333333371e+02
3.253333333333333144e+02
3.048000000000000114e+02
2.290000000000000000e+02
3.061999999999999886e+02
1.663333333333333428e+02
2.465999999999999943e+02
2.542666666666666799e+02
2.459333333333333371e+02
2.164666666666666686e+02
2.344000000000000057e+02
2.610000000000000000e+02
2.394666666666666686e+02
2.768666666666666742e+02
2.359333333333333371e+02
2.423333333333333428e+02
2.460000000000000000e+02
2.478000000000000114e+02
2.511999999999999886e+02
2.213333333333333428e+02
2.321999999999999886e+02
2.029333333333333371e+02
2.064000000000000057e+02
2.149333333333333371e+02
2.085999999999999943e+02
2.130000000000000000e+02
2.012666666666666799e+02
2.718666666666666742e+02
2.680000000000000000e+02
2.344666666666666686e+02
2.180666666666666629e+02
2.081999999999999886e+02
1.827333333333333201e+02
2.079333333333333371e+02
2.438666666666666742e+02
2.420000000000000000e+02
2.462666666666666799e+02
2.260666666666666629e+02
2.557333333333333201e+02
2.621999999999999886e+02
2.034666666666666686e+02
2.261999999999999886e+02
1.845333333333333314e+02
2.509333333333333371e+02
2.569333333333333371e+02
2.731333333333333258e+02
2.656000000000000227e+02
2.700666666666666629e+02
2.575333333333333599e+02
2.901333333333333258e+02
2.788666666666666742e+02
2.064000000000000057e+02
2.455333333333333314e+02
1.866666666666666572e+02
2.650666666666666629e+02
1.914666666666666686e+02
2.100666666666666629e+02
2.272666666666666799e+02
2.098000000000000114e+02
2.230666666666666629e+02
2.199333333333333371e+02
2.350000000000000000e+02
2.087333333333333201e+02
2.408666666666666742e+02
2.307333333333333201e+02
2.350666666666666629e+02
2.385333333333333314e+02
2.301999999999999886e+02
2.185999999999999943e+02
2.211333333333333258e+02
1.998666666666666742e+02
2.283333333333333428e+02
2.110000000000000000e+02
2.444000000000000057e+02
2.486666666666666572e+02
2.188666666666666742e+02
2.274000000000000057e+02
