2.266666666666666785e+01
2.400000000000000000e+01
2.033333333333333215e+01
2.066666666666666785e+01
1.493333333333333357e+01
2.600000000000000000e+01
2.573333333333333428e+01
1.873333333333333428e+01
1.993333333333333357e+01
2.066666666666666785e+01
1.960000000000000142e+01
1.680000000000000071e+01
1.733333333333333215e+01
2.019999999999999929e+01
2.386666666666666714e+01
2.553333333333333499e+01
2.019999999999999929e+01
2.293333333333333357e+01
1.880000000000000071e+01
1.686666666666666714e+01
1.826666666666666572e+01
1.780000000000000071e+01
1.893333333333333357e+01
2.026666666666666572e+01
1.893333333333333357e+01
1.580000000000000071e+01
1.833333333333333215e+01
2.066666666666666785e+01
1.913333333333333286e+01
1.766666666666666785e+01
1.860000000000000142e+01
1.446666666666666679e+01
1.566666666666666607e+01
1.440000000000000036e+01
2.200000000000000000e+01
1.606666666666666643e+01
2.119999999999999929e+01
1.660000000000000142e+01
2.146666666666666501e+01
2.126666666666666572e+01
1.666666666666666785e+01
1.833333333333333215e+01
1.413333333333333286e+01
1.780000000000000071e+01
1.973333333333333428e+01
1.960000000000000142e+01
1.453333333333333321e+01
1.973333333333333428e+01
1.780000000000000071e+01
1.626666666666666572e+01
1.506666666666666643e+01
2.286666666666666714e+01
1.293333333333333357e+01
1.700000000000000000e+01
1.793333333333333357e+01
2.246666666666666501e+01
1.666666666666666785e+01
1.746666666666666501e+01
1.753333333333333499e+01
1.706666666666666643e+01
1.753333333333333499e+01
2.053333333333333499e+01
1.953333333333333499e+01
1.513333333333333286e+01
1.639999999999999858e+01
1.280000000000000071e+01
2.100000000000000000e+01
1.606666666666666643e+01
1.753333333333333499e+01
1.593333333333333357e+01
1.993333333333333357e+01
1.946666666666666501e+01
1.906666666666666643e+01
1.813333333333333286e+01
2.126666666666666572e+01
1.806666666666666643e+01
1.526666666666666750e+01
2.353333333333333499e+01
1.786666666666666714e+01
2.053333333333333499e+01
1.706666666666666643e+01
1.566666666666666607e+01
1.246666666666666679e+01
1.846666666666666501e+01
1.753333333333333499e+01
1.233333333333333393e+01
1.693333333333333357e+01
1.819999999999999929e+01
1.733333333333333215e+01
1.660000000000000142e+01
2.033333333333333215e+01
1.540000000000000036e+01
1.739999999999999858e+01
1.686666666666666714e+01
1.486666666666666714e+01
1.946666666666666501e+01
2.280000000000000071e+01
1.546666666666666679e+01
1.706666666666666643e+01
1.666666666666666785e+01
1.786666666666666714e+01
1.706666666666666643e+01
1.893333333333333357e+01
1.533333333333333393e+01
1.406666666666666643e+01
1.553333333333333321e+01
1.646666666666666501e+01
1.480000000000000071e+01
1.286666666666666714e+01
1.500000000000000000e+01
1.660000000000000142e+01
1.633333333333333215e+01
1.926666666666666572e+01
1.473333333333333250e+01
1.586666666666666714e+01
1.926666666666666572e+01
1.739999999999999858e+01
1.559999999999999964e+01
1.546666666666666679e+01
1.806666666666666643e+01
1.839999999999999858e+01
1.553333333333333321e+01
1.760000000000000142e+01
1.373333333333333250e+01
1.326666666666666750e+01
1.926666666666666572e+01
1.680000000000000071e+01
1.819999999999999929e+01
1.713333333333333286e+01
1.846666666666666501e+01
1.833333333333333215e+01
2.093333333333333357e+01
1.480000000000000071e+01
1.713333333333333286e+01
1.686666666666666714e+01
1.766666666666666785e+01
1.700000000000000000e+01
1.573333333333333250e+01
1.459999999999999964e+01
1.600000000000000000e+01
1.493333333333333357e+01
1.680000000000000071e+01
1.606666666666666643e+01
1.926666666666666572e+01
1.806666666666666643e+01
1.606666666666666643e+01
1.713333333333333286e+01
1.973333333333333428e+01
2.019999999999999929e+01
1.873333333333333428e+01
1.706666666666666643e+01
1.693333333333333357e+01
1.846666666666666501e+01
1.853333333333333499e+01
1.546666666666666679e+01
1.493333333333333357e+01
1.833333333333333215e+01
1.773333333333333428e+01
1.346666666666666679e+01
1.346666666666666679e+01
1.713333333333333286e+01
1.526666666666666750e+01
1.906666666666666643e+01
1.393333333333333357e+01
1.613333333333333286e+01
1.733333333333333215e+01
2.153333333333333499e+01
1.606666666666666643e+01
1.913333333333333286e+01
1.633333333333333215e+01
1.606666666666666643e+01
1.666666666666666785e+01
1.533333333333333393e+01
2.113333333333333286e+01
1.819999999999999929e+01
1.853333333333333499e+01
1.713333333333333286e+01
2.106666666666666643e+01
1.973333333333333428e+01
1.700000000000000000e+01
2.239999999999999858e+01
1.960000000000000142e+01
2.126666666666666572e+01
1.953333333333333499e+01
2.073333333333333428e+01
2.086666666666666714e+01
1.906666666666666643e+01
2.226666666666666572e+01
2.113333333333333286e+01
1.553333333333333321e+01
1.933333333333333215e+01
1.619999999999999929e+01
1.746666666666666501e+01
1.613333333333333286e+01
2.160000000000000142e+01
1.873333333333333428e+01
1.853333333333333499e+01
1.406666666666666643e+01
2.480000000000000071e+01
1.919999999999999929e+01
1.559999999999999964e+01
1.719999999999999929e+01
2.073333333333333428e+01
1.919999999999999929e+01
1.273333333333333250e+01
2.226666666666666572e+01
1.719999999999999929e+01
1.766666666666666785e+01
1.493333333333333357e+01
1.566666666666666607e+01
1.973333333333333428e+01
1.373333333333333250e+01
1.606666666666666643e+01
1.600000000000000000e+01
1.419999999999999929e+01
1.419999999999999929e+01
1.613333333333333286e+01
1.626666666666666572e+01
1.500000000000000000e+01
1.793333333333333357e+01
1.473333333333333250e+01
1.780000000000000071e+01
1.619999999999999929e+01
1.553333333333333321e+01
1.653333333333333499e+01
1.619999999999999929e+01
1.806666666666666643e+01
2.026666666666666572e+01
1.919999999999999929e+01
2.566666666666666785e+01
1.359999999999999964e+01
1.680000000000000071e+01
1.846666666666666501e+01
1.286666666666666714e+01
1.573333333333333250e+01
1.306666666666666643e+01
2.566666666666666785e+01
1.440000000000000036e+01
1.866666666666666785e+01
1.706666666666666643e+01
2.019999999999999929e+01
1.773333333333333428e+01
2.046666666666666501e+01
2.480000000000000071e+01
1.586666666666666714e+01
1.566666666666666607e+01
2.119999999999999929e+01
1.980000000000000071e+01
1.686666666666666714e+01
1.619999999999999929e+01
1.953333333333333499e+01
2.113333333333333286e+01
2.386666666666666714e+01
1.853333333333333499e+01
2.660000000000000142e+01
1.866666666666666785e+01
2.246666666666666501e+01
2.780000000000000071e+01
2.526666666666666572e+01
3.479999999999999716e+01
2.733333333333333215e+01
2.146666666666666501e+01
2.633333333333333215e+01
2.000000000000000000e+01
1.906666666666666643e+01
2.086666666666666714e+01
2.533333333333333215e+01
2.546666666666666501e+01
1.919999999999999929e+01
1.839999999999999858e+01
2.226666666666666572e+01
1.713333333333333286e+01
2.786666666666666714e+01
2.239999999999999858e+01
3.353333333333333144e+01
2.866666666666666785e+01
3.546666666666666856e+01
2.506666666666666643e+01
2.200000000000000000e+01
2.480000000000000071e+01
2.219999999999999929e+01
2.339999999999999858e+01
2.580000000000000071e+01
2.906666666666666643e+01
3.500000000000000000e+01
3.546666666666666856e+01
2.233333333333333215e+01
3.153333333333333499e+01
2.900000000000000000e+01
3.153333333333333499e+01
4.046666666666666856e+01
2.653333333333333499e+01
3.793333333333333002e+01
2.560000000000000142e+01
3.420000000000000284e+01
3.193333333333333357e+01
2.966666666666666785e+01
4.660000000000000142e+01
3.760000000000000142e+01
4.386666666666666714e+01
4.300000000000000000e+01
2.980000000000000071e+01
3.606666666666666998e+01
3.019999999999999929e+01
4.046666666666666856e+01
3.439999999999999858e+01
5.833333333333333570e+01
3.873333333333333428e+01
3.886666666666666714e+01
4.779999999999999716e+01
5.200000000000000000e+01
3.893333333333333002e+01
4.513333333333333286e+01
3.773333333333333428e+01
3.760000000000000142e+01
4.906666666666666998e+01
4.793333333333333002e+01
3.666666666666666430e+01
4.239999999999999858e+01
3.539999999999999858e+01
4.673333333333333428e+01
5.973333333333333428e+01
4.946666666666666856e+01
3.013333333333333286e+01
5.839999999999999858e+01
4.553333333333333144e+01
5.593333333333333002e+01
6.393333333333333002e+01
5.360000000000000142e+01
4.946666666666666856e+01
4.753333333333333144e+01
5.033333333333333570e+01
4.573333333333333428e+01
5.813333333333333286e+01
6.826666666666666572e+01
4.866666666666666430e+01
7.100000000000000000e+01
7.146666666666666856e+01
5.666666666666666430e+01
5.433333333333333570e+01
4.720000000000000284e+01
7.046666666666666856e+01
6.759999999999999432e+01
7.820000000000000284e+01
6.633333333333332860e+01
6.173333333333333428e+01
5.593333333333333002e+01
7.106666666666666288e+01
6.606666666666666288e+01
5.820000000000000284e+01
6.733333333333332860e+01
6.253333333333333144e+01
6.546666666666666856e+01
8.393333333333333712e+01
5.539999999999999858e+01
7.953333333333333144e+01
6.453333333333333144e+01
8.633333333333332860e+01
7.179999999999999716e+01
6.626666666666666572e+01
6.986666666666666003e+01
7.973333333333333428e+01
8.333333333333332860e+01
7.640000000000000568e+01
8.640000000000000568e+01
1.004000000000000057e+02
7.706666666666666288e+01
6.993333333333333712e+01
8.433333333333332860e+01
7.793333333333333712e+01
9.106666666666666288e+01
7.306666666666666288e+01
1.073333333333333286e+02
9.086666666666666003e+01
1.175333333333333314e+02
8.646666666666666856e+01
8.513333333333333997e+01
1.097999999999999972e+02
1.071333333333333400e+02
1.017999999999999972e+02
8.533333333333332860e+01
9.546666666666666856e+01
1.127999999999999972e+02
8.413333333333333997e+01
9.906666666666666288e+01
9.179999999999999716e+01
1.145999999999999943e+02
1.064666666666666686e+02
8.606666666666666288e+01
1.077999999999999972e+02
9.426666666666666572e+01
1.020000000000000000e+02
1.032666666666666657e+02
1.134666666666666686e+02
1.338000000000000114e+02
1.258666666666666600e+02
1.201333333333333400e+02
1.039333333333333371e+02
1.207333333333333343e+02
1.204666666666666686e+02
1.222666666666666657e+02
1.400666666666666629e+02
1.034000000000000057e+02
1.057999999999999972e+02
1.272666666666666657e+02
1.127333333333333343e+02
1.070666666666666629e+02
1.304666666666666686e+02
1.473333333333333428e+02
1.446666666666666572e+02
1.368000000000000114e+02
1.554666666666666686e+02
1.389333333333333371e+02
1.430666666666666629e+02
1.591999999999999886e+02
1.661333333333333258e+02
1.564000000000000057e+02
1.644000000000000057e+02
1.654666666666666686e+02
1.506666666666666572e+02
1.600000000000000000e+02
1.604000000000000057e+02
1.810000000000000000e+02
1.615333333333333314e+02
1.995999999999999943e+02
1.734000000000000057e+02
1.850666666666666629e+02
1.524000000000000057e+02
1.591333333333333258e+02
1.755333333333333314e+02
1.808666666666666742e+02
1.687333333333333201e+02
1.814666666666666686e+02
1.538666666666666742e+02
1.798000000000000114e+02
1.766666666666666572e+02
2.127333333333333201e+02
1.774000000000000057e+02
1.935333333333333314e+02
1.771999999999999886e+02
1.844000000000000057e+02
1.884666666666666686e+02
1.768000000000000114e+02
1.695999999999999943e+02
1.721999999999999886e+02
1.662666666666666799e+02
1.728666666666666742e+02
1.850000000000000000e+02
1.938000000000000114e+02
1.664000000000000057e+02
1.866666666666666572e+02
1.847333333333333201e+02
2.230000000000000000e+02
2.080000000000000000e+02
2.055333333333333314e+02
1.752666666666666799e+02
2.001333333333333258e+02
1.888666666666666742e+02
2.121999999999999886e+02
2.072666666666666799e+02
2.211999999999999886e+02
2.081333333333333258e+02
2.119333333333333371e+02
2.128666666666666742e+02
2.385999999999999943e+02
2.199333333333333371e+02
2.013333333333333428e+02
1.758000000000000114e+02
1.979333333333333371e+02
2.470000000000000000e+02
2.001999999999999886e+02
1.959333333333333371e+02
2.178000000000000114e+02
1.781999999999999886e+02
2.095999999999999943e+02
2.090666666666666629e+02
1.928666666666666742e+02
1.980000000000000000e+02
2.092666666666666799e+02
2.159333333333333371e+02
2.490000000000000000e+02
2.078000000000000114e+02
2.371999999999999886e+02
2.150000000000000000e+02
2.332666666666666799e+02
2.430666666666666629e+02
2.251333333333333258e+02
2.520000000000000000e+02
2.308666666666666742e+02
2.398666666666666742e+02
2.451333333333333258e+02
2.295999999999999943e+02
2.435333333333333314e+02
2.754666666666666401e+02
2.721999999999999886e+02
2.791999999999999886e+02
2.403333333333333428e+02
2.300000000000000000e+02
2.627333333333333485e+02
2.673999999999999773e+02
2.558000000000000114e+02
2.068666666666666742e+02
2.526666666666666572e+02
2.315333333333333314e+02
2.562666666666666515e+02
2.764666666666666401e+02
2.294666666666666686e+02
2.413333333333333428e+02
2.330666666666666629e+02
2.763999999999999773e+02
2.708666666666666742e+02
2.388666666666666742e+02
2.749333333333333371e+02
2.801999999999999886e+02
2.239333333333333371e+02
2.651333333333333258e+02
2.403333333333333428e+02
2.560666666666666629e+02
2.633999999999999773e+02
2.523333333333333428e+02
2.781999999999999886e+02
2.484666666666666686e+02
2.353333333333333428e+02
2.701999999999999886e+02
2.629333333333333371e+02
2.401333333333333258e+02
2.768666666666666742e+02
2.679333333333333371e+02
2.468000000000000114e+02
2.490000000000000000e+02
2.555999999999999943e+02
2.436666666666666572e+02
2.461999999999999886e+02
2.502666666666666799e+02
2.355333333333333314e+02
2.593333333333333144e+02
2.562666666666666515e+02
2.497333333333333201e+02
2.705333333333333599e+02
2.344000000000000057e+02
2.478666666666666742e+02
2.688666666666666742e+02
2.382666666666666799e+02
2.568000000000000114e+02
2.719333333333333371e+02
2.752666666666666515e+02
2.315333333333333314e+02
2.691333333333333258e+02
2.414666666666666686e+02
2.709333333333333371e+02
2.572666666666666515e+02
2.752666666666666515e+02
2.464666666666666686e+02
2.440000000000000000e+02
2.659333333333333371e+02
2.688000000000000114e+02
2.554666666666666686e+02
2.665333333333333599e+02
2.607333333333333485e+02
2.387333333333333201e+02
2.818000000000000114e+02
2.763333333333333144e+02
2.341333333333333258e+02
2.477333333333333201e+02
2.480000000000000000e+02
2.440666666666666629e+02
2.899333333333333371e+02
2.438000000000000114e+02
2.651333333333333258e+02
2.733999999999999773e+02
2.577333333333333485e+02
2.675333333333333599e+02
2.433333333333333428e+02
2.427333333333333201e+02
2.478000000000000114e+02
2.555999999999999943e+02
2.501333333333333258e+02
2.786666666666666856e+02
2.597333333333333485e+02
2.618666666666666742e+02
2.740666666666666629e+02
2.665333333333333599e+02
2.412666666666666799e+02
2.916666666666666856e+02
2.708666666666666742e+02
3.025333333333333599e+02
2.530666666666666629e+02
2.541999999999999886e+02
2.627333333333333485e+02
2.663333333333333144e+02
2.758666666666666742e+02
2.419333333333333371e+02
2.786666666666666856e+02
2.686000000000000227e+02
2.853999999999999773e+02
2.644666666666666401e+02
2.621333333333333258e+02
2.880000000000000000e+02
2.504000000000000057e+02
2.625333333333333599e+02
2.753999999999999773e+02
2.348666666666666742e+02
2.782666666666666515e+02
2.703333333333333144e+02
2.768666666666666742e+02
2.616000000000000227e+02
2.662666666666666515e+02
2.691999999999999886e+02
2.886666666666666856e+02
2.882666666666666515e+02
2.808000000000000114e+02
2.728000000000000114e+02
2.500000000000000000e+02
2.773999999999999773e+02
2.927333333333333485e+02
2.618000000000000114e+02
2.773999999999999773e+02
2.584666666666666401e+02
3.033333333333333144e+02
2.950000000000000000e+02
2.711999999999999886e+02
2.803333333333333144e+02
2.976666666666666856e+02
2.997333333333333485e+02
2.691999999999999886e+02
2.724666666666666401e+02
2.547333333333333201e+02
2.828666666666666742e+02
2.988666666666666742e+02
2.790666666666666629e+02
2.896000000000000227e+02
2.917333333333333485e+02
2.938666666666666742e+02
2.646666666666666856e+02
2.750666666666666629e+02
2.980000000000000000e+02
2.671999999999999886e+02
2.810000000000000000e+02
2.876666666666666856e+02
2.713333333333333144e+02
2.692666666666666515e+02
2.817333333333333485e+02
3.081999999999999886e+02
2.987333333333333485e+02
3.025333333333333599e+02
3.232666666666666515e+02
2.793999999999999773e+02
3.214666666666666401e+02
2.757333333333333485e+02
3.021999999999999886e+02
3.035333333333333599e+02
3.076666666666666856e+02
2.990000000000000000e+02
3.188666666666666742e+02
3.012666666666666515e+02
3.119333333333333371e+02
3.055333333333333599e+02
3.218666666666666742e+02
3.173333333333333144e+02
2.864666666666666401e+02
3.115333333333333599e+02
3.027333333333333485e+02
2.948666666666666742e+02
3.376000000000000227e+02
3.100000000000000000e+02
2.925333333333333599e+02
3.106666666666666856e+02
3.022666666666666515e+02
3.123999999999999773e+02
2.876666666666666856e+02
3.207333333333333485e+02
3.056666666666666856e+02
2.956000000000000227e+02
2.878666666666666742e+02
2.983999999999999773e+02
2.759333333333333371e+02
3.307333333333333485e+02
2.931999999999999886e+02
3.238000000000000114e+02
2.718000000000000114e+02
2.819333333333333371e+02
3.150000000000000000e+02
3.163999999999999773e+02
3.568000000000000114e+02
3.084666666666666401e+02
3.441333333333333258e+02
3.221333333333333258e+02
3.085333333333333599e+02
3.206666666666666856e+02
3.152666666666666515e+02
3.156666666666666856e+02
3.356666666666666856e+02
3.292666666666666515e+02
3.343999999999999773e+02
3.261333333333333258e+02
3.431999999999999886e+02
3.420666666666666629e+02
3.323999999999999773e+02
3.309333333333333371e+02
3.258666666666666742e+02
