2.253333333333333499e+01
2.666666666666666785e+01
2.193333333333333357e+01
2.093333333333333357e+01
2.400000000000000000e+01
2.153333333333333499e+01
2.380000000000000071e+01
1.966666666666666785e+01
1.646666666666666501e+01
1.753333333333333499e+01
2.060000000000000142e+01
1.933333333333333215e+01
1.919999999999999929e+01
1.766666666666666785e+01
2.273333333333333428e+01
1.700000000000000000e+01
2.119999999999999929e+01
2.000000000000000000e+01
1.860000000000000142e+01
1.673333333333333428e+01
1.493333333333333357e+01
1.846666666666666501e+01
2.033333333333333215e+01
1.766666666666666785e+01
1.946666666666666501e+01
1.639999999999999858e+01
1.826666666666666572e+01
1.766666666666666785e+01
1.733333333333333215e+01
1.873333333333333428e+01
2.093333333333333357e+01
2.113333333333333286e+01
1.753333333333333499e+01
1.506666666666666643e+01
1.926666666666666572e+01
2.353333333333333499e+01
1.660000000000000142e+01
1.913333333333333286e+01
1.746666666666666501e+01
1.633333333333333215e+01
1.353333333333333321e+01
1.473333333333333250e+01
1.653333333333333499e+01
1.853333333333333499e+01
1.760000000000000142e+01
1.566666666666666607e+01
1.553333333333333321e+01
1.853333333333333499e+01
1.819999999999999929e+01
2.080000000000000071e+01
1.466666666666666607e+01
1.606666666666666643e+01
1.606666666666666643e+01
1.746666666666666501e+01
2.080000000000000071e+01
2.053333333333333499e+01
2.193333333333333357e+01
2.419999999999999929e+01
1.686666666666666714e+01
1.793333333333333357e+01
1.540000000000000036e+01
1.500000000000000000e+01
1.760000000000000142e+01
2.413333333333333286e+01
1.860000000000000142e+01
2.319999999999999929e+01
1.726666666666666572e+01
1.960000000000000142e+01
1.559999999999999964e+01
1.406666666666666643e+01
1.493333333333333357e+01
1.346666666666666679e+01
1.886666666666666714e+01
1.633333333333333215e+01
1.706666666666666643e+01
1.873333333333333428e+01
1.513333333333333286e+01
1.746666666666666501e+01
1.860000000000000142e+01
1.680000000000000071e+01
2.053333333333333499e+01
1.693333333333333357e+01
1.606666666666666643e+01
2.066666666666666785e+01
1.606666666666666643e+01
2.019999999999999929e+01
1.633333333333333215e+01
1.546666666666666679e+01
1.886666666666666714e+01
1.233333333333333393e+01
1.739999999999999858e+01
1.480000000000000071e+01
1.773333333333333428e+01
1.440000000000000036e+01
1.786666666666666714e+01
1.686666666666666714e+01
1.893333333333333357e+01
1.713333333333333286e+01
2.153333333333333499e+01
1.440000000000000036e+01
1.739999999999999858e+01
2.080000000000000071e+01
2.793333333333333357e+01
2.233333333333333215e+01
1.506666666666666643e+01
1.926666666666666572e+01
1.533333333333333393e+01
1.719999999999999929e+01
1.686666666666666714e+01
1.413333333333333286e+01
1.626666666666666572e+01
1.440000000000000036e+01
1.786666666666666714e+01
1.680000000000000071e+01
1.559999999999999964e+01
1.459999999999999964e+01
1.793333333333333357e+01
1.613333333333333286e+01
1.733333333333333215e+01
1.900000000000000000e+01
1.726666666666666572e+01
2.146666666666666501e+01
1.259999999999999964e+01
2.080000000000000071e+01
1.793333333333333357e+01
1.486666666666666714e+01
1.513333333333333286e+01
1.606666666666666643e+01
1.446666666666666679e+01
1.706666666666666643e+01
2.153333333333333499e+01
1.760000000000000142e+01
2.533333333333333215e+01
1.700000000000000000e+01
1.459999999999999964e+01
1.486666666666666714e+01
1.719999999999999929e+01
2.086666666666666714e+01
1.819999999999999929e+01
1.500000000000000000e+01
1.746666666666666501e+01
1.806666666666666643e+01
2.186666666666666714e+01
1.493333333333333357e+01
1.933333333333333215e+01
1.606666666666666643e+01
1.746666666666666501e+01
1.646666666666666501e+01
1.960000000000000142e+01
1.519999999999999929e+01
1.593333333333333357e+01
1.973333333333333428e+01
1.706666666666666643e+01
1.813333333333333286e+01
2.506666666666666643e+01
2.106666666666666643e+01
2.006666666666666643e+01
1.526666666666666750e+01
1.819999999999999929e+01
1.660000000000000142e+01
1.373333333333333250e+01
1.739999999999999858e+01
1.673333333333333428e+01
1.953333333333333499e+01
1.913333333333333286e+01
2.700000000000000000e+01
1.706666666666666643e+01
1.786666666666666714e+01
1.466666666666666607e+01
2.180000000000000071e+01
1.666666666666666785e+01
2.193333333333333357e+01
1.946666666666666501e+01
2.119999999999999929e+01
2.186666666666666714e+01
2.346666666666666501e+01
1.713333333333333286e+01
2.326666666666666572e+01
2.033333333333333215e+01
2.053333333333333499e+01
1.786666666666666714e+01
2.173333333333333428e+01
2.219999999999999929e+01
2.200000000000000000e+01
2.026666666666666572e+01
1.639999999999999858e+01
2.139999999999999858e+01
1.553333333333333321e+01
1.619999999999999929e+01
1.960000000000000142e+01
2.053333333333333499e+01
1.606666666666666643e+01
1.440000000000000036e+01
2.119999999999999929e+01
1.480000000000000071e+01
1.839999999999999858e+01
1.619999999999999929e+01
1.833333333333333215e+01
2.573333333333333428e+01
1.719999999999999929e+01
2.073333333333333428e+01
1.300000000000000000e+01
1.533333333333333393e+01
1.813333333333333286e+01
1.853333333333333499e+01
1.533333333333333393e+01
1.739999999999999858e+01
1.733333333333333215e+01
1.639999999999999858e+01
1.713333333333333286e+01
1.413333333333333286e+01
1.853333333333333499e+01
1.606666666666666643e+01
2.139999999999999858e+01
1.846666666666666501e+01
1.639999999999999858e+01
1.553333333333333321e+01
1.206666666666666643e+01
1.333333333333333393e+01
1.673333333333333428e+01
1.606666666666666643e+01
1.493333333333333357e+01
1.846666666666666501e+01
1.413333333333333286e+01
1.746666666666666501e+01
1.939999999999999858e+01
1.680000000000000071e+01
1.533333333333333393e+01
1.593333333333333357e+01
1.373333333333333250e+01
1.753333333333333499e+01
1.600000000000000000e+01
1.800000000000000000e+01
1.446666666666666679e+01
1.733333333333333215e+01
2.039999999999999858e+01
1.400000000000000000e+01
1.433333333333333393e+01
1.726666666666666572e+01
1.953333333333333499e+01
1.846666666666666501e+01
1.653333333333333499e+01
1.566666666666666607e+01
1.586666666666666714e+01
2.000000000000000000e+01
1.600000000000000000e+01
2.393333333333333357e+01
1.973333333333333428e+01
2.066666666666666785e+01
1.980000000000000071e+01
1.586666666666666714e+01
1.733333333333333215e+01
2.060000000000000142e+01
1.533333333333333393e+01
1.880000000000000071e+01
1.686666666666666714e+01
2.133333333333333215e+01
2.300000000000000000e+01
2.006666666666666643e+01
2.073333333333333428e+01
1.900000000000000000e+01
2.533333333333333215e+01
2.573333333333333428e+01
1.753333333333333499e+01
1.700000000000000000e+01
1.933333333333333215e+01
2.006666666666666643e+01
2.213333333333333286e+01
2.600000000000000000e+01
1.733333333333333215e+01
2.019999999999999929e+01
2.839999999999999858e+01
1.866666666666666785e+01
2.093333333333333357e+01
2.219999999999999929e+01
1.933333333333333215e+01
2.046666666666666501e+01
1.980000000000000071e+01
2.506666666666666643e+01
2.033333333333333215e+01
3.100000000000000000e+01
3.273333333333333428e+01
2.273333333333333428e+01
3.119999999999999929e+01
2.539999999999999858e+01
3.166666666666666785e+01
3.400000000000000000e+01
2.933333333333333215e+01
2.786666666666666714e+01
2.713333333333333286e+01
3.839999999999999858e+01
2.773333333333333428e+01
3.479999999999999716e+01
4.646666666666666856e+01
3.106666666666666643e+01
3.893333333333333002e+01
3.113333333333333286e+01
3.433333333333333570e+01
3.660000000000000142e+01
2.846666666666666501e+01
4.933333333333333570e+01
3.806666666666666998e+01
3.846666666666666856e+01
3.473333333333333428e+01
4.313333333333333286e+01
3.553333333333333144e+01
5.493333333333333002e+01
3.820000000000000284e+01
4.439999999999999858e+01
3.493333333333333002e+01
3.773333333333333428e+01
3.080000000000000071e+01
4.600000000000000000e+01
5.320000000000000284e+01
5.533333333333333570e+01
3.166666666666666785e+01
3.166666666666666785e+01
3.166666666666666785e+01
3.320000000000000284e+01
4.800000000000000000e+01
5.766666666666666430e+01
5.446666666666666856e+01
4.773333333333333428e+01
4.546666666666666856e+01
6.720000000000000284e+01
5.166666666666666430e+01
4.146666666666666856e+01
6.186666666666666714e+01
5.100000000000000000e+01
5.500000000000000000e+01
8.986666666666666003e+01
5.426666666666666572e+01
5.793333333333333002e+01
7.513333333333333997e+01
5.720000000000000284e+01
4.220000000000000284e+01
5.373333333333333428e+01
5.753333333333333144e+01
7.073333333333333428e+01
5.533333333333333570e+01
7.753333333333333144e+01
5.779999999999999716e+01
5.613333333333333286e+01
6.640000000000000568e+01
5.186666666666666714e+01
6.479999999999999716e+01
7.259999999999999432e+01
5.566666666666666430e+01
7.066666666666667140e+01
7.300000000000000000e+01
5.926666666666666572e+01
7.446666666666666856e+01
6.266666666666666430e+01
7.526666666666666572e+01
8.959999999999999432e+01
6.779999999999999716e+01
8.426666666666666572e+01
6.086666666666666714e+01
8.566666666666667140e+01
7.740000000000000568e+01
8.013333333333333997e+01
7.726666666666666572e+01
5.013333333333333286e+01
5.506666666666666998e+01
8.379999999999999716e+01
8.500000000000000000e+01
9.300000000000000000e+01
7.340000000000000568e+01
8.486666666666666003e+01
7.546666666666666856e+01
7.906666666666666288e+01
6.853333333333333144e+01
7.546666666666666856e+01
8.906666666666666288e+01
7.966666666666667140e+01
7.800000000000000000e+01
7.953333333333333144e+01
7.906666666666666288e+01
8.133333333333332860e+01
1.065333333333333314e+02
6.959999999999999432e+01
8.946666666666666856e+01
1.149333333333333371e+02
8.706666666666666288e+01
8.226666666666666572e+01
9.953333333333333144e+01
1.106666666666666714e+02
8.693333333333333712e+01
9.326666666666666572e+01
9.740000000000000568e+01
1.084666666666666686e+02
8.253333333333333144e+01
1.035333333333333314e+02
1.127999999999999972e+02
9.026666666666666572e+01
1.037999999999999972e+02
9.953333333333333144e+01
1.133333333333333286e+02
1.267333333333333343e+02
1.040666666666666629e+02
9.526666666666666572e+01
1.137333333333333343e+02
8.853333333333333144e+01
1.067999999999999972e+02
1.161333333333333400e+02
1.132000000000000028e+02
1.132000000000000028e+02
1.545333333333333314e+02
1.230000000000000000e+02
1.318000000000000114e+02
1.468000000000000114e+02
1.323333333333333428e+02
1.468000000000000114e+02
1.393333333333333428e+02
1.458666666666666742e+02
1.875333333333333314e+02
1.476666666666666572e+02
1.407333333333333201e+02
1.644666666666666686e+02
2.015999999999999943e+02
1.507333333333333201e+02
1.703333333333333428e+02
2.044666666666666686e+02
1.838666666666666742e+02
1.681999999999999886e+02
1.843333333333333428e+02
1.804666666666666686e+02
1.862666666666666799e+02
1.890000000000000000e+02
1.918000000000000114e+02
2.008666666666666742e+02
1.792666666666666799e+02
1.875999999999999943e+02
2.040666666666666629e+02
2.041999999999999886e+02
1.876666666666666572e+02
2.341999999999999886e+02
2.224666666666666686e+02
2.340666666666666629e+02
2.205999999999999943e+02
2.233333333333333428e+02
2.165333333333333314e+02
1.993333333333333428e+02
2.275333333333333314e+02
2.375333333333333314e+02
2.332666666666666799e+02
2.510666666666666629e+02
2.391333333333333258e+02
2.702666666666666515e+02
2.460000000000000000e+02
2.394666666666666686e+02
2.397333333333333201e+02
2.532666666666666799e+02
2.310666666666666629e+02
2.210666666666666629e+02
2.688000000000000114e+02
2.788000000000000114e+02
2.457333333333333201e+02
2.841333333333333258e+02
2.581999999999999886e+02
2.759333333333333371e+02
2.700000000000000000e+02
2.875333333333333599e+02
2.764666666666666401e+02
2.694666666666666401e+02
2.700666666666666629e+02
2.539333333333333371e+02
2.650000000000000000e+02
2.986000000000000227e+02
2.598000000000000114e+02
2.661333333333333258e+02
2.933999999999999773e+02
2.599333333333333371e+02
2.747333333333333485e+02
2.800000000000000000e+02
2.853333333333333144e+02
2.936666666666666856e+02
2.715333333333333599e+02
2.673333333333333144e+02
2.768000000000000114e+02
2.703999999999999773e+02
2.501999999999999886e+02
2.263333333333333428e+02
2.452666666666666799e+02
2.355999999999999943e+02
2.583999999999999773e+02
2.346666666666666572e+02
2.325333333333333314e+02
2.558666666666666742e+02
2.103333333333333428e+02
2.298666666666666742e+02
2.725333333333333599e+02
2.291333333333333258e+02
2.287333333333333201e+02
2.631999999999999886e+02
2.491999999999999886e+02
2.672666666666666515e+02
2.314000000000000057e+02
2.588666666666666742e+02
2.601333333333333258e+02
2.431333333333333258e+02
2.412666666666666799e+02
2.411333333333333258e+02
2.357333333333333201e+02
2.411333333333333258e+02
2.600666666666666629e+02
2.194000000000000057e+02
2.260000000000000000e+02
2.659333333333333371e+02
2.381999999999999886e+02
2.200666666666666629e+02
2.571333333333333258e+02
2.508000000000000114e+02
2.497333333333333201e+02
2.509333333333333371e+02
2.458666666666666742e+02
2.451999999999999886e+02
2.514666666666666686e+02
2.482666666666666799e+02
2.494666666666666686e+02
2.473333333333333428e+02
2.607333333333333485e+02
2.871333333333333258e+02
2.517333333333333201e+02
2.528666666666666742e+02
2.458666666666666742e+02
2.582666666666666515e+02
2.479333333333333371e+02
2.543333333333333428e+02
2.484666666666666686e+02
2.522666666666666799e+02
2.529333333333333371e+02
2.746000000000000227e+02
2.448000000000000114e+02
2.483333333333333428e+02
2.667333333333333485e+02
2.571999999999999886e+02
2.633333333333333144e+02
2.769333333333333371e+02
2.826666666666666856e+02
2.838000000000000114e+02
2.614666666666666401e+02
2.598666666666666742e+02
2.588666666666666742e+02
2.620000000000000000e+02
2.650666666666666629e+02
2.941333333333333258e+02
2.801333333333333258e+02
2.659333333333333371e+02
2.803333333333333144e+02
2.655333333333333599e+02
2.602666666666666515e+02
2.773333333333333144e+02
2.830000000000000000e+02
2.374000000000000057e+02
2.609333333333333371e+02
2.970666666666666629e+02
2.850000000000000000e+02
2.809333333333333371e+02
2.646666666666666856e+02
2.618666666666666742e+02
2.552666666666666799e+02
2.996666666666666856e+02
2.831999999999999886e+02
2.653999999999999773e+02
3.022666666666666515e+02
3.003333333333333144e+02
2.400000000000000000e+02
2.746666666666666856e+02
3.061333333333333258e+02
2.903999999999999773e+02
2.943333333333333144e+02
3.162666666666666515e+02
3.070000000000000000e+02
2.963333333333333144e+02
2.728666666666666742e+02
2.878666666666666742e+02
3.053333333333333144e+02
2.923999999999999773e+02
2.781333333333333258e+02
3.033999999999999773e+02
2.990666666666666629e+02
3.068666666666666742e+02
3.247333333333333485e+02
3.031999999999999886e+02
3.258000000000000114e+02
2.938666666666666742e+02
3.087333333333333485e+02
3.170666666666666629e+02
2.982666666666666515e+02
2.957333333333333485e+02
2.903999999999999773e+02
2.872666666666666515e+02
2.863333333333333144e+02
2.933999999999999773e+02
2.981999999999999886e+02
3.301333333333333258e+02
3.027333333333333485e+02
3.226000000000000227e+02
2.976000000000000227e+02
3.251999999999999886e+02
3.030666666666666629e+02
3.390000000000000000e+02
3.370000000000000000e+02
3.506666666666666856e+02
3.353333333333333144e+02
3.508000000000000114e+02
3.489333333333333371e+02
3.096666666666666856e+02
3.383333333333333144e+02
3.516000000000000227e+02
3.586666666666666856e+02
3.361999999999999886e+02
3.237333333333333485e+02
2.995333333333333599e+02
3.619333333333333371e+02
3.553999999999999773e+02
3.334666666666666401e+02
3.510666666666666629e+02
3.872666666666666515e+02
3.457333333333333485e+02
3.776666666666666856e+02
3.443999999999999773e+02
3.326666666666666856e+02
3.458666666666666742e+02
3.423999999999999773e+02
3.526666666666666856e+02
3.414666666666666401e+02
3.800666666666666629e+02
3.433999999999999773e+02
3.525333333333333599e+02
3.005333333333333599e+02
3.209333333333333371e+02
3.643333333333333144e+02
3.351999999999999886e+02
3.448000000000000114e+02
3.181333333333333258e+02
3.713333333333333144e+02
3.183333333333333144e+02
3.588666666666666742e+02
3.283333333333333144e+02
3.344666666666666401e+02
3.324666666666666401e+02
3.172666666666666515e+02
3.176000000000000227e+02
3.380666666666666629e+02
3.436666666666666856e+02
3.631999999999999886e+02
3.450000000000000000e+02
3.280000000000000000e+02
3.433999999999999773e+02
3.530666666666666629e+02
3.366666666666666856e+02
3.646000000000000227e+02
3.289333333333333371e+02
3.303999999999999773e+02
3.614666666666666401e+02
3.273333333333333144e+02
3.620000000000000000e+02
3.449333333333333371e+02
3.299333333333333371e+02
3.451999999999999886e+02
3.638666666666666742e+02
3.391333333333333258e+02
3.493333333333333144e+02
3.494666666666666401e+02
3.245333333333333599e+02
3.280666666666666629e+02
3.223333333333333144e+02
3.559333333333333371e+02
3.513999999999999773e+02
3.556000000000000227e+02
3.518666666666666742e+02
3.653999999999999773e+02
3.433333333333333144e+02
3.420000000000000000e+02
3.386666666666666856e+02
3.128666666666666742e+02
3.480000000000000000e+02
3.583333333333333144e+02
3.501999999999999886e+02
3.300000000000000000e+02
3.550000000000000000e+02
3.583333333333333144e+02
3.158666666666666742e+02
3.249333333333333371e+02
3.150000000000000000e+02
3.521333333333333258e+02
3.740000000000000000e+02
3.679333333333333371e+02
3.423333333333333144e+02
3.453333333333333144e+02
3.423333333333333144e+02
3.796666666666666856e+02
3.744666666666666401e+02
3.362666666666666515e+02
3.389333333333333371e+02
3.131999999999999886e+02
3.546000000000000227e+02
3.558000000000000114e+02
