2.200000000000000000e+01
1.913333333333333286e+01
2.339999999999999858e+01
1.913333333333333286e+01
1.639999999999999858e+01
1.880000000000000071e+01
1.646666666666666501e+01
2.133333333333333215e+01
2.219999999999999929e+01
1.819999999999999929e+01
2.086666666666666714e+01
1.686666666666666714e+01
2.919999999999999929e+01
1.839999999999999858e+01
2.346666666666666501e+01
1.946666666666666501e+01
2.193333333333333357e+01
2.366666666666666785e+01
1.853333333333333499e+01
1.860000000000000142e+01
2.066666666666666785e+01
2.186666666666666714e+01
1.939999999999999858e+01
1.680000000000000071e+01
1.800000000000000000e+01
1.833333333333333215e+01
1.893333333333333357e+01
1.806666666666666643e+01
1.666666666666666785e+01
2.000000000000000000e+01
1.960000000000000142e+01
1.693333333333333357e+01
1.839999999999999858e+01
1.893333333333333357e+01
1.680000000000000071e+01
1.666666666666666785e+01
1.860000000000000142e+01
1.906666666666666643e+01
1.519999999999999929e+01
1.433333333333333393e+01
1.633333333333333215e+01
2.033333333333333215e+01
1.600000000000000000e+01
1.919999999999999929e+01
1.860000000000000142e+01
1.600000000000000000e+01
1.566666666666666607e+01
1.846666666666666501e+01
1.559999999999999964e+01
2.200000000000000000e+01
2.153333333333333499e+01
1.860000000000000142e+01
1.440000000000000036e+01
1.746666666666666501e+01
1.619999999999999929e+01
1.853333333333333499e+01
2.333333333333333215e+01
1.733333333333333215e+01
1.913333333333333286e+01
1.480000000000000071e+01
2.033333333333333215e+01
2.033333333333333215e+01
1.993333333333333357e+01
1.813333333333333286e+01
2.019999999999999929e+01
1.966666666666666785e+01
1.533333333333333393e+01
1.860000000000000142e+01
2.019999999999999929e+01
2.106666666666666643e+01
1.800000000000000000e+01
1.693333333333333357e+01
1.933333333333333215e+01
1.353333333333333321e+01
1.753333333333333499e+01
1.686666666666666714e+01
1.913333333333333286e+01
1.480000000000000071e+01
1.373333333333333250e+01
1.573333333333333250e+01
1.519999999999999929e+01
1.633333333333333215e+01
1.726666666666666572e+01
1.393333333333333357e+01
1.833333333333333215e+01
1.926666666666666572e+01
1.440000000000000036e+01
1.706666666666666643e+01
1.486666666666666714e+01
1.546666666666666679e+01
1.886666666666666714e+01
1.486666666666666714e+01
1.673333333333333428e+01
1.713333333333333286e+01
1.813333333333333286e+01
1.686666666666666714e+01
1.773333333333333428e+01
1.839999999999999858e+01
1.219999999999999929e+01
1.359999999999999964e+01
1.606666666666666643e+01
1.473333333333333250e+01
1.593333333333333357e+01
1.726666666666666572e+01
1.486666666666666714e+01
1.739999999999999858e+01
1.739999999999999858e+01
1.366666666666666607e+01
1.706666666666666643e+01
1.619999999999999929e+01
2.226666666666666572e+01
1.480000000000000071e+01
1.646666666666666501e+01
1.860000000000000142e+01
2.526666666666666572e+01
1.646666666666666501e+01
1.440000000000000036e+01
1.893333333333333357e+01
2.306666666666666643e+01
1.426666666666666750e+01
1.519999999999999929e+01
1.440000000000000036e+01
1.613333333333333286e+01
1.626666666666666572e+01
1.613333333333333286e+01
1.606666666666666643e+01
1.359999999999999964e+01
1.453333333333333321e+01
1.406666666666666643e+01
1.880000000000000071e+01
2.419999999999999929e+01
1.700000000000000000e+01
1.500000000000000000e+01
1.466666666666666607e+01
1.639999999999999858e+01
1.713333333333333286e+01
1.353333333333333321e+01
1.686666666666666714e+01
1.686666666666666714e+01
1.413333333333333286e+01
1.746666666666666501e+01
1.440000000000000036e+01
1.666666666666666785e+01
1.906666666666666643e+01
1.646666666666666501e+01
1.519999999999999929e+01
1.819999999999999929e+01
1.893333333333333357e+01
1.846666666666666501e+01
1.693333333333333357e+01
2.113333333333333286e+01
1.693333333333333357e+01
2.053333333333333499e+01
2.033333333333333215e+01
2.106666666666666643e+01
1.806666666666666643e+01
1.786666666666666714e+01
1.533333333333333393e+01
1.993333333333333357e+01
1.639999999999999858e+01
1.793333333333333357e+01
1.333333333333333393e+01
1.486666666666666714e+01
1.786666666666666714e+01
1.600000000000000000e+01
1.866666666666666785e+01
1.980000000000000071e+01
1.580000000000000071e+01
1.973333333333333428e+01
1.953333333333333499e+01
2.153333333333333499e+01
1.386666666666666714e+01
1.753333333333333499e+01
1.626666666666666572e+01
1.919999999999999929e+01
1.480000000000000071e+01
1.760000000000000142e+01
1.673333333333333428e+01
2.060000000000000142e+01
2.480000000000000071e+01
1.513333333333333286e+01
1.673333333333333428e+01
1.913333333333333286e+01
1.739999999999999858e+01
1.846666666666666501e+01
2.080000000000000071e+01
1.806666666666666643e+01
2.173333333333333428e+01
1.826666666666666572e+01
1.893333333333333357e+01
2.019999999999999929e+01
1.433333333333333393e+01
1.753333333333333499e+01
1.813333333333333286e+01
1.519999999999999929e+01
1.380000000000000071e+01
1.906666666666666643e+01
1.833333333333333215e+01
1.486666666666666714e+01
1.706666666666666643e+01
2.319999999999999929e+01
1.366666666666666607e+01
1.513333333333333286e+01
1.813333333333333286e+01
1.493333333333333357e+01
1.593333333333333357e+01
1.733333333333333215e+01
1.493333333333333357e+01
1.606666666666666643e+01
1.459999999999999964e+01
1.793333333333333357e+01
1.646666666666666501e+01
1.419999999999999929e+01
1.706666666666666643e+01
1.313333333333333286e+01
1.493333333333333357e+01
1.866666666666666785e+01
1.566666666666666607e+01
1.526666666666666750e+01
1.266666666666666607e+01
1.746666666666666501e+01
1.533333333333333393e+01
1.600000000000000000e+01
1.453333333333333321e+01
1.440000000000000036e+01
1.500000000000000000e+01
2.293333333333333357e+01
1.400000000000000000e+01
1.673333333333333428e+01
1.493333333333333357e+01
2.000000000000000000e+01
1.400000000000000000e+01
1.806666666666666643e+01
1.219999999999999929e+01
1.426666666666666750e+01
1.453333333333333321e+01
1.553333333333333321e+01
1.626666666666666572e+01
1.633333333333333215e+01
1.473333333333333250e+01
1.273333333333333250e+01
1.486666666666666714e+01
1.786666666666666714e+01
1.340000000000000036e+01
1.786666666666666714e+01
1.540000000000000036e+01
1.566666666666666607e+01
2.080000000000000071e+01
1.939999999999999858e+01
2.346666666666666501e+01
1.553333333333333321e+01
1.533333333333333393e+01
1.513333333333333286e+01
1.619999999999999929e+01
1.686666666666666714e+01
2.053333333333333499e+01
1.786666666666666714e+01
1.673333333333333428e+01
2.366666666666666785e+01
2.386666666666666714e+01
1.706666666666666643e+01
1.906666666666666643e+01
1.853333333333333499e+01
2.119999999999999929e+01
2.326666666666666572e+01
1.980000000000000071e+01
1.819999999999999929e+01
1.846666666666666501e+01
2.000000000000000000e+01
2.039999999999999858e+01
2.246666666666666501e+01
1.933333333333333215e+01
2.046666666666666501e+01
2.153333333333333499e+01
2.000000000000000000e+01
2.286666666666666714e+01
2.839999999999999858e+01
2.426666666666666572e+01
2.413333333333333286e+01
2.593333333333333357e+01
3.073333333333333428e+01
2.160000000000000142e+01
2.986666666666666714e+01
3.053333333333333499e+01
2.866666666666666785e+01
2.313333333333333286e+01
3.439999999999999858e+01
3.006666666666666643e+01
3.339999999999999858e+01
3.046666666666666501e+01
3.186666666666666714e+01
3.366666666666666430e+01
3.513333333333333286e+01
2.319999999999999929e+01
3.413333333333333286e+01
2.960000000000000142e+01
3.013333333333333286e+01
3.679999999999999716e+01
3.019999999999999929e+01
2.866666666666666785e+01
2.313333333333333286e+01
3.746666666666666856e+01
3.846666666666666856e+01
2.593333333333333357e+01
3.526666666666666572e+01
3.686666666666666714e+01
2.606666666666666643e+01
2.353333333333333499e+01
3.479999999999999716e+01
3.293333333333333002e+01
3.553333333333333144e+01
3.613333333333333286e+01
3.479999999999999716e+01
3.180000000000000071e+01
3.420000000000000284e+01
4.713333333333333286e+01
2.646666666666666501e+01
4.486666666666666714e+01
4.466666666666666430e+01
3.426666666666666572e+01
3.279999999999999716e+01
3.433333333333333570e+01
3.806666666666666998e+01
4.000000000000000000e+01
4.513333333333333286e+01
2.873333333333333428e+01
3.826666666666666572e+01
4.393333333333333002e+01
2.980000000000000071e+01
3.513333333333333286e+01
4.326666666666666572e+01
3.379999999999999716e+01
2.833333333333333215e+01
4.139999999999999858e+01
3.346666666666666856e+01
3.693333333333333002e+01
4.066666666666666430e+01
5.493333333333333002e+01
3.966666666666666430e+01
2.673333333333333428e+01
2.980000000000000071e+01
5.546666666666666856e+01
4.373333333333333428e+01
4.573333333333333428e+01
4.346666666666666856e+01
3.579999999999999716e+01
3.100000000000000000e+01
4.246666666666666856e+01
3.013333333333333286e+01
3.080000000000000071e+01
7.173333333333333428e+01
4.020000000000000284e+01
2.833333333333333215e+01
4.273333333333333428e+01
5.446666666666666856e+01
4.346666666666666856e+01
3.726666666666666572e+01
3.979999999999999716e+01
3.839999999999999858e+01
4.900000000000000000e+01
4.566666666666666430e+01
5.913333333333333286e+01
5.239999999999999858e+01
4.779999999999999716e+01
3.886666666666666714e+01
3.113333333333333286e+01
7.340000000000000568e+01
5.733333333333333570e+01
4.113333333333333286e+01
4.439999999999999858e+01
5.046666666666666856e+01
4.513333333333333286e+01
6.973333333333333428e+01
4.346666666666666856e+01
3.406666666666666998e+01
5.813333333333333286e+01
6.986666666666666003e+01
6.646666666666666856e+01
6.479999999999999716e+01
5.920000000000000284e+01
6.079999999999999716e+01
6.413333333333333997e+01
7.773333333333333428e+01
7.500000000000000000e+01
7.013333333333333997e+01
5.673333333333333428e+01
7.853333333333333144e+01
7.833333333333332860e+01
5.939999999999999858e+01
8.740000000000000568e+01
5.320000000000000284e+01
4.966666666666666430e+01
7.240000000000000568e+01
1.030666666666666629e+02
9.246666666666666856e+01
6.200000000000000000e+01
1.085333333333333314e+02
9.733333333333332860e+01
1.187999999999999972e+02
1.227333333333333343e+02
9.020000000000000284e+01
6.793333333333333712e+01
9.320000000000000284e+01
1.102666666666666657e+02
1.366666666666666572e+02
1.165333333333333314e+02
1.262000000000000028e+02
1.081333333333333400e+02
1.250000000000000000e+02
1.604666666666666686e+02
1.235999999999999943e+02
1.412666666666666799e+02
1.403333333333333428e+02
1.293333333333333428e+02
1.508666666666666742e+02
1.240000000000000000e+02
1.457333333333333201e+02
1.366666666666666572e+02
1.423333333333333428e+02
1.794666666666666686e+02
1.565333333333333314e+02
1.394000000000000057e+02
1.571333333333333258e+02
1.601999999999999886e+02
1.520000000000000000e+02
1.610666666666666629e+02
1.725999999999999943e+02
1.975333333333333314e+02
2.004000000000000057e+02
1.676666666666666572e+02
1.978000000000000114e+02
1.964666666666666686e+02
1.650000000000000000e+02
1.638666666666666742e+02
1.653333333333333428e+02
1.831333333333333258e+02
1.576666666666666572e+02
2.054000000000000057e+02
2.118000000000000114e+02
1.596666666666666572e+02
1.837333333333333201e+02
1.981333333333333258e+02
1.648666666666666742e+02
1.647333333333333201e+02
1.846666666666666572e+02
1.810666666666666629e+02
1.864000000000000057e+02
1.479333333333333371e+02
2.388000000000000114e+02
1.816666666666666572e+02
1.990666666666666629e+02
1.909333333333333371e+02
1.708666666666666742e+02
1.760000000000000000e+02
2.177333333333333201e+02
1.978000000000000114e+02
2.008666666666666742e+02
1.761333333333333258e+02
1.978666666666666742e+02
1.751333333333333258e+02
2.078000000000000114e+02
1.948000000000000114e+02
1.971999999999999886e+02
2.321999999999999886e+02
2.463333333333333428e+02
2.112666666666666799e+02
2.025999999999999943e+02
1.875333333333333314e+02
2.088000000000000114e+02
1.994000000000000057e+02
2.010000000000000000e+02
2.355333333333333314e+02
2.143333333333333428e+02
2.028666666666666742e+02
2.178000000000000114e+02
2.310000000000000000e+02
2.320000000000000000e+02
2.212666666666666799e+02
2.365333333333333314e+02
2.390666666666666629e+02
2.078666666666666742e+02
2.300666666666666629e+02
2.342666666666666799e+02
2.364666666666666686e+02
2.395999999999999943e+02
2.544000000000000057e+02
2.420000000000000000e+02
2.315333333333333314e+02
2.316666666666666572e+02
2.768000000000000114e+02
2.356666666666666572e+02
2.656000000000000227e+02
2.846000000000000227e+02
2.551999999999999886e+02
2.624666666666666401e+02
2.636666666666666856e+02
2.673999999999999773e+02
2.548666666666666742e+02
2.456666666666666572e+02
2.595333333333333599e+02
2.404000000000000057e+02
2.629333333333333371e+02
2.566666666666666856e+02
2.813999999999999773e+02
2.347333333333333201e+02
2.460666666666666629e+02
2.727333333333333485e+02
2.310666666666666629e+02
2.214000000000000057e+02
2.631333333333333258e+02
2.803999999999999773e+02
2.527333333333333201e+02
2.380666666666666629e+02
2.291999999999999886e+02
2.513333333333333428e+02
2.638000000000000114e+02
2.608000000000000114e+02
2.853333333333333144e+02
2.630666666666666629e+02
2.588000000000000114e+02
2.644666666666666401e+02
2.368666666666666742e+02
2.427333333333333201e+02
2.144000000000000057e+02
2.675333333333333599e+02
2.431999999999999886e+02
2.273333333333333428e+02
2.780000000000000000e+02
2.311999999999999886e+02
2.291999999999999886e+02
2.129333333333333371e+02
2.300000000000000000e+02
2.678000000000000114e+02
2.535333333333333314e+02
2.338000000000000114e+02
2.115333333333333314e+02
2.598666666666666742e+02
2.362666666666666799e+02
2.480666666666666629e+02
2.385333333333333314e+02
2.571999999999999886e+02
2.243333333333333428e+02
2.381999999999999886e+02
2.250666666666666629e+02
2.284666666666666686e+02
2.453333333333333428e+02
2.273333333333333428e+02
2.678000000000000114e+02
2.408000000000000114e+02
2.371333333333333258e+02
2.670666666666666629e+02
2.335999999999999943e+02
2.465333333333333314e+02
2.183333333333333428e+02
2.506666666666666572e+02
2.637333333333333485e+02
2.466666666666666572e+02
2.552666666666666799e+02
2.598666666666666742e+02
2.421333333333333258e+02
2.486666666666666572e+02
2.490666666666666629e+02
2.533333333333333428e+02
2.668000000000000114e+02
2.474000000000000057e+02
2.617333333333333485e+02
2.265333333333333314e+02
2.520000000000000000e+02
2.446666666666666572e+02
2.440000000000000000e+02
2.534666666666666686e+02
2.637333333333333485e+02
2.497333333333333201e+02
2.199333333333333371e+02
2.738666666666666742e+02
2.521999999999999886e+02
2.592666666666666515e+02
2.794666666666666401e+02
2.497333333333333201e+02
2.670000000000000000e+02
2.602666666666666515e+02
2.506666666666666572e+02
2.456666666666666572e+02
2.451333333333333258e+02
2.851999999999999886e+02
2.421999999999999886e+02
2.633333333333333144e+02
2.665333333333333599e+02
2.801999999999999886e+02
2.719333333333333371e+02
2.626000000000000227e+02
2.304666666666666686e+02
2.803999999999999773e+02
2.503333333333333428e+02
2.767333333333333485e+02
2.877333333333333485e+02
2.770666666666666629e+02
2.528000000000000114e+02
2.612666666666666515e+02
3.104666666666666401e+02
2.707333333333333485e+02
2.636000000000000227e+02
2.991999999999999886e+02
2.976666666666666856e+02
3.093333333333333144e+02
2.953999999999999773e+02
3.050666666666666629e+02
2.683333333333333144e+02
2.598000000000000114e+02
3.108666666666666742e+02
2.965333333333333599e+02
3.080000000000000000e+02
3.281999999999999886e+02
2.879333333333333371e+02
2.788666666666666742e+02
2.803999999999999773e+02
3.182666666666666515e+02
2.713333333333333144e+02
2.672666666666666515e+02
3.073333333333333144e+02
2.691333333333333258e+02
3.276000000000000227e+02
2.903333333333333144e+02
2.513333333333333428e+02
3.212666666666666515e+02
2.895333333333333599e+02
2.840666666666666629e+02
2.838000000000000114e+02
2.275333333333333314e+02
2.921999999999999886e+02
3.218000000000000114e+02
3.095333333333333599e+02
3.193999999999999773e+02
2.678666666666666742e+02
2.679333333333333371e+02
2.866000000000000227e+02
2.782666666666666515e+02
3.111333333333333258e+02
3.001999999999999886e+02
3.531333333333333258e+02
2.926666666666666856e+02
2.931999999999999886e+02
3.146000000000000227e+02
3.762666666666666515e+02
3.382666666666666515e+02
3.573333333333333144e+02
3.389333333333333371e+02
3.768000000000000114e+02
3.578666666666666742e+02
3.424666666666666401e+02
3.504666666666666401e+02
3.500000000000000000e+02
3.428000000000000114e+02
3.330000000000000000e+02
3.552666666666666515e+02
3.554666666666666401e+02
3.308666666666666742e+02
3.486000000000000227e+02
3.630000000000000000e+02
3.238666666666666742e+02
3.707333333333333485e+02
3.577333333333333485e+02
3.570666666666666629e+02
3.561999999999999886e+02
3.548000000000000114e+02
3.893999999999999773e+02
3.523999999999999773e+02
3.530000000000000000e+02
3.481999999999999886e+02
3.394666666666666401e+02
3.360000000000000000e+02
3.397333333333333485e+02
3.318000000000000114e+02
3.431333333333333258e+02
3.363333333333333144e+02
3.280666666666666629e+02
3.450000000000000000e+02
3.489333333333333371e+02
3.468666666666666742e+02
3.290000000000000000e+02
3.623333333333333144e+02
3.174666666666666401e+02
3.368000000000000114e+02
3.726000000000000227e+02
3.475333333333333599e+02
3.596666666666666856e+02
3.583999999999999773e+02
3.425333333333333599e+02
3.599333333333333371e+02
3.531999999999999886e+02
3.700000000000000000e+02
3.780000000000000000e+02
3.640000000000000000e+02
3.569333333333333371e+02
3.557333333333333485e+02
3.682666666666666515e+02
3.603999999999999773e+02
3.370666666666666629e+02
3.614666666666666401e+02
3.641999999999999886e+02
