1.269995625539272766e+01
1.724129409940629287e+01
1.755322066048152863e+01
9.957688263626028657e+00
1.394688336351729774e+01
1.236015102388855702e+01
8.659997433923152244e+00
6.308371862497925697e+00
1.518273873698535326e+01
5.781195570314346277e+00
5.393823628311675833e+00
7.749982078832325705e+00
1.312436241837632700e+01
1.764035776911064701e+01
1.121784292990412801e+01
1.042944549500755258e+01
1.496128336741203668e+01
9.878371435728777072e+00
1.026883094071028601e+01
1.068747969458759961e+01
1.036018017861336915e+01
8.820178884555319954e+00
9.127248581399909355e+00
7.727584069782453824e+00
1.252091583444810752e+01
5.362420680584055077e+00
1.240322538697092369e+01
8.554660847878318819e+00
7.587709360098957134e+00
8.267741865561330172e+00
7.570116687784057774e+00
6.999682532483566533e+00
1.447142778796281171e+01
1.303670033235233916e+01
8.950729330929158678e+00
7.169069364677367773e+00
6.717803873952326477e+00
6.769211344183472256e+00
8.452218643646174812e+00
1.037818224289141433e+01
7.752848938723536421e+00
1.502826965717906305e+01
6.191032941996746253e+00
1.292370775831078156e+01
5.810335618533580160e+00
1.236122971228995482e+01
1.013157879547353168e+01
1.059853239316127649e+01
5.462600113499065380e+00
1.066374960112790404e+01
6.916646586316232970e+00
9.364234559689803561e+00
1.078682323742980209e+01
8.225704968099829983e+00
4.744119166575252677e+00
7.852529670254179806e+00
5.438954147832303576e+00
1.132431013351365223e+01
6.302027892318118774e+00
1.033741854730774712e+01
1.066124862397562900e+01
7.144850515503377686e+00
9.060291876583717041e+00
8.278486174013538701e+00
1.183478864290453636e+01
9.994665243685419753e+00
5.246797965320266321e+00
6.326663154196425332e+00
6.876691711054734313e+00
3.895296308797744800e+00
7.692998259600884126e+00
1.083082022132519029e+01
8.195933951254936289e+00
1.030727898138010090e+01
6.571318149520856799e+00
9.653093919683067625e+00
4.558752265941001802e+00
1.383939626171925497e+01
6.347702996622740734e+00
5.817979794472381450e+00
5.734883511361751118e+00
8.840814442120137784e+00
1.123961248837738580e+01
8.926863328677598020e+00
8.174757896516977596e+00
1.081891348005375697e+01
6.499230723708768309e+00
1.082261007746693693e+01
4.773072618578332538e+00
5.369047091120235926e+00
6.458758050550860830e+00
8.526038548665690442e+00
9.989772547738789754e+00
6.323149707402333064e+00
1.879314295753166775e+01
6.823488843692793182e+00
9.398345007972887188e+00
5.329165037789691084e+00
1.017491468705703106e+01
7.056596598612928872e+00
6.536733808936148193e+00
8.696359391530842586e+00
4.611097724210821092e+00
4.394946593026536341e+00
3.295788558482206643e+00
8.543743649920422456e+00
1.238529594137966328e+01
6.433937795437220331e+00
1.079300184790537820e+01
5.744175794276804581e+00
4.543126676640218520e+00
1.027532102769651701e+01
1.459771671643662749e+01
6.406246951218786734e+00
1.056703469390643235e+01
7.011102306738616896e+00
8.452744458984247089e+00
6.671997868371628115e+00
9.193234227167039307e+00
1.032063736188591996e+01
8.584223254837265671e+00
4.388874824168743416e+00
9.457742272280889040e+00
5.830951894845300743e+00
8.774711138012211364e+00
7.498147919467994527e+00
5.495048275998633436e+00
1.095323392123684059e+01
1.242828315666416650e+01
1.784700410588722619e+01
5.732558087121510049e+00
9.100915704843478338e+00
4.077035960378840862e+00
6.799999999999999822e+00
6.053098380168622228e+00
3.081125335544358190e+00
8.860900380636019591e+00
1.042219853112682770e+01
7.347259504211228531e+00
6.018490028422595728e+00
5.701461800860079698e+00
1.038460398859773548e+01
1.161531555987849984e+01
7.154175160158032121e+00
1.467726889520738709e+01
1.138224738597591568e+01
5.920210206478220272e+00
7.228339289829226466e+00
1.450731616193092322e+01
8.245133244661495553e+00
6.271629240742259803e+00
1.625819451504037261e+01
2.409425934394608504e+01
1.152080244118823948e+01
1.217575003393585042e+01
1.402600758907854406e+01
1.061738616086317677e+01
1.120039681836714607e+01
7.624521842931091697e+00
5.737207993053376143e+00
7.978860960201163088e+00
4.951318567367238188e+00
7.788880963698614934e+00
5.996295152471695644e+00
1.229887077020578445e+01
1.054809092785145808e+01
6.173779681488119842e+00
7.666376806114693743e+00
9.185979655008072342e+00
1.027532102769651878e+01
6.823488843692793182e+00
5.688194402053744270e+00
1.331098126443810337e+01
1.624752972676838070e+01
6.564551266715292321e+00
2.164706805910573095e+01
1.670927885936433910e+01
1.367333170810976917e+01
1.075298408194984212e+01
4.317406628984580941e+00
8.638415492567038001e+00
7.906677908929613530e+00
2.533982372998412913e+01
1.947237359269108836e+01
7.487471016452898809e+00
1.281908299719168198e+01
7.408703590297623265e+00
1.116940264989831633e+01
6.005182946607224181e+00
6.897986823865512207e+00
1.120396755122438215e+01
4.850658603621666565e+00
1.118252605133960387e+01
1.107549848389076708e+01
3.630733014450693741e+00
7.921840414673572361e+00
5.690537955432879436e+00
6.417337627258069332e+00
4.063933507767512054e+00
4.995998398718718647e+00
1.842269132226764583e+01
9.318082778483280038e+00
4.205816078823334969e+00
3.571492062927699607e+00
6.282250127674531726e+00
6.907644718393930461e+00
8.543743649920422456e+00
7.072953178599917123e+00
4.964764736509565068e+00
1.084722186655284482e+01
4.639923371014750941e+00
3.464101615137754386e+00
7.370813312578801124e+00
7.970501169242050210e+00
4.129030017920539919e+00
4.115013163202924318e+00
7.764878191789832407e+00
8.506206884126177314e+00
3.025814858109391547e+00
7.752848938723537309e+00
2.264705033528403799e+00
7.418894796396563684e+00
8.420609637470832354e+00
8.896940797575059179e+00
1.438610440668355572e+01
1.283155831880481124e+01
4.007770230717103033e+00
3.997777160150653764e+00
3.936157178433469905e+00
3.201388587611458281e+00
1.084312378114966258e+01
3.511251755270317965e+00
4.102032016777376278e+00
2.792052212182923210e+00
6.169458827338279328e+00
1.008937835327605903e+01
4.814792022738076938e+00
4.787019485604330882e+00
1.022980395163508938e+01
9.319990462560690858e+00
7.493997598078077971e+00
7.445804187594513124e+00
1.219763182844203619e+01
1.090239525160513701e+01
6.884443009826979321e+00
4.756282395129858287e+00
8.507774222569745248e+00
1.284505957773476226e+01
4.977281721314690266e+00
7.855359104882899679e+00
2.261700441899609615e+01
1.707187420551383994e+01
1.403741033413531447e+01
9.058820134113615197e+00
6.526527066944222355e+00
1.836252221842691768e+01
1.180847153530040927e+01
1.213150169325023597e+01
1.573446323626368049e+01
1.522658493848469163e+01
1.046815276074161183e+01
1.094146039409527660e+01
2.310266939843388201e+01
1.038246384802545563e+01
9.987992791347016563e+00
1.419326914029635844e+01
2.627495639070278344e+01
1.024673389698178738e+01
1.466454530112982724e+01
1.204436244334529604e+01
2.044004783643021383e+01
2.190727935844359564e+01
1.515900905585703207e+01
1.725829913082076672e+01
2.001399510342700339e+01
1.543876794163172761e+01
2.219309201831356759e+01
2.021044834292951009e+01
1.188836966675133944e+01
1.696270418693120163e+01
1.046135746449761683e+01
4.256884619844266382e+01
1.250315515735483807e+01
1.222274746346154117e+01
9.115554472073178260e+00
1.051263789710059093e+01
1.391817357111038334e+01
9.011104260855047343e+00
8.708616422830896653e+00
1.254042352642932912e+01
8.623997526282886739e+00
1.064372532945532512e+01
1.237129293521452666e+01
1.666879986348413922e+01
1.826033953682132349e+01
1.056324865854355544e+01
1.392455864052191039e+01
1.369087287209986492e+01
8.298326471176114438e+00
1.336396481421421534e+01
1.347029654049564407e+01
1.934941859591651792e+01
3.129742623425908477e+01
1.325141501878195704e+01
1.636989106052124399e+01
1.172385981189168369e+01
1.372977300127961442e+01
2.110671299215804808e+01
1.289685577529999705e+01
1.463724321342269974e+01
1.545257979180894559e+01
2.180173285671475369e+01
2.933590897783049201e+01
2.549736369814643311e+01
1.499273898332863730e+01
3.739518685606478243e+01
2.291976342712889902e+01
1.856400339965015078e+01
2.931256840788037721e+01
2.604321195415206702e+01
3.671112456281701242e+01
1.661672517542357141e+01
3.299454500368204890e+01
9.548938277223403048e+00
1.389420342764884531e+01
1.460532627350568902e+01
1.330897775521805038e+01
1.103731046144042516e+01
1.782308116522567687e+01
1.574575780611682418e+01
1.261322057736775371e+01
2.122472352915083249e+01
2.467621436840658333e+01
2.531367658445177682e+01
3.685732250479167504e+01
2.544658894407831440e+01
2.279668591898587593e+01
3.867850393521790409e+01
2.240535650240807897e+01
1.021545669833490955e+01
6.167729638115543622e+01
2.843284485707799547e+01
1.473619881636901496e+01
1.504954779682396016e+01
2.783969987066830498e+01
2.246379803644571282e+01
3.491067967765101088e+01
3.419096696822455073e+01
2.232726285657663823e+01
2.637591493937014064e+01
2.332228309769197594e+01
2.855124048676928084e+01
2.448582356294261331e+01
4.098162189730091143e+01
3.494796131393074745e+01
1.842341505319310357e+01
2.646725440153465669e+01
2.422340466023166883e+01
1.838405105882088364e+01
5.507675452392677329e+01
3.186108737769144383e+01
4.814625865238359381e+01
6.554679414145456917e+01
3.937455467120301478e+01
6.085881658030786667e+01
5.609737565658090119e+01
3.233670085556381935e+01
4.708073444154791076e+01
7.036899569807398791e+01
8.353059319794155613e+01
4.179133349817346499e+01
6.212832597848496619e+01
5.318521097698744882e+01
4.386322174923112271e+01
5.068394442249165621e+01
5.079475038492331151e+01
3.925211954645109813e+01
9.075593644495107526e+01
6.095973169961371951e+01
1.323262970421559146e+02
6.355554001553811361e+01
1.035506102777230950e+02
1.036569127244081017e+02
8.293520898200527824e+01
8.313560542203856585e+01
4.777028364998474785e+01
3.515843505555324811e+01
7.168151784107253377e+01
8.519128802615648510e+01
1.309668999743404356e+02
1.136099760877831670e+02
9.330228054852440778e+01
8.113188166326615658e+01
9.236338861018231228e+01
9.105812551454276615e+01
9.757517899320275490e+01
1.182279530774718665e+02
1.223289917485721077e+02
1.053040043556432437e+02
1.439961419236254869e+02
9.745152641185256925e+01
1.079208763657687911e+02
1.320035353061929584e+02
8.656055041928100025e+01
1.270990165186182708e+02
1.041944762877998727e+02
1.160455083146262893e+02
8.009033788305693236e+01
1.108206960213960599e+02
9.581472862886070629e+01
1.180168349572777231e+02
1.128364401344805970e+02
9.186647314928819696e+01
1.015474929938368120e+02
1.304256961730403077e+02
1.075710411258015426e+02
1.230557958362339406e+02
8.548892065967118015e+01
1.283894076627819061e+02
7.628968184201292502e+01
1.456275920131743078e+02
1.104656004776549878e+02
7.279145248966773352e+01
1.319216939450571715e+02
1.164067581085107435e+02
1.237749929868262626e+02
1.174782060166433126e+02
1.193240964767804115e+02
1.183457458278731593e+02
1.379931721338253681e+02
8.101209786198602103e+01
1.442764322018287260e+02
1.042101722482023405e+02
1.314746447883477742e+02
1.303657419212067055e+02
1.034924795979559775e+02
1.179237041480634645e+02
1.349842789200118602e+02
1.082588667141043999e+02
1.251467760493875261e+02
5.782940428536334565e+01
1.333210994387443407e+02
7.327015460305482009e+01
6.978392046564562179e+01
1.112707608593660353e+02
5.832148451090348829e+01
9.554368401707962732e+01
1.057366960373213516e+02
8.950118559115416872e+01
7.943287872299619323e+01
6.345307977815838996e+01
7.870931047567088967e+01
8.333183998661948522e+01
6.657707313082083544e+01
6.348298109642369980e+01
7.862416931198701775e+01
6.506864751083189446e+01
8.670445330098230841e+01
6.872521775560669255e+01
8.536265121364391462e+01
7.387003602423801851e+01
8.148854043497296118e+01
6.645800679125629529e+01
6.655510665773304879e+01
1.042609972883223293e+02
6.091597126826063402e+01
4.407095289290769102e+01
1.004454523056613624e+02
1.001544584906511091e+02
7.786244280781332350e+01
5.978725245029708901e+01
4.924289006772675492e+01
7.641366951592424073e+01
6.440703895279355606e+01
5.951769111411795166e+01
6.675574049389976494e+01
6.714210469014373928e+01
6.281613380865354657e+01
5.334624843625109492e+01
8.747052837003636228e+01
1.023639259374772905e+02
7.177854832747733838e+01
9.470787835350458295e+01
5.539819491644109206e+01
8.904919988410901510e+01
1.194058625026426341e+02
1.098877002519693633e+02
1.291143506956355225e+02
1.356293314720512626e+02
1.098847881495280774e+02
1.224393546028218651e+02
1.263745755020895558e+02
1.411197442678459026e+02
1.457189989900653302e+02
1.265169290385019281e+02
8.383035780007674020e+01
8.759056265755270942e+01
9.553791568447228144e+01
1.238153463832331198e+02
9.961204746414964006e+01
8.024252128530248740e+01
1.264609557663286523e+02
1.318703740631517007e+02
1.679288738325445536e+02
1.572765999406424555e+02
1.412023921736298462e+02
1.113724482186784996e+02
1.547215419893285286e+02
1.378744356289446387e+02
1.366353785323064471e+02
1.261331923889276112e+02
8.483489847934045258e+01
1.095985806882958258e+02
7.006745955783532054e+01
1.149143449124897671e+02
1.102985040696382129e+02
1.283709209024120526e+02
1.120185698891036594e+02
1.186770781949441584e+02
1.267434153450716110e+02
9.843228919188841530e+01
1.373717422017918466e+02
1.239995698917271767e+02
1.142458557478368846e+02
1.315507506630045782e+02
1.119842052354805304e+02
1.003749415386573816e+02
1.009962375536831587e+02
1.023963975060755018e+02
9.738423326642198674e+01
1.197246099272084621e+02
5.287452652795630570e+01
1.042757881773137285e+02
9.885050441056041848e+01
1.067523405936479861e+02
1.094598049006524150e+02
1.128045310358685072e+02
6.465484428013796503e+01
1.410176348310144476e+02
9.291300590695936990e+01
1.389956673985040254e+02
9.751763373302742366e+01
1.200826752237344550e+02
1.090030376742878815e+02
1.080225079426608374e+02
1.182031020461533188e+02
1.298608828280821683e+02
7.964995640648874087e+01
1.115155395250166777e+02
9.915568006367003306e+01
7.446383163806588357e+01
9.533272727080080244e+01
9.452383591219495429e+01
9.433660771702338366e+01
6.675713861120438253e+01
8.068330406940182797e+01
5.874101349710154807e+01
1.060067922352148173e+02
1.306525502578839735e+02
5.634867641154789197e+01
1.234815325823618508e+02
1.334676989637067948e+02
7.007805172329874210e+01
1.031502894917034325e+02
8.972317921746245872e+01
1.019056208241505885e+02
1.109379406094536478e+02
9.703827423582237088e+01
8.786641375785555397e+01
1.047936384837680208e+02
1.405948631905005186e+02
1.169184711193611577e+02
1.466835444834294435e+02
1.294821480616793963e+02
1.322691532024337278e+02
9.964902853961440599e+01
1.363545378782825708e+02
1.254840583057819714e+02
1.191463339297054915e+02
1.376828239106098408e+02
1.093364633698301986e+02
1.261197667122626598e+02
1.240601287906616506e+02
1.483948187175759301e+02
1.149917098461160094e+02
1.052916373169725546e+02
1.209095897308765615e+02
1.186180424724670530e+02
1.168946344173057241e+02
1.280780317705664402e+02
1.431071704081322764e+02
1.294313031002246532e+02
1.336679800434228582e+02
1.208563150558914430e+02
1.234222022166190413e+02
1.422255798214778224e+02
1.263237463380851864e+02
1.212069671631498693e+02
1.140689070498861071e+02
1.076140428671938025e+02
6.175075348168275724e+01
1.400589399740932777e+02
1.225397169175048475e+02
1.156655331356560907e+02
1.368329719849065498e+02
1.185744210752611423e+02
1.434000774833201319e+02
1.344844311517962296e+02
1.273292145930732033e+02
1.147343986005165988e+02
1.385293550920605981e+02
1.610436241795646879e+02
1.440506700975582248e+02
1.627434791320377201e+02
1.473828875940336331e+02
1.629898429009884353e+02
1.440340083298231093e+02
1.507872084171008851e+02
1.451469140790346444e+02
1.216560543316918341e+02
1.651895342393767407e+02
1.461190686468478077e+02
1.098435250708934632e+02
1.101347457536549541e+02
1.245652707084389021e+02
1.532661302005980417e+02
1.275151581403385563e+02
1.215934208746509455e+02
1.007303110069434666e+02
1.368675596658641780e+02
1.433307906751217047e+02
1.189183847107848351e+02
1.225756183840090756e+02
1.279702048655597650e+02
1.261706076002736268e+02
1.275099298965465806e+02
1.186986099328884450e+02
1.599497698932039498e+02
1.537815189011851089e+02
1.359467869752311913e+02
1.254030657076966548e+02
1.177725868877058417e+02
1.259772466228194219e+02
1.325440639519133583e+02
1.025071488021960135e+02
1.314056653607023293e+02
1.339981094393996841e+02
1.073585063648376519e+02
1.021700978216664453e+02
1.056686645447299355e+02
8.689211701874917537e+01
1.009025051996012650e+02
1.629496718485666520e+02
1.180551660124292113e+02
8.768539723858751245e+01
1.111680209812555944e+02
8.357261646150742251e+01
8.574354527050742547e+01
1.056684542435547485e+02
9.089588671783901930e+01
1.309981509623535203e+02
1.372867882289560271e+02
1.385721793466815939e+02
1.345133781037740732e+02
1.157100975138586136e+02
1.237037680194997904e+02
1.275883310582210726e+02
1.419635947073129785e+02
1.350450788934322190e+02
1.137583403535758606e+02
1.278427158660203133e+02
1.236994565693623258e+02
1.307224370777853721e+02
1.043486889658365158e+02
1.181415347040244939e+02
1.134167536125064686e+02
1.063337304067821378e+02
1.075614553019187554e+02
1.193514697577425636e+02
1.233228103618935450e+02
1.275086750861376572e+02
1.212427134122111170e+02
1.340780204043733477e+02
1.437548221413420606e+02
1.204377939943364311e+02
1.413881025954997313e+02
1.311400608340393887e+02
1.098349468773739517e+02
1.099702181906032621e+02
1.056723657769091886e+02
1.000341275098986671e+02
1.165386726465606415e+02
1.246603206940988002e+02
1.411823722078015919e+02
1.369160326623584183e+02
1.256640318026160088e+02
1.423918536995708735e+02
1.464175763583958201e+02
1.405168870832098946e+02
1.238811258155710107e+02
