8.352245207128440541e+00
1.063871337250055937e+01
8.535937102756921746e+00
1.402474004512501793e+01
7.847434117099819417e+00
1.420547625233154854e+01
1.257758146686220435e+01
5.694441734416699319e+00
8.585776351359006853e+00
7.496369491664318652e+00
7.422488351848949506e+00
1.411791611944041769e+01
9.837795597704914741e+00
4.883532419149982928e+00
6.117370531709046766e+00
1.198999582985749157e+01
9.560102277463121467e+00
1.000533191186912418e+01
1.057796451749264222e+01
8.389411315594331953e+00
5.274677451960663177e+00
1.205985074534506829e+01
1.435115171529991152e+01
7.328483244619357961e+00
5.262023269512297041e+00
6.699917080747260556e+00
4.529410067056808487e+00
7.464285334548481643e+00
7.106804251326095390e+00
7.570703768841807069e+00
1.195918986479528279e+01
8.742234649485602915e+00
6.291440393282146992e+00
8.255906976220117599e+00
6.423567717571149416e+00
8.007218965131125188e+00
7.481532819772518828e+00
7.931372306648241555e+00
8.412688828985256606e+00
1.256379277483073054e+01
6.633249580710799620e+00
6.291440393282146104e+00
1.558546331254437511e+01
4.455209185760965696e+00
5.524088662897759683e+00
8.777749648337488608e+00
8.698403429493382077e+00
8.797474385046855971e+00
8.223543437391612088e+00
1.356564287701348093e+01
8.582669877271419168e+00
6.520395352703359571e+00
1.445298892578586525e+01
6.203941399536982537e+00
8.259674462242578841e+00
4.716872787015660151e+00
1.115227928870745799e+01
8.096638534327412984e+00
8.127867015535024109e+00
8.684596837057101837e+00
5.264556539306568972e+00
8.869423130433380820e+00
1.018408344209509941e+01
8.496796782055902497e+00
6.356099432828281159e+00
4.214261501141096211e+00
1.165046494065079408e+01
5.748816303282693774e+00
6.075085733277076017e+00
8.521867296679891624e+00
6.294971538193534499e+00
9.895902631336310762e+00
1.278784144759735852e+01
1.375919894309096492e+01
6.354700797222653463e+00
1.508847978499564668e+01
8.585776351359005076e+00
7.261466028901386593e+00
8.830754340497884769e+00
9.625429283356087495e+00
1.124396134227909450e+01
9.707728879609277328e+00
8.981462390204987045e+00
6.009621914526367625e+00
1.167256993506095419e+01
1.215273174594456584e+01
4.978174587358524583e+00
6.829999186595038907e+00
1.108632791625192304e+01
6.316116950574405919e+00
1.726216157444432753e+01
1.030727898138010090e+01
1.244115035767280730e+01
4.962078417580904954e+00
9.269783648440178325e+00
9.849985899595097294e+00
9.653093919683067625e+00
5.629288488689213388e+00
3.422799374131582972e+00
6.493073232299169995e+00
4.630334761116090547e+00
1.027618606293210313e+01
6.475252032846975148e+00
7.463689882803723030e+00
9.910712498212337351e+00
9.810651807545148984e+00
7.056596598612928872e+00
1.392583530309363304e+01
5.092041721047549707e+00
8.845840202540902197e+00
6.820231341791533453e+00
3.073904502239600767e+00
8.777749648337486832e+00
3.108411527166604404e+00
6.162971866090434681e+00
3.065217048686039725e+00
5.228129047119374206e+00
6.169458827338279328e+00
1.032020671627592279e+01
3.910100879630714399e+00
8.179649544244952608e+00
5.374838498865699421e+00
1.329059818066891729e+01
4.195235392680606523e+00
7.657675887630658984e+00
7.614022152143592237e+00
4.029888335921977038e+00
8.875935005520387833e+00
1.241969761664465111e+01
4.082482904638630394e+00
1.030124048624997180e+01
1.239067749918820560e+01
1.439660453795346307e+01
2.669997919266771547e+00
4.470147897130721582e+00
1.160153246582344977e+01
7.855924869520809928e+00
6.826093725957441904e+00
4.090096440047457982e+00
1.208010301648495322e+01
8.301003955345803931e+00
7.578918128598567172e+00
5.817979794472381450e+00
9.257789512981307922e+00
6.082397188243756858e+00
7.243080989621904386e+00
1.094755173035911788e+01
7.255342858886821844e+00
1.205800794308726331e+01
9.258269576738166862e+00
6.794115100585211842e+00
4.082482904638630394e+00
8.669230390037835576e+00
1.113233528460622956e+01
1.045540795739485063e+01
9.419601312629366063e+00
1.545660592325063654e+01
7.218494764607553904e+00
1.054809092785145630e+01
8.585776351359005076e+00
9.594906055935211953e+00
8.647157529115178320e+00
6.829999186595038907e+00
7.864406454964600002e+00
1.405449710551355480e+01
9.112628599915613137e+00
9.644802860723602933e+00
9.951884243699781862e+00
1.572966058827151770e+01
1.060314418777122292e+01
7.263301973314585602e+00
1.175225746635749857e+01
1.265367755063940258e+01
1.301520478346597187e+01
9.134549797335390409e+00
1.093130062404896741e+01
1.676027048309980572e+01
8.812617217502539901e+00
9.097985124923722466e+00
1.045285713201047351e+01
1.517366139071252817e+01
1.092682733255886873e+01
1.316966210652346092e+01
9.110189655301120126e+00
1.150574735609218102e+01
8.228946199578386356e+00
1.600361070369919858e+01
1.376210578202171497e+01
9.400709193105237560e+00
1.486382633554810262e+01
1.634543769170264227e+01
7.383465010112498561e+00
9.095542253702571855e+00
1.114629983447421857e+01
4.688520259337931151e+00
1.606846462968865907e+01
1.047451934723286193e+01
7.116803277377342418e+00
1.217209924376235186e+01
8.347987115999215391e+00
7.721830525637471077e+00
1.357775959264102994e+01
1.632503190400149151e+01
1.182577223224297036e+01
1.285197779850764022e+01
1.051136950586786689e+01
9.694442852594583826e+00
1.006423811765644238e+01
3.518838192105772311e+00
6.095535707019980265e+00
6.413180871368660441e+00
7.049034606872695008e+00
6.433937795437220331e+00
8.023853327561653259e+00
8.132240363721017218e+00
5.543364401596641677e+00
3.134042472944842839e+00
7.419493843173460945e+00
3.612324582438417586e+00
7.858753081755400771e+00
6.523802572120035670e+00
5.588082557252234572e+00
6.971051251823898731e+00
4.296768811819204892e+00
5.402057221302104750e+00
4.095526014242044432e+00
4.348179695765421293e+00
6.607739569794063073e+00
5.690537955432880324e+00
6.119549729260223891e+00
6.396526835365857977e+00
5.953150426454885569e+00
8.522910301065007133e+00
5.817979794472380561e+00
8.081803979035594665e+00
1.005893743007790064e+01
7.069810621383165739e+00
9.212069377844599671e+00
7.361763073853678563e+00
6.677990383008615360e+00
9.996443812120833883e+00
9.178719349064381916e+00
1.076207332358510804e+01
7.319380665967124777e+00
8.427468316298924123e+00
8.325596408399555060e+00
4.516635916254485572e+00
6.073622386096198866e+00
6.987608079068736266e+00
5.638754787677466851e+00
1.568523722060545111e+01
5.626919425602451064e+00
1.019149972607891819e+01
1.721807835451512503e+01
8.144254962173574697e+00
1.667812939151150786e+01
1.030771016709767807e+01
5.678810517079161180e+00
1.473619881636901496e+01
9.421960164070602772e+00
9.627737705885705211e+00
1.121823911712033883e+01
8.565045242145544080e+00
1.939828171084576169e+01
2.058370445009568428e+01
1.849492422861532503e+01
1.338091509908380061e+01
1.437992427734660161e+01
7.607014306984486218e+00
1.378340386922701555e+01
1.425856467764784341e+01
7.813378839457925551e+00
2.332342646830054278e+01
1.003239198241819530e+01
1.123011823426430134e+01
1.140643093463799929e+01
5.748816303282692886e+00
1.263575174741187368e+01
1.028180701800785357e+01
1.022980395163508938e+01
9.110189655301120126e+00
1.766528296468024806e+01
8.028836915906451210e+00
1.204325537385967770e+01
8.762039336440651027e+00
1.132548748031035935e+01
1.629587541544042040e+01
2.362446942378930004e+01
1.552632173654361303e+01
1.618092155046251435e+01
1.556691648621809954e+01
1.975134313295061972e+01
1.509289752020981368e+01
1.242148676018025455e+01
9.464318957713404146e+00
1.497316117443325645e+01
2.568233288122833713e+01
3.632899056615192990e+01
1.438919347596969622e+01
1.212637162917617850e+01
2.182190540616367969e+01
1.133999804036823988e+01
1.721575505815014395e+01
2.801539259446888863e+01
2.742861441795572475e+01
1.813823463172630568e+01
2.331008365493354617e+01
3.263917210279016246e+01
2.072186177821760467e+01
2.764456948882044429e+01
2.037274868271065742e+01
2.249444375840398536e+01
3.024668944235422074e+01
2.730518876208940071e+01
2.375149118125709080e+01
1.376565775156906035e+01
1.611707169432462194e+01
3.561173339723237063e+01
1.750225382311914757e+01
1.683118798210301392e+01
1.469330913488630230e+01
2.698345171890851191e+01
1.730073858410546705e+01
1.529793014321436395e+01
3.339500960722524781e+01
1.474433978025315106e+01
1.520876940014104584e+01
1.890138148978063981e+01
2.227963694098766467e+01
2.003929473143536910e+01
3.371422383637044362e+01
2.206314171241761812e+01
4.090835285529513499e+01
2.428222944185040433e+01
4.335568654231593655e+01
2.113911592811350815e+01
2.084183826398770734e+01
3.202054895774829646e+01
3.941990472957651548e+01
4.017439759625802509e+01
2.200848321291890386e+01
4.550672721941474208e+01
3.492277194038296528e+01
3.370618143110647225e+01
3.764016766995362673e+01
2.991053326171233806e+01
2.880385776631703720e+01
3.631320543395871425e+01
2.077177572251988735e+01
4.053442980973088794e+01
4.740951615680360476e+01
2.990473764026919667e+01
3.554315061380400209e+01
3.208211686005495267e+01
3.331839665343390777e+01
4.429065615027872127e+01
3.765079311544740648e+01
2.645919289942323260e+01
1.923006904708237030e+01
3.162586845535716762e+01
3.986588627998741430e+01
3.532641441691409057e+01
3.547856943126215157e+01
4.983635442347505773e+01
2.604781927319231372e+01
3.317321543387408411e+01
4.265812414482797266e+01
4.295061763881347616e+01
2.001821392854239789e+01
3.691575995876738858e+01
3.961312913668901103e+01
2.227464926772136522e+01
6.209118742265729907e+01
2.437722069656195956e+01
4.554245882202184248e+01
9.377931541656721492e+01
7.245271254794781157e+01
3.363305252608246576e+01
6.002088525394028551e+01
9.034870717884616909e+01
5.491795901362524290e+01
4.430079006067499137e+01
7.269589626198532528e+01
7.947550286443966172e+01
6.414961678243551546e+01
9.960432833076191628e+01
1.158371654042384193e+02
6.387327731967067024e+01
5.967519492124754521e+01
7.598578814488931243e+01
1.058918945591839531e+02
7.922934361011006388e+01
8.659520130404969507e+01
1.155073831214072584e+02
1.193106868641698810e+02
1.213301098472904016e+02
9.318240177200843277e+01
1.119945633601123660e+02
7.895624667427453858e+01
8.049530006983844999e+01
9.398827350023807981e+01
7.203856991609116278e+01
1.166048598186770846e+02
1.177079247780520319e+02
1.102074810931131452e+02
9.815217210479292476e+01
1.216140342778469545e+02
1.230648609473882260e+02
9.866472971071725340e+01
1.268068347264189555e+02
9.878114979871186563e+01
1.258762355119768728e+02
8.659535527703293667e+01
1.255698831549809000e+02
1.233706970430534966e+02
1.228904480511899777e+02
7.238950200132613588e+01
1.000692204870652944e+02
1.359706831146577031e+02
1.173226131466374795e+02
1.175516151408487531e+02
1.099251058170465853e+02
7.821974743559896126e+01
1.136272658984433832e+02
9.196583906840385225e+01
1.008735181634241798e+02
1.107042104990691911e+02
9.083097856274953585e+01
8.530640200021463215e+01
9.090204740390736049e+01
9.303318404383101381e+01
1.094573686672375459e+02
1.157985991087783191e+02
9.540174701405280189e+01
8.710147338975768605e+01
7.195356527341473907e+01
1.210479060354021783e+02
9.903633452201042076e+01
1.063606861371040253e+02
1.135690489917428607e+02
9.477669662011977891e+01
8.094184469248412483e+01
7.669755899346181138e+01
1.051518690064782078e+02
9.137016289066505692e+01
1.225095733220696275e+02
1.167605336670838625e+02
1.143780087643113603e+02
1.125591202682197576e+02
1.401693578814174828e+02
9.539871883602815217e+01
1.177555660397135142e+02
9.710942281776777918e+01
7.831804106050888947e+01
6.965196017023178854e+01
1.148615785292115135e+02
7.397879576082746667e+01
1.234162964207815634e+02
9.711724872544526477e+01
1.119374031422125739e+02
6.112588104341183026e+01
1.026883959689051977e+02
1.195365866818839606e+02
8.111610334712966619e+01
9.712182498742950543e+01
9.514933292228357686e+01
9.600587944958834896e+01
9.963096350477039209e+01
9.737912165004021858e+01
7.088036869731044476e+01
1.375282758805136325e+02
9.526934915747501975e+01
7.202209537511541271e+01
9.969486780505137347e+01
5.650423779584049555e+01
7.961797675288052289e+01
7.854748033302320209e+01
6.366774868190505288e+01
9.059246964044835693e+01
7.219030405809355955e+01
7.577580968444567588e+01
9.717123488403801446e+01
6.367675312772227869e+01
8.277439217535820148e+01
8.304734927872304695e+01
7.880456839549343329e+01
8.118111438834363014e+01
7.137039535643145882e+01
1.094412881665578396e+02
6.080073098975775991e+01
4.235039026450117206e+01
6.028134039651075682e+01
4.857662903999091242e+01
6.343836904166646917e+01
5.978517095958383720e+01
6.952026083572087600e+01
5.092198826527582867e+01
6.070057660352164675e+01
6.841098027526152237e+01
6.015535443056309362e+01
6.785540181559279915e+01
1.040179471693867583e+02
5.186238199954439665e+01
5.441543898564082582e+01
7.812451599850074047e+01
9.601560058425690158e+01
6.880568451968356669e+01
8.030646853702937449e+01
7.315450924052612436e+01
7.826609880543568920e+01
7.130915478082428649e+01
7.781248114680718686e+01
8.117815798189394627e+01
7.497003845981851100e+01
9.325067768594976769e+01
5.897848948745824771e+01
5.416255369000082709e+01
7.834016991443293421e+01
8.716895471821757724e+01
9.207011820708534344e+01
8.183739976318896936e+01
1.145188194141032767e+02
7.587521920158707189e+01
1.075282701845839597e+02
9.927770254302937758e+01
7.756992544364945275e+01
9.358618131611810043e+01
9.445808006141606938e+01
1.009152779976021890e+02
8.707044402219517565e+01
9.080445412472280964e+01
8.728894546275604682e+01
9.874411374861794854e+01
8.970915969583782612e+01
1.096924184557285855e+02
9.515143485810162360e+01
1.146597672342928718e+02
9.878596391525805132e+01
1.013040308510311291e+02
9.811612167902548265e+01
1.040155116637257322e+02
1.180549024818537731e+02
9.874402372914637738e+01
8.856595784435964447e+01
8.828876863263337782e+01
1.048826645987473682e+02
7.453452592963581935e+01
9.674695516311267340e+01
1.068661468068037550e+02
1.046995701996908821e+02
1.142679891016435647e+02
1.075378176374349835e+02
7.619052142855800014e+01
8.353697784015571415e+01
8.125531777469501549e+01
9.327984181423599352e+01
9.749270058146234419e+01
1.018891336480762959e+02
7.363918039256607528e+01
9.201222141046747538e+01
1.142174534240133710e+02
8.796625615667760201e+01
9.450065255506615358e+01
8.555169976881425953e+01
9.707486229137226985e+01
8.179877749697729428e+01
9.853107800756740176e+01
8.704772637275867453e+01
9.155651563682158667e+01
1.007160143947106121e+02
7.889543008875033081e+01
9.094921659915492285e+01
8.688817845688535613e+01
1.022166761780527082e+02
8.902449101230514827e+01
9.065058680940178704e+01
1.085804156681427770e+02
8.083876957664971030e+01
7.784383226834495417e+01
7.569400387231621607e+01
7.884826497069475693e+01
7.364642255775603985e+01
8.530509949586834750e+01
7.824786827057262428e+01
9.132832103034755278e+01
9.188650003612549710e+01
1.058760281335361242e+02
7.976755118606952522e+01
9.069411349267505784e+01
8.916999993769702826e+01
1.176377490434086894e+02
1.068960034592292629e+02
9.464445748871580122e+01
1.041234310272615176e+02
9.415929764677163405e+01
9.239514176742315499e+01
9.871687911508459479e+01
9.035033050422241274e+01
9.985447188561740006e+01
1.046406337051827222e+02
9.173415697304660910e+01
1.051623929401042545e+02
1.075228141166122811e+02
1.047732790362122728e+02
7.695181753683418435e+01
7.895331954178155343e+01
1.106404386590484847e+02
9.746922021278763282e+01
8.519833070873839631e+01
9.720617264351066922e+01
1.000132435674840394e+02
8.673305149838913053e+01
5.617409446434263032e+01
7.835974022984564158e+01
9.367024904181451461e+01
9.981970413366958894e+01
9.218951494973094896e+01
9.098410117524196039e+01
9.768921241479131368e+01
9.043023093339232332e+01
9.914330817334852952e+01
8.789195387267002957e+01
8.022257925436095150e+01
8.622348223592508987e+01
8.961805373670840424e+01
9.048255817191142114e+01
1.212667582920672800e+02
9.737793498643428336e+01
1.015636417884536797e+02
8.565527810162468825e+01
1.151822903054111009e+02
8.441563836162112011e+01
1.050767761633791650e+02
9.908976850423167093e+01
8.087427828975593513e+01
9.140143446479504519e+01
9.417676052095984573e+01
1.084364432385266923e+02
9.689903106957376622e+01
1.069971131490108149e+02
7.894425600102616158e+01
8.338542371954999055e+01
1.030694264399810578e+02
1.158241195376276806e+02
1.139221176457358951e+02
1.055003738803274871e+02
9.573797574630455642e+01
1.101250602219535182e+02
9.455664968684116900e+01
1.091713434112735541e+02
9.238677153984521340e+01
1.072497397044238312e+02
1.111280742606875691e+02
1.097954866508131460e+02
1.184159148463114661e+02
1.099717943636255910e+02
9.219288957880041835e+01
1.151785087978173436e+02
1.114879166347436836e+02
9.538357650385451336e+01
1.102454634995119562e+02
1.007455320211384020e+02
9.195955632776835387e+01
1.080982269358136421e+02
1.092934073441252281e+02
1.258483037452454312e+02
1.131909694081447242e+02
9.313564778799194244e+01
1.008830786383700513e+02
1.031566230975446814e+02
1.071439322697380874e+02
1.023379152068718270e+02
9.780061349500830659e+01
9.835816635586945722e+01
1.131717279182393554e+02
9.920497299362904187e+01
1.037705588733571744e+02
1.042413012624501363e+02
9.592251502587330947e+01
1.133900642325714045e+02
1.123371117069807212e+02
1.076367140998935383e+02
1.047731941969043135e+02
1.063358620388980427e+02
1.185702604646994445e+02
1.022883940413356640e+02
1.059880496408282227e+02
8.950803812445499830e+01
1.178010752639097660e+02
1.141804809160577321e+02
9.903970023289762992e+01
1.130048966490685700e+02
9.924327013287432919e+01
1.028218307991493106e+02
1.094102168700691209e+02
1.117454647352136874e+02
7.671610000514885996e+01
1.069226927374269849e+02
9.664744636506900122e+01
9.821844135508474949e+01
