1.346930667191976028e+01
1.226920263641176234e+01
1.294432522596506629e+01
7.997221739801614326e+00
7.352701695446525854e+00
1.385159437273076755e+01
1.485245957932744432e+01
9.698568050089777515e+00
1.038246384802545563e+01
9.470421790442539844e+00
6.661331198291624567e+00
5.623759122390170617e+00
8.251599171608427596e+00
7.404503134354571081e+00
1.445852305351030509e+01
1.568807048542157645e+01
1.417133256495897342e+01
1.516340624295507311e+01
9.737898472805447625e+00
8.081803979035594665e+00
6.233957188032512420e+00
7.747687827130534721e+00
1.191339115822564132e+01
8.086751854456494470e+00
7.307226255943874982e+00
5.418486873657626823e+00
6.477310827461929321e+00
1.085459452131779123e+01
1.314466516204281987e+01
9.140872800534726395e+00
7.578918128598567172e+00
4.410089442277659977e+00
4.894441291460706722e+00
8.146983081689400663e+00
1.289444324764224525e+01
5.434049032617289221e+00
9.941160227391300452e+00
6.290733926445572166e+00
1.436600926570153014e+01
1.536865496898006356e+01
6.886379471262256580e+00
1.074967699773139884e+01
6.386096007908292016e+00
8.565045242145542304e+00
1.583442101527204215e+01
1.504570813665256956e+01
6.184568609764864000e+00
8.152436581919678460e+00
7.259017380701973110e+00
6.308371862497926585e+00
4.296768811819205780e+00
9.851339446435133596e+00
5.709251750935103509e+00
1.111755368774983666e+01
8.535937102756919970e+00
1.494374636948698765e+01
6.214677966091422867e+00
6.173779681488120730e+00
1.133647015413332149e+01
7.953755227703592112e+00
1.433348837125453379e+01
1.056955796405675585e+01
8.965613321029534788e+00
3.518838192105772311e+00
4.909854037205859001e+00
4.805552344250693331e+00
1.622343983253859889e+01
9.139414034219530691e+00
8.785341326449543686e+00
7.298097164482137522e+00
1.356695331392506176e+01
8.269354401779031249e+00
1.031805321861746272e+01
7.310874700669467430e+00
1.348315821888757604e+01
9.622658445333886590e+00
5.915704147061072504e+00
1.674859861467686173e+01
9.294203689516505662e+00
1.162105369099071339e+01
8.850360946813914609e+00
5.985166849990250171e+00
3.442221504913489216e+00
8.015540461434206065e+00
7.088645067210579853e+00
4.894441291460706722e+00
8.290288830245232887e+00
6.813711665947324470e+00
9.877021593352703022e+00
6.427026269330681885e+00
8.684596837057101837e+00
4.378736499646140423e+00
5.953150426454887345e+00
5.931460378542726453e+00
3.383620677453205605e+00
8.578008056782310931e+00
1.353612450691358760e+01
4.773072618578332538e+00
8.003887944132040744e+00
6.342099196813482997e+00
1.292989645056070103e+01
3.974362282877034858e+00
1.131645802458623606e+01
6.236095644623236289e+00
5.847696602556903933e+00
1.005230763998440935e+01
8.546864272286585518e+00
8.296183861671984516e+00
3.667272677193350816e+00
7.483314773547882659e+00
6.790189000805991526e+00
5.962847939999438296e+00
1.245507482470052807e+01
4.538232646698002526e+00
5.364906543661522420e+00
1.435486754457254577e+01
7.282856582413249846e+00
7.561305002004172771e+00
5.251877970994968337e+00
1.012236248225789659e+01
1.287271015235978311e+01
6.238233368154444847e+00
5.438136935875496292e+00
4.419150245113747211e+00
3.549021774454977241e+00
1.237991204420379709e+01
9.064215354899729959e+00
8.392059739221753745e+00
5.760401220594119742e+00
7.931932649459119133e+00
8.560892995995738275e+00
2.157302842800601184e+01
7.044619696382953933e+00
9.032287762367971595e+00
8.460627767619978812e+00
5.274677451960661401e+00
5.887840577551897603e+00
7.886415887813395642e+00
6.799999999999999822e+00
6.673330003329172477e+00
4.905325903772574492e+00
4.650448007092077063e+00
6.413180871368660441e+00
9.739723929466492791e+00
1.077321782116291615e+01
5.893122168162550523e+00
7.838934167913956585e+00
1.242291788948509890e+01
8.650240844431250409e+00
9.553126306200615758e+00
9.291334074764984408e+00
6.060436361260538973e+00
9.871620378078205249e+00
9.520971005569174750e+00
4.951318567367237300e+00
6.587530307752333947e+00
7.198765326236314266e+00
7.869491018413381944e+00
3.879289740260308150e+00
4.688520259337931151e+00
8.228946199578386356e+00
5.790413533495590848e+00
1.032451236405650086e+01
7.784314713290794607e+00
4.702717890279572543e+00
7.077350414448114080e+00
1.404215874508696160e+01
8.193222131059849644e+00
1.422611057957241520e+01
7.001587121661931867e+00
7.531858262665920734e+00
6.225396015962002316e+00
4.756282395129858287e+00
1.130113072022244758e+01
1.440462888565107313e+01
9.236642006462931320e+00
7.915105109149775942e+00
1.167599626965034965e+01
1.101796512771553260e+01
9.136009340333812290e+00
1.291923630353848118e+01
9.017020941900193876e+00
9.051457832243869461e+00
9.885117882734405725e+00
1.149763260656538577e+01
1.682405684990659012e+01
9.732876701617506399e+00
1.603939594318384110e+01
1.163252146164173517e+01
4.440220214759122541e+00
1.029994606242619604e+01
5.787342510456188194e+00
1.019062750221442037e+01
8.507774222569743472e+00
1.316966210652346270e+01
1.231512168929817008e+01
8.131147247194308036e+00
4.905325903772573604e+00
1.846510222013406732e+01
8.818163074019441439e+00
8.081254028099023046e+00
7.739078325830107019e+00
8.872930118562237567e+00
1.107068200247843670e+01
4.449219656923621535e+00
1.327386739257084791e+01
7.926327438774319667e+00
1.026753243102850810e+01
6.136955452194697180e+00
6.739601043253393264e+00
1.066749996745045870e+01
5.144144459696113891e+00
6.287200401521243265e+00
8.493134482235245031e+00
4.636090306856989862e+00
5.101633725255730667e+00
4.910759162854105853e+00
6.255308856394614203e+00
6.131883886702357067e+00
9.828303798497255883e+00
5.801915392542555061e+00
1.337759320655251472e+01
8.938307073116996904e+00
8.616779496359930235e+00
7.561892767172926355e+00
1.054640539077967887e+01
6.637938100210202030e+00
1.522045407411428819e+01
7.704544113703288843e+00
1.734614910834358525e+01
6.651315659326355600e+00
1.130309692075583428e+01
1.024933602185472914e+01
3.303869784897031092e+00
9.855398971573341882e+00
5.246797965320267210e+00
3.781651608608186876e+01
5.724799850940933688e+00
7.180219742846005282e+00
1.525108375019806850e+01
1.849396297894712049e+01
1.043370606362965347e+01
1.302237390886247859e+01
2.110671299215804808e+01
7.013003794539272029e+00
6.106462878695725571e+00
1.686495379971930575e+01
1.432573441980084894e+01
7.310874700669468318e+00
7.129282338823920817e+00
8.452744458984245313e+00
1.311928182316225566e+01
1.459162621353615918e+01
7.973846137355686814e+00
2.659774426525677882e+01
1.033870827951388272e+01
1.175225746635749680e+01
2.908424544892532637e+01
1.661110739502002076e+01
4.763640064768397764e+01
2.724130850177518681e+01
1.325577442307900711e+01
1.895139983102977865e+01
1.147170431975998994e+01
1.022067621159295925e+01
9.258269576738168638e+00
1.573389829494126246e+01
1.736612283217593244e+01
9.894105989594679684e+00
1.013114011353115274e+01
1.247646673630889147e+01
5.760401220594119742e+00
1.730073858410546705e+01
1.650777594549510141e+01
3.435863145638305127e+01
1.689444353100220297e+01
2.816822480897383230e+01
1.548963811355478093e+01
1.492648652563623202e+01
1.876237369488910645e+01
1.368307957539773412e+01
1.683171609393013313e+01
1.437219537857734508e+01
1.560541216658146624e+01
2.916847613434750386e+01
2.016553715845151729e+01
1.420172133541877990e+01
1.434278757967068074e+01
1.909624744987000611e+01
2.366112611201945626e+01
2.323464845632248554e+01
1.559002530109842155e+01
2.744076448562531212e+01
1.276348959597909705e+01
2.153818314838402159e+01
2.012781381295268091e+01
1.786119319144782480e+01
3.084325966344456660e+01
1.436105845681299442e+01
3.982774019309769642e+01
3.181823376619135857e+01
3.543482279716757688e+01
2.544134867144865453e+01
2.262211307548435002e+01
2.573937752851757566e+01
1.469603121027351911e+01
4.874787744666997469e+01
3.224172589811049505e+01
2.477597402502854251e+01
3.413736955302795906e+01
3.520606008440402945e+01
3.422176045864515004e+01
3.871238676301022252e+01
4.125282481910245025e+01
2.359887002944561729e+01
3.044441200322683727e+01
3.135913831015698250e+01
3.367425657019848018e+01
2.742213218065534264e+01
1.980168343011943577e+01
3.638216901481029453e+01
8.573094864490626321e+01
2.767397493835840550e+01
1.890984458482465413e+01
5.271154206306876233e+01
3.249793155810928624e+01
3.149278577000700707e+01
5.414113244310855322e+01
4.015104813907934300e+01
3.293805634149585870e+01
2.606879786684115885e+01
3.684863935374306010e+01
4.901627847517143977e+01
5.494587235533611391e+01
4.840036730806446741e+01
4.259525273496515041e+01
6.823488843692791761e+01
4.896238919370209430e+01
3.596047212642731239e+01
3.213029031234475497e+01
5.943309964433399983e+01
5.948430231768900711e+01
7.654872086891241167e+01
1.057129446504384589e+02
7.151658704260307786e+01
5.484580405301961292e+01
5.377417802460789176e+01
5.515851903579557103e+01
5.814288912288033373e+01
5.189759146627135067e+01
5.304798666197322632e+01
6.405504577228002461e+01
8.154578809206245182e+01
1.179657954192183951e+02
4.399666654039446456e+01
7.179959764665970567e+01
4.560682210176698703e+01
1.010007700740719940e+02
6.857715849075889025e+01
5.676908391799966580e+01
7.252665410423644232e+01
5.241814783280902645e+01
8.841467952526637930e+01
9.623983929052805308e+01
1.202662601619146301e+02
1.398069144689679888e+02
7.146697761126385728e+01
6.529570344891682510e+01
9.400614637115786820e+01
1.034237024198139068e+02
9.446584332739297452e+01
6.298832343291008584e+01
1.092993849733636722e+02
1.252639169469360212e+02
1.273796774302016530e+02
9.481551677980888826e+01
8.285237205750692624e+01
9.804094382790623285e+01
1.098440510703950537e+02
9.817345194433505640e+01
1.013855128813886495e+02
9.178080167200303663e+01
8.280515281873061895e+01
7.556530656032273896e+01
1.011938513722822677e+02
7.076647040324486682e+01
1.018265191391711966e+02
1.279191758711552751e+02
5.912187036584309396e+01
8.365102111351261271e+01
7.313318140367080389e+01
6.649711773202405141e+01
9.820418637829155273e+01
7.770960186632164834e+01
1.180972480627724082e+02
1.086277230831164076e+02
9.819834802864839673e+01
6.599441053772828525e+01
1.012162481466730100e+02
7.795542886091313051e+01
1.261557062610416438e+02
1.039214233073345781e+02
1.053886774437051770e+02
9.073639475609185467e+01
1.079268064734408625e+02
6.652765506831643449e+01
7.099809074115225371e+01
1.085171978177755108e+02
9.555149862188918064e+01
1.050857850625964716e+02
1.003860548084244755e+02
1.329134388322799225e+02
1.088898321954605422e+02
1.321218965787108175e+02
9.903076962910736825e+01
1.036036464394741046e+02
1.446654992272403319e+02
1.309584157916804941e+02
1.116702685986242614e+02
1.170445309368285791e+02
1.052463776098731074e+02
1.221129531758745657e+02
1.023829412874364806e+02
8.074558123444829505e+01
1.357717692796751123e+02
1.356671416863100603e+02
1.185059585937442392e+02
1.089751041905137754e+02
1.176700849361845513e+02
1.166669714281733690e+02
1.218397125552894380e+02
1.086194989656809042e+02
9.361187009253805513e+01
9.357625529778137263e+01
1.001100727532782599e+02
1.080608881860386816e+02
1.406828426718134608e+02
8.148684965481649556e+01
1.147866813799502808e+02
1.263868136581766493e+02
8.609049502316345581e+01
1.046421627367392659e+02
8.446474609760768715e+01
1.014960097737837259e+02
9.586254047680286305e+01
9.079167852225714341e+01
8.115242174794018126e+01
1.104131634664393999e+02
1.105695557857888360e+02
8.119753690845553251e+01
1.028913126664356525e+02
1.225204563418787700e+02
1.306598637684886057e+02
1.052311740882900182e+02
1.049303684460424506e+02
7.411744434042201135e+01
9.515451761331262048e+01
8.161361542182910966e+01
9.007049091313609779e+01
9.291104467296781877e+01
9.974781534783940629e+01
1.006855611407227684e+02
7.725237141272032204e+01
1.113402393067703429e+02
1.208948854721875108e+02
1.150619929525915381e+02
9.157340710538670692e+01
7.198722108819036691e+01
9.164239678712516479e+01
1.487812712227808163e+02
9.646705828070706445e+01
8.859606211464605963e+01
9.751936559815526095e+01
9.650506031637236504e+01
9.434673638587965172e+01
1.051497133720402672e+02
7.646599825339946221e+01
8.781875274298384682e+01
9.825847998462468524e+01
8.016272339574189232e+01
9.377419687739266863e+01
7.327591691681517716e+01
1.225855891476101220e+02
8.057625787620899871e+01
1.020754405112001280e+02
9.103806285773490004e+01
1.117460613275574133e+02
1.185613765102278165e+02
1.038356821564190824e+02
9.103689117910143125e+01
1.375731886023662014e+02
1.179840667208924430e+02
1.240837709864679255e+02
1.140788421321947936e+02
1.186536697002386518e+02
1.171934014069620389e+02
1.111369525505455869e+02
1.219622892536869330e+02
1.023128969821932515e+02
1.121367022878771706e+02
1.164263429526725844e+02
6.121532124848774714e+01
9.352694204820816992e+01
7.317728852284399466e+01
9.594614229984560438e+01
1.182341556216119471e+02
9.223872409255356786e+01
9.164108734017121094e+01
1.089797942535934254e+02
9.640179804685526221e+01
9.943699289276378295e+01
9.264762394266904266e+01
1.227786445419379788e+02
1.234764215008949293e+02
8.317488937306873709e+01
1.136138880399555546e+02
7.258527551936565203e+01
1.149199528174091824e+02
9.624538084154134765e+01
9.977352131480353137e+01
1.096267607232224464e+02
7.864592947013991875e+01
6.952953009733025169e+01
9.578253146233572579e+01
8.540372097019869102e+01
6.051651748811136855e+01
9.269438434386890435e+01
8.725324572122740108e+01
7.345492949194537857e+01
5.508901886946254223e+01
7.633505092681866699e+01
5.733139531608217254e+01
5.275882232701307828e+01
6.786994098191694036e+01
5.110233741120741513e+01
5.918408194401223454e+01
4.472801756791324124e+01
6.117893609913645747e+01
9.695419307877072868e+01
5.392810028176405268e+01
6.918175738990413493e+01
9.495744075929782468e+01
7.087497599450897212e+01
6.562032205549334662e+01
7.275572524245465900e+01
9.226228313286469529e+01
6.892301663611526408e+01
5.863658319589306700e+01
5.296900561229704607e+01
8.254571797225798946e+01
8.599105896674504379e+01
9.167585408504369582e+01
7.494163655064444640e+01
6.119150267806797672e+01
9.295193501063990027e+01
7.556912949963982840e+01
9.573704728171965428e+01
9.232613690367183779e+01
7.072054549814752988e+01
5.142174205096084449e+01
9.495486647174365658e+01
7.112961564792981051e+01
4.158023034514786787e+01
7.154063336469857859e+01
5.330791060746362575e+01
4.758356392238349031e+01
7.550846898784857331e+01
4.561169440688063759e+01
6.163209841921297993e+01
1.000545184720143794e+02
5.468511883704946541e+01
9.207089056204945621e+01
5.518051185780074519e+01
4.875991067351220210e+01
4.702935253647449798e+01
5.494700477126421845e+01
7.181259561448038653e+01
8.663845694737540271e+01
5.899318228029028433e+01
7.453756696383970848e+01
6.989751227491736074e+01
8.581209445967132865e+01
5.665741100881880499e+01
1.049651794115024046e+02
9.463957358784372786e+01
7.802466846381911125e+01
7.729119541635313340e+01
7.183239751903964532e+01
6.496918927888476958e+01
6.343255385753351305e+01
8.159319143708553668e+01
4.169327150619016464e+01
7.451412990537804149e+01
4.305779062299101412e+01
8.093849516762712426e+01
6.058367950382530864e+01
8.913949118594344156e+01
8.777091393698331956e+01
4.247163759498801738e+01
6.131325758394798697e+01
9.752729532460814710e+01
4.041264928487394315e+01
6.863086445292347548e+01
7.261925058519645404e+01
8.738181860216816688e+01
5.565824287560648287e+01
7.100090766242985296e+01
7.197054953243028308e+01
9.762832011710993640e+01
7.690120646358907663e+01
9.371460220620193127e+01
8.152398420096996290e+01
5.380458468693289120e+01
6.733082503578877720e+01
9.972727254311575962e+01
6.841072040745271465e+01
7.392049783382144312e+01
6.143925636124042455e+01
1.091150259537561880e+02
1.053565375285273831e+02
5.766824660648757828e+01
9.027193485365327774e+01
9.740203055150111311e+01
1.009768730397653229e+02
6.481275594613558155e+01
7.426606822021001619e+01
4.504289313778836856e+01
9.604364748499622806e+01
9.139647452476245348e+01
1.061523852246801312e+02
7.227705952329088746e+01
8.798368535637098375e+01
8.796504356213830533e+01
5.684442706975670490e+01
7.400852803712706418e+01
1.029996763748961115e+02
7.817945169075225920e+01
7.775431392105092243e+01
8.298085455225331941e+01
8.738929504744210419e+01
6.719074010275191711e+01
9.269697346132120686e+01
1.170357210427654167e+02
9.630331712297811464e+01
1.006239644529185853e+02
1.037030804214073925e+02
1.055422822063903112e+02
9.480778214659150649e+01
9.523057398872603585e+01
9.862061988583658945e+01
1.047720488595227408e+02
1.054132608145462768e+02
9.527783932618679330e+01
1.017781028621688506e+02
1.021909759007886009e+02
8.747606656807462855e+01
1.024401397022779463e+02
8.621203834474367511e+01
8.343993182057509728e+01
8.593475561274507868e+01
1.015308601143295562e+02
9.998497664927245410e+01
1.014277192005332466e+02
1.023092045386598414e+02
1.048293851932748879e+02
1.017197893998781097e+02
9.742940464197083372e+01
9.725051270930258340e+01
1.194876841631247970e+02
7.880073321711896028e+01
1.057780485524078671e+02
1.076287859057954535e+02
9.798897897212727059e+01
9.367309586476199001e+01
1.091120524965047025e+02
8.468330545167815160e+01
1.010745379520590177e+02
8.224613466094723435e+01
9.699429536489932957e+01
8.214231552616470822e+01
7.777871745464108244e+01
8.662024397718276703e+01
1.155818901616223542e+02
1.195983277475065734e+02
1.057575003906998887e+02
9.561092452690166965e+01
1.063759789091921419e+02
1.023574564401093880e+02
9.867162149721109188e+01
9.459419761392460657e+01
9.274385274627219644e+01
1.083916765972164313e+02
9.042969030627544669e+01
1.131128050517122716e+02
9.442165476673709179e+01
1.168960792042801415e+02
9.648451804420345468e+01
8.518591432860247892e+01
1.104448379156863211e+02
9.875685067657613558e+01
