1.911532253339073151e+01
7.888106377466153951e+00
1.096945253369049844e+01
1.032451236405650086e+01
9.051457832243869461e+00
7.736206362868618847e+00
1.455472431892820318e+01
1.074223233576501713e+01
1.256980508997653523e+01
1.736842601453056645e+01
6.997142273814361602e+00
5.012872319228656615e+00
8.360223282504680498e+00
9.491516680114347793e+00
5.507167047483569000e+00
1.804438970982393897e+01
1.160459679035280622e+01
5.443038367186718851e+00
1.286442122030110369e+01
1.065749605780936804e+01
1.160153246582344977e+01
7.558365490560039035e+00
2.047046653107837599e+01
6.833252032036673640e+00
9.061763380024638437e+00
1.046560504170154893e+01
1.060607792206378619e+01
7.560129334578579829e+00
1.288858237183420918e+01
1.170678815426711594e+01
1.079999999999999893e+01
7.339391437078871760e+00
5.748043145279965849e+00
9.177266598624136407e+00
7.292004754066836014e+00
9.622658445333884814e+00
1.108271928123538963e+01
1.073188396011312307e+01
9.817444790892496442e+00
1.122180417263146168e+01
1.072359806947069139e+01
8.414273587185052250e+00
5.272149045271344647e+00
7.028197176769840127e+00
1.806236111057712890e+01
1.685309071555323612e+01
8.632239312921969443e+00
1.051475154247593302e+01
5.195724738239657192e+00
1.689365429845051381e+01
8.806563209081938126e+00
9.033271832508971144e+00
8.667692247010670314e+00
7.231412955524897157e+00
9.119941520280343994e+00
6.631909394904473842e+00
9.499473669630333461e+00
1.337593195091674758e+01
1.472714802291634761e+01
9.029334908446406516e+00
6.617821057988463984e+00
4.019950248448355801e+00
9.684810558578600848e+00
1.621878197920203846e+01
6.462197768561404487e+00
9.271221901969315837e+00
4.425180473406957304e+00
8.634813257969161882e+00
1.387019185960389756e+01
1.400095234856067528e+01
6.499914529352588843e+00
1.636446013639177721e+01
1.064497794997977209e+01
7.152311203768719317e+00
8.512474506406595864e+00
7.309050705955064231e+00
5.998518335574395621e+00
1.060188662455885833e+01
1.130466963495862309e+01
1.087177793902890244e+01
6.225396015962002316e+00
1.022415440676310006e+01
9.632352891283739282e+00
5.055250296034366819e+00
1.066958293467931185e+01
7.292004754066835126e+00
1.031159002719216389e+01
6.818276093624318079e+00
1.335598076601723072e+01
5.347481234708126863e+00
7.578918128598566284e+00
1.091298920247488269e+01
7.855924869520809928e+00
7.637335195530498666e+00
7.787739652099888055e+00
6.241794613730894170e+00
6.479368967902832566e+00
6.053832578531461728e+00
3.879289740260308594e+00
1.226630434247504731e+01
8.675380235022682740e+00
6.868931665275336940e+00
7.233870947762953030e+00
5.339163480046912547e+00
1.826423341457894978e+01
8.940295794261446716e+00
6.448427887649998524e+00
7.790592617595489600e+00
2.005148927691462646e+01
8.231646250902670658e+00
7.154175160158033897e+00
6.212532137184930470e+00
5.028805910838962667e+00
7.268195557816716779e+00
5.387227693556511987e+00
3.265986323710904138e+00
9.421016694367734701e+00
7.319987856699095907e+00
3.614784456460255591e+00
4.864383025854586151e+00
4.625533002320441511e+00
7.695886347047146359e+00
6.108645967442829949e+00
1.000977300219917865e+01
7.433856483832750328e+00
9.579144011862437580e+00
3.108411527166604849e+00
4.141926551202418594e+00
1.078682323742980209e+01
5.840852297015869610e+00
7.039570693980958360e+00
1.248928429583626176e+01
5.475602452901618733e+00
9.153991236370917051e+00
6.195338749594102801e+00
5.605552802554108816e+00
4.897164712588521596e+00
1.621192976380870832e+01
3.759432581299115839e+00
4.106363625182531507e+00
4.823092599382913015e+00
2.925747767665558996e+00
1.040512694140089067e+01
4.923413450036468575e+00
7.915105109149775942e+00
4.613988392799540428e+00
8.078503711840591350e+00
9.066176457336110772e+00
1.343130671230465190e+01
1.450731616193092499e+01
7.973846137355687702e+00
7.533628312808879457e+00
8.900936280339651674e+00
6.344201201797504019e+00
6.101365967278693958e+00
8.970073702162219220e+00
4.323578764557590048e+00
6.018490028422595728e+00
7.219110440736832501e+00
1.552918399516071091e+01
1.598249041920563762e+01
1.502205785577402963e+01
1.159195123063124733e+01
5.917957605645905339e+00
6.410408203330996812e+00
1.009818465533946075e+01
8.258060035841078061e+00
1.348678365413093339e+01
1.141032670678432304e+01
8.576453553512402905e+00
1.502797391533536064e+01
1.726216157444432397e+01
1.283571406488768396e+01
1.288651319101572312e+01
9.648488655397452263e+00
1.109233969908963680e+01
8.818163074019441439e+00
7.022503510540635929e+00
1.174090664680070084e+01
9.864864700316754664e+00
7.368401002478986328e+00
1.383168664897941902e+01
1.117059632348346199e+01
6.104279009205118456e+00
8.309031231136394524e+00
9.731049960478742378e+00
1.306632652618511869e+01
9.702233419854076502e+00
9.895902631336308986e+00
9.942948366667817339e+00
8.927859019197530444e+00
1.123565752415051122e+01
1.453486230489378350e+01
1.854531986483082662e+01
6.897342483401367907e+00
6.984427121978024289e+00
6.209669878504008977e+00
3.102687007525359419e+00
1.193240219830953386e+01
6.857275130999354928e+00
1.417446843996470562e+01
9.680679498648611769e+00
5.499090833947008150e+00
2.271406808321417614e+01
1.081233863078042390e+01
6.173779681488120730e+00
7.313913681014654777e+00
3.666060555964672396e+00
4.924316083365170016e+00
1.184229707446996827e+01
7.998888811717677072e+00
1.163710540565059048e+01
4.237399621885520773e+00
1.335065541462290817e+01
9.301373853122751001e+00
5.272149045271345535e+00
1.060733498837269373e+01
3.155242550986461669e+00
4.425180473406957304e+00
4.182503237695499365e+00
5.931460378542726453e+00
7.103676669318659265e+00
4.567518168789503008e+00
7.329089681232966669e+00
5.872724145478731117e+00
6.485539470408165030e+00
8.647671491345066741e+00
4.312256434345660416e+00
5.838569078883018015e+00
6.464948225280350513e+00
8.551543070632860122e+00
6.291440393282146992e+00
6.599663291074444160e+00
8.237043698371939726e+00
5.188020388891658286e+00
7.343629136121246681e+00
4.697043987682276267e+00
3.714236873915764736e+00
7.274307909042312836e+00
6.751460747291820219e+00
1.022850048747235618e+01
7.264525678482616655e+00
3.571492062927699607e+00
4.333846123505335157e+00
8.579044235810886931e+00
9.337142080006184841e+00
9.848632166730340032e+00
4.735680169380811044e+00
5.533734925185902043e+00
1.023718711365578216e+01
5.736433270479721180e+00
1.188762194703194197e+01
1.409333964049054799e+01
1.043498389499901791e+01
9.925052476771428545e+00
2.703199750090416131e+01
1.529909220255313862e+01
1.954413808110588846e+01
9.938477415244920010e+00
7.483314773547882659e+00
2.100793500878497255e+01
1.687996840439381074e+01
1.493839200033107950e+01
1.653629005819893294e+01
1.589968553148143293e+01
1.393062174571624112e+01
1.861349570129754838e+01
8.180192880094915964e+00
2.320574641477120892e+01
2.020187010045247433e+01
1.407124727947028830e+01
9.470421790442539844e+00
2.905443167573580254e+01
2.248159741259998512e+01
3.963971072884698543e+01
1.132823414698375863e+01
1.518273873698535148e+01
9.731049960478742378e+00
1.113951923957622547e+01
2.375485915204157550e+01
1.171210200319879924e+01
1.626639344032830081e+01
1.836615244289221138e+01
2.128494512299453234e+01
1.565744409396232051e+01
1.272896958385346444e+01
1.238744884505639021e+01
1.420078245105607628e+01
7.069810621383165739e+00
1.695274477940240843e+01
1.018277412539868010e+01
9.871170143402453689e+00
1.452568606144148866e+01
1.251559027772961130e+01
6.932692278056355129e+00
2.025767344324943409e+01
6.027345094557709615e+00
9.547541859324606861e+00
4.157798562808073939e+01
1.313417932977415425e+01
1.266385933802698815e+01
1.561139185196360302e+01
1.524816928902176905e+01
1.612782275034874857e+01
1.535216235221895076e+01
2.253885533916928807e+01
1.911299732293882414e+01
1.908740131314079491e+01
1.986577179192615361e+01
4.256581831574354879e+01
1.749844437530249763e+01
1.196773439990488086e+01
1.456876415104894384e+01
2.649192749163832161e+01
2.899992337154627364e+01
1.261674372499585317e+01
1.596858026111136653e+01
2.872737757300903283e+01
4.614787824663954297e+01
2.660125310331576287e+01
1.686811587976954030e+01
1.277949746881917115e+01
2.753389829928838139e+01
3.284400841689225103e+01
3.172212687278917542e+01
2.561214989457586100e+01
3.329304231617571475e+01
1.966271146668795922e+01
2.750870569272369437e+01
3.092974117073870488e+01
2.153653227012701166e+01
1.018495622638277887e+01
2.199292815631626752e+01
2.888598275980929841e+01
4.248168232701399916e+01
1.739910597958667893e+01
2.624110431280580613e+01
2.678025806862626723e+01
2.988615435652807761e+01
7.736482117574857398e+01
7.468410510647869671e+01
2.913295194258365939e+01
4.496546823211490107e+01
3.318607472352756815e+01
4.062489658106494517e+01
4.046529377132952021e+01
6.741888953896130943e+01
3.744768202290882897e+01
2.102971442718347816e+01
6.691174950800660781e+01
6.441097215019607347e+01
7.462874036782939413e+01
4.139275298889891275e+01
4.736074323741130598e+01
5.834319916570300535e+01
2.760241535325003426e+01
6.369685148332600022e+01
5.043129539834918518e+01
5.073679357450787109e+01
4.501654017012956643e+01
7.643111640919262584e+01
3.014557273557023365e+01
1.764791457620103188e+01
6.423235598633725374e+01
3.015043762350538259e+01
3.266394546489038930e+01
5.534674536250729204e+01
4.058352156013844336e+01
5.920045044873673135e+01
9.815171929212446855e+01
9.938021265154681316e+01
7.792919863568469907e+01
5.589331106869785515e+01
1.199941480054571485e+02
5.760725262981698336e+01
6.936845264399532596e+01
1.077450488679436091e+02
1.243277746746701666e+02
6.100040072728119611e+01
5.819301218073066195e+01
9.334937957301411871e+01
1.053884665838197492e+02
7.463672018517426920e+01
1.281388829876916304e+02
1.240941577996321428e+02
6.564293987593453039e+01
1.018606019137047269e+02
9.742666757903380415e+01
8.457711799824399179e+01
1.070338679525732459e+02
1.167503699732420017e+02
9.060586196390508462e+01
1.345075958202113213e+02
7.721819014253628666e+01
1.171854370929539471e+02
1.038339700355010820e+02
7.477420826877553850e+01
6.991124532020741356e+01
1.011323884816333276e+02
7.260688672570942970e+01
9.846790791363899586e+01
1.415353273528870375e+02
9.871741937920018017e+01
8.738563319498742032e+01
9.132350312062182240e+01
1.276302994329063267e+02
1.294181165404940259e+02
1.333118982770188552e+02
1.202624167763515715e+02
1.397824341213476202e+02
1.204976717156347803e+02
1.367340321776387952e+02
1.286420356389517394e+02
1.501459142153244102e+02
1.502952058080659015e+02
1.086010845045092310e+02
1.283632692357470546e+02
1.390953949233722540e+02
1.275919886025590415e+02
1.207549584903245403e+02
1.162391022371081846e+02
1.305729936344673945e+02
1.206442704814447353e+02
1.162087011467825590e+02
1.075522818601880459e+02
1.265595336415062775e+02
8.557450295243060623e+01
1.219403497161168985e+02
1.359727750527860337e+02
1.025660545968087547e+02
1.265839378962960353e+02
1.135615349589033229e+02
1.432149899044556491e+02
1.427276505174180272e+02
1.412964731808028489e+02
8.329423082596350980e+01
1.113210771696996346e+02
1.235010391319306393e+02
1.231240386313285597e+02
8.866225552937143561e+01
1.451792761458129633e+02
1.175241630001630284e+02
1.054461421242564256e+02
1.035753295379208083e+02
8.331450453952581370e+01
1.073696418919239903e+02
6.668979598775879936e+01
6.377237298043373670e+01
8.032268255812509494e+01
9.905652707194794004e+01
8.390905129298559473e+01
8.915065899924688608e+01
1.489862931801296781e+02
1.592174473968087511e+02
1.001914611575701599e+02
7.511046679539558113e+01
9.786916436413122256e+01
9.137745892724309726e+01
1.286016416000286426e+02
8.196161703301531531e+01
8.845599031282291946e+01
9.993388925796004685e+01
1.044482647055469329e+02
9.783060189259118999e+01
6.613823906535965591e+01
9.605253192336415680e+01
1.087397300386978429e+02
8.317408784524714349e+01
1.150065891832096554e+02
1.013281577625664482e+02
1.419218877489382464e+02
1.060968111364961430e+02
8.241456182010556120e+01
9.144606181909760778e+01
1.017696745925163526e+02
9.346348068749752258e+01
1.458956095600168794e+02
1.372741620100285331e+02
1.241256352786697050e+02
1.197513349496456385e+02
1.029834075092789902e+02
1.507066318676417609e+02
1.401320646945428905e+02
1.359296223132479042e+02
1.401082755903051122e+02
1.435596043460694204e+02
1.243740594604303737e+02
1.214485899465284007e+02
1.396778197615259671e+02
1.618635090301565072e+02
1.156148010516915576e+02
1.397053088945918944e+02
1.285642770497829019e+02
1.476130978831711502e+02
1.375189683886069076e+02
1.381486156282429079e+02
1.237593722601331905e+02
1.355830208969971125e+02
1.354906474837121664e+02
1.293918424356376704e+02
1.245478221407343682e+02
1.381188859883638997e+02
1.058715364119281190e+02
1.012768263501357779e+02
1.359200091557121937e+02
1.331419626647520431e+02
1.378892631385377001e+02
1.356066206184475220e+02
1.209434027413924895e+02
1.055414399918608126e+02
1.290910101009705784e+02
1.202649667285624133e+02
1.268732701031492525e+02
1.267994041345971397e+02
1.447530617599810512e+02
1.354688976194248653e+02
1.282787589587613581e+02
1.163589083635436907e+02
1.204600440902385685e+02
1.482752695345907910e+02
1.123884137958871605e+02
1.160110339579817662e+02
1.017898488717481769e+02
9.250287683214085632e+01
1.413023550955735175e+02
1.522271110326059329e+02
1.669448877790378845e+02
1.900794453789139880e+02
1.824200281401871280e+02
1.685180372805501463e+02
1.609285003416803761e+02
1.730064353331016207e+02
1.471447662073721858e+02
1.226968441140828787e+02
1.365839749832395853e+02
1.327638839778683746e+02
1.446599998463831014e+02
1.201086545128571714e+02
1.511806278007279047e+02
1.335477276315683355e+02
1.424492736224216571e+02
1.671960392938647431e+02
1.428386813467867569e+02
1.163333524355285107e+02
1.492933875145029674e+02
1.376414989101114656e+02
1.222548522099997825e+02
1.175101697726626497e+02
1.463676649172669215e+02
1.338000830426581729e+02
1.064492784798886760e+02
1.025823030005121694e+02
1.246259470040916710e+02
1.231845228373543080e+02
1.320946462032264037e+02
1.289204750568694067e+02
9.680734591043295723e+01
1.262829978879007911e+02
1.038126517658934773e+02
1.258293376849064771e+02
1.353384235495924770e+02
9.704560210998172920e+01
1.166322997000973771e+02
1.121341260376261317e+02
1.198225725349313535e+02
1.301586041036942731e+02
1.114013764128014117e+02
1.252866934496858420e+02
1.379597364773102584e+02
1.465398542680075309e+02
1.345648790237135586e+02
1.368402799698328067e+02
1.396723785625967480e+02
1.255612466753443215e+02
1.356985875632707916e+02
1.560491375603637607e+02
1.123564565716333590e+02
1.338510947118310241e+02
1.357195474335055110e+02
1.425402243423081927e+02
1.606663900412556245e+02
1.347086733164077543e+02
1.844631369376789110e+02
1.721986707911017049e+02
1.599451850548250320e+02
1.698475656450676468e+02
1.548946595449809251e+02
1.300610113241730232e+02
1.422410161193552085e+02
1.307554800211278234e+02
1.551806688991898966e+02
1.125416663581389685e+02
1.464276233805933316e+02
1.316658396598500076e+02
1.251289823431095556e+02
1.260438371713940313e+02
1.390994208790564528e+02
1.444496990497230229e+02
1.279231366441930646e+02
1.501410299980950640e+02
1.369982319431734936e+02
1.435249881456961418e+02
5.829107040438431397e+01
9.222195448421643960e+01
1.028769275504581771e+02
9.103586594792673736e+01
8.810312139759862760e+01
6.563887736869227751e+01
7.494068765808509625e+01
5.808139882000853049e+01
1.292075677178220019e+02
1.422277360042298255e+02
1.050082324815006558e+02
1.077980828524638781e+02
1.689542212816504048e+02
1.462853224201100772e+02
1.157124021010712482e+02
1.087730767341910934e+02
1.248617724614792621e+02
1.105068323679581397e+02
1.277157259959268600e+02
1.145134635461408692e+02
1.230563375947058944e+02
1.368058803154633836e+02
1.360896110003339743e+02
1.179916381218036605e+02
1.180018078957549932e+02
7.120081148101863278e+01
1.223592887996475724e+02
1.342891738831623911e+02
1.324038602995480005e+02
1.441422753932917544e+02
1.285022438195795473e+02
1.500643417560170008e+02
1.276536285770556844e+02
1.218889476349498864e+02
8.763423988373492080e+01
1.344548829740130884e+02
8.536811791035077590e+01
1.172751749803285009e+02
1.056954534920442512e+02
7.319459603610700071e+01
1.288597170052249794e+02
1.146594183755622538e+02
9.553265875546900077e+01
9.103220431376043109e+01
6.455371578942781241e+01
8.077265763996020098e+01
4.399525226910537867e+01
7.037411140153426459e+01
7.670068810353370736e+01
6.263105371051079828e+01
7.493327402132884174e+01
7.133158876371362567e+01
6.392961407325681478e+01
7.197116706632516525e+01
5.826659038896609388e+01
4.946576818591037039e+01
9.494854747002013085e+01
6.893230173309333964e+01
6.845481883857571859e+01
6.201447859617587000e+01
6.823078484086197193e+01
5.911119465324087940e+01
9.756602322985645515e+01
8.050214627918659005e+01
3.954721510071502166e+01
4.239025045141080028e+01
7.046404914722275237e+01
5.275915928906457708e+01
6.207507998831379581e+01
6.335192709513000153e+01
6.615617884974916763e+01
5.927210323771396361e+01
4.749708763001510192e+01
6.305221821809461602e+01
4.823111029200965305e+01
6.600188549495301515e+01
5.912720749931174424e+01
7.195430648836956777e+01
4.161121643659715374e+01
1.223327702076049235e+02
1.200784188214795876e+02
1.125127943341951209e+02
9.615972823034252315e+01
1.287787076948497997e+02
9.907034537808642938e+01
9.809482940275475471e+01
1.317193312396560430e+02
1.543854339703788980e+02
1.207737278274266544e+02
1.216511222946815138e+02
1.073746504327513662e+02
1.260531457582695936e+02
1.204883765717211901e+02
1.329480433185167954e+02
1.192123408973342151e+02
1.569830847221728334e+02
1.446708755148119678e+02
1.596612525178089470e+02
