6.721111019268565023e+00
2.202382548261969930e+01
1.044647734353015700e+01
9.082339395160746065e+00
1.625135891753876294e+01
9.389355675444402749e+00
5.915704147061070728e+00
7.680856433728960653e+00
1.042731455787581396e+01
1.047197317711529685e+01
9.907572861200669934e+00
7.767167365834786175e+00
7.181457605064123229e+00
1.311318251057139683e+01
1.475880151713621302e+01
5.659210781254455647e+00
8.906926143924923878e+00
1.483539311541453465e+01
1.266210444155665904e+01
1.222129289396175267e+01
1.520906162639745318e+01
7.894864716313312769e+00
9.284156157430548006e+00
7.329089681232966669e+00
1.175792876695929579e+01
1.753168560064889903e+01
1.099211838849394240e+01
1.397362595113459527e+01
5.942689252817746848e+00
1.255848540053917262e+01
1.068332033280540294e+01
7.930251502246879802e+00
9.855398971573343658e+00
8.543743649920422456e+00
8.663076179330809978e+00
1.081233863078042390e+01
1.385480261698287663e+01
8.452218643646174812e+00
9.535897091167319317e+00
1.137052720364754776e+01
7.561892767172927243e+00
8.554141297250902554e+00
8.576453553512402905e+00
5.097275960964073427e+00
1.019585972616118141e+01
1.283329004321702804e+01
7.499925925560123829e+00
4.819405219180751487e+00
9.378462323619769947e+00
9.900841715059717885e+00
5.491812087098391970e+00
5.065789397736765842e+00
3.858612300930075012e+00
8.751888685052819028e+00
9.443633952151165190e+00
1.512378553434585093e+01
6.413180871368660441e+00
1.321009714826755754e+01
8.676917015212771034e+00
1.132352516764201766e+01
7.838367176906169576e+00
6.695271963607353882e+00
5.817979794472381450e+00
2.536261465665994663e+01
9.802494013713495491e+00
4.991548412622636377e+00
1.122021984336017120e+01
7.370813312578802012e+00
9.618038608087756458e+00
9.378462323619769947e+00
1.283051917196737257e+01
1.218851918815407132e+01
4.193116051604370398e+00
9.746566346952938886e+00
9.790244577582772223e+00
6.611774009715967182e+00
7.535397947170555000e+00
9.365658308712504265e+00
9.965719018493125247e+00
8.314378442727326401e+00
1.756056187407832425e+01
5.806509756777780140e+00
7.596490417730194622e+00
1.311216568263568405e+01
7.178362549278832105e+00
8.825719989515491193e+00
8.407932762179614272e+00
1.292473941280399252e+01
6.040603354706290951e+00
1.316797461857956186e+01
1.083492296029628221e+01
5.655282682786265447e+00
1.459893451211042326e+01
1.252836781069266081e+01
8.397354080634896079e+00
1.047536793307678238e+01
8.582669877271420944e+00
7.799145252312375654e+00
6.005182946607224181e+00
1.187041139416265878e+01
8.557258127850687401e+00
1.444929832975367034e+01
1.137521672565211084e+01
1.487189743554376875e+01
1.414999018452741630e+01
8.402116135567013089e+00
4.894441291460707610e+00
1.386923053220889912e+01
8.591985930052622678e+00
1.169159242076687022e+01
1.341243204394092459e+01
6.580780095601634905e+00
7.347259504211228531e+00
9.547541859324606861e+00
1.262378707044759985e+01
1.764640347367008033e+01
1.317910804602833963e+01
1.334099779709982059e+01
1.453486230489378350e+01
5.096403960964371649e+00
8.163332652783420684e+00
1.017971839820074109e+01
6.982517852147286597e+00
2.066193494219637827e+01
6.725077446889861754e+00
7.864406454964600890e+00
5.065789397736765842e+00
1.106224811389318674e+01
8.932835807041097809e+00
4.814792022738076938e+00
8.634813257969161882e+00
8.816650913659524136e+00
1.017971839820074109e+01
1.297519000074972162e+01
7.827018731434224108e+00
8.111445959602734845e+00
1.326549408553384168e+01
9.659997699562644868e+00
9.149620514292140072e+00
6.607739569794062184e+00
2.539728769420511156e+01
6.191032941996746253e+00
8.973046057808661047e+00
2.535823337695273949e+01
1.719095369340772805e+01
1.062366331461150004e+01
9.972406374034747500e+00
7.622772898799142105e+00
1.113353293234252561e+01
5.319147801418319332e+00
1.042347777322371805e+01
1.305713938383476602e+01
4.256237253203297932e+00
5.084180257316698537e+00
1.652419102070927082e+01
1.082096730118584915e+01
8.125679458769381469e+00
7.496369491664318652e+00
8.237043698371939726e+00
7.744819056777390465e+00
5.738757124441957735e+00
8.784835418682204633e+00
4.281225162133952544e+00
8.125679458769381469e+00
6.884443009826979321e+00
1.013552607854613896e+01
1.107830713100557141e+01
7.255342858886821844e+00
1.078064108586415237e+01
9.576359781601079035e+00
7.646059260967195570e+00
7.880778303357269365e+00
5.397118572802424907e+00
6.715156985010353630e+00
3.255081497528987455e+00
1.235511589945189037e+01
7.463689882803724807e+00
9.746566346952938886e+00
6.980608060111160640e+00
5.200000000000000178e+00
1.486771296766550066e+01
4.526465385804788077e+00
1.061361808663232864e+01
6.193186219996583475e+00
2.523929916265945650e+01
9.322851256753780902e+00
1.270625392823899702e+01
9.365183749754548259e+00
5.266244708835066568e+00
1.613223136732451124e+01
1.169501318226419784e+01
8.171495171223766008e+00
6.485539470408165030e+00
1.186292075708545291e+01
4.716872787015660151e+00
8.277412370756669802e+00
6.671997868371629004e+00
5.397118572802424907e+00
4.419150245113747211e+00
1.197144751295997267e+01
1.040939746361697793e+01
1.134705052229677591e+01
1.807097119692242870e+01
5.853773711604050689e+00
1.688654954558673538e+01
9.705439482865035217e+00
5.801915392542553285e+00
3.739280976634708598e+00
1.048469784442493413e+01
7.665217254295899174e+00
6.641285016219877768e+00
4.839651043435076794e+00
5.451197625802567615e+00
5.764257685657943497e+00
2.204238341619768349e+01
1.041921302210488420e+01
8.413217114886682779e+00
1.408008838356098025e+01
1.298956846430584378e+01
8.325596408399555060e+00
1.154623555777187249e+01
5.031456603763522217e+00
1.213736196854800831e+01
9.934451838593478357e+00
8.249983164965987825e+00
1.201591537179844771e+01
6.528569691917383011e+00
5.153639490690050451e+00
6.764613810115103654e+00
6.623191577077222725e+00
6.086049621881175931e+00
7.640244324191035830e+00
7.272474743090477034e+00
7.200000000000000178e+00
1.121586178390031563e+01
5.893122168162550523e+00
9.132116707289473112e+00
8.048188201908136108e+00
1.443360276884773086e+01
1.253368793824600225e+01
7.290785661062568757e+00
7.144850515503378574e+00
9.421960164070602772e+00
1.045923302903016605e+01
6.404859266386906391e+00
7.456540752922899529e+00
6.510162995057974911e+00
9.851339446435133596e+00
1.070119411820734889e+01
6.104279009205118456e+00
6.513575566972925834e+00
1.114669856454766084e+01
6.769211344183473145e+00
1.754308980767071091e+01
5.470730197047638299e+00
7.154175160158033009e+00
2.060248097249994359e+01
1.448432102501030450e+01
3.158058475287202960e+00
1.180395413975051611e+01
1.080658235624113672e+01
9.117504531882003604e+00
6.731682966060979822e+00
1.266736840161452804e+01
9.518169758706532591e+00
5.176871642217913738e+00
9.654014708917737053e+00
6.820231341791534341e+00
8.031604239917868426e+00
8.942781073767452682e+00
6.489649879273577504e+00
8.023853327561653259e+00
1.734153652041504756e+01
1.941774675107513204e+01
6.381918903346303296e+00
1.340049750320238431e+01
4.853406592853678703e+00
5.105117258420439619e+00
1.843716054301444984e+01
1.178247285872819994e+01
5.462600113499065380e+00
4.878068834647124596e+00
1.075174404457249011e+01
8.394177876494053336e+00
8.468503737706889467e+00
1.065123884291817369e+01
4.611097724210821092e+00
8.410046901705655387e+00
1.156700287695803908e+01
7.784314713290795495e+00
2.908989897236191169e+00
8.754935116200970313e+00
1.365511707098193384e+01
1.380177122288617397e+01
1.241218039758616420e+01
5.746496517202652754e+00
6.475252032846974259e+00
9.305673299420927691e+00
9.243856818930552777e+00
7.397897599243240307e+00
6.913432979031152392e+00
1.098362417419678572e+01
1.277741062274442996e+01
1.026450193628507179e+01
9.184528052957078970e+00
7.088018058667739929e+00
5.334999739664681329e+00
6.747509828735998028e+00
1.702625423671728555e+01
2.266215641401614889e+01
9.447868660296999010e+00
7.031990393116936744e+00
8.209479615393142637e+00
6.594947561075321651e+00
8.101028741256673271e+00
7.126164622166837326e+00
1.228657804272613419e+01
3.932768321000700062e+00
6.584831053261731348e+00
1.435022260764232271e+01
1.253900580854266344e+01
8.820178884555321730e+00
9.587955407118291973e+00
1.174090664680070084e+01
9.555917305814002560e+00
2.010461527996881514e+01
1.329995822884000134e+01
1.803133075756997528e+01
8.438009243891594124e+00
5.228129047119374206e+00
9.042123644365853252e+00
6.601010023726168185e+00
8.040453276332677035e+00
6.301322612489117070e+00
6.903783181866463003e+00
1.134587541306923164e+01
9.593053042002148700e+00
6.195338749594102801e+00
1.359346248099512700e+01
7.508809640830044430e+00
9.019977827023746286e+00
7.838367176906169576e+00
8.777749648337488608e+00
1.466454530112982724e+01
3.518838192105772311e+00
1.233675628176043482e+01
9.791152468768252959e+00
1.315649396052509701e+01
6.106462878695725571e+00
3.086501075471850086e+01
8.425886039791635085e+00
7.570116687784056886e+00
1.129483657842526512e+01
1.053670832006951841e+01
1.115148221339009105e+01
1.026883094071028601e+01
7.141117248411172014e+00
6.212532137184929582e+00
9.279367794557270344e+00
7.695886347047146359e+00
1.148835158855360739e+01
7.135513685471813972e+00
1.374756544103557054e+01
1.062993676159719847e+01
1.348480626483005906e+01
6.731682966060979822e+00
7.875701026998591203e+00
4.040901989517797332e+00
1.167256993506095419e+01
8.055363982396380962e+00
5.581716183715860424e+00
1.495266605733647225e+01
8.675380235022682740e+00
7.455348564770275743e+00
8.876936408468859341e+00
1.208966500776592845e+01
1.737354310438720262e+01
6.339996494916660730e+00
8.992342421317275125e+00
1.407219480630746133e+01
9.319990462560690858e+00
5.829427263653112590e+00
6.669999167083073388e+00
1.372329730381473922e+01
6.339996494916661618e+00
7.316343956436772267e+00
5.306599664568640407e+00
7.881342243270212933e+00
6.311893535223799923e+00
1.335764450293039651e+01
5.988878581726854833e+00
8.239741096256201658e+00
8.381461023526201259e+00
7.897678983937833408e+00
8.601291892629980396e+00
1.421173224252882328e+01
1.948971238599710176e+01
6.451873113032111640e+00
6.645299090334458647e+00
7.658256256413002561e+00
8.058122196475636656e+00
8.039900496896711601e+00
7.082372483850309486e+00
1.065207335060487992e+01
1.129523006504171256e+01
8.389411315594331953e+00
5.680375574437544373e+00
1.229561800895840484e+01
8.125679458769383245e+00
1.126568043020729348e+01
6.060436361260538973e+00
3.812260921465545849e+00
7.784314713290794607e+00
7.022503510540635929e+00
1.436136793236942566e+01
7.254117604658903318e+00
6.523802572120035670e+00
1.021415140326835491e+01
5.052612085732377523e+00
7.744819056777388688e+00
1.543790429070244130e+01
2.080534119456400788e+01
7.692998259600883237e+00
1.065123884291817369e+01
1.170640850132951805e+01
1.009202105075534028e+01
4.127953488110058800e+00
2.058953347914636112e+01
6.166576575918494285e+00
1.717439955282279840e+01
2.298753285297634008e+01
1.271149960556275893e+01
5.881798666696740341e+00
3.176301133219091799e+00
1.090484092298257934e+01
6.707872654989475159e+00
1.039786302831286413e+01
4.424176006143214934e+00
5.849976258261413875e+00
6.691952048709122636e+00
6.855330448312142444e+00
8.012212900039260788e+00
1.671592720198978910e+01
9.095542253702571855e+00
1.045115623587489218e+01
5.114684741017769376e+00
9.753403964200851206e+00
9.560102277463121467e+00
1.398189305256385317e+01
1.319528535332053920e+01
1.937076835509285289e+01
6.747509828735997139e+00
7.605261336732618282e+00
4.343065993307288153e+00
8.106513156441279122e+00
1.254042352642932912e+01
4.485036851081109610e+00
1.044009365645517384e+01
5.537749241945383538e+00
1.247219128924647258e+01
8.355969256897862962e+00
8.533854150773064973e+00
8.777749648337488608e+00
5.549774770204643382e+00
8.639958847638620654e+00
7.446401069569707154e+00
1.169539320511380609e+01
1.746412195203513562e+01
4.587906809089401072e+00
1.355482693852390419e+01
7.096164848392091606e+00
8.706064297692474696e+00
1.009422277014596858e+01
4.044200236827493633e+00
1.139863539590984942e+01
5.148462553682085385e+00
3.191962127316397613e+01
1.841086635658409065e+01
5.764257685657943497e+00
6.741579109443787132e+00
6.774461848245462825e+00
5.035871324805668792e+00
8.333066662399863489e+00
1.339983416149452289e+01
1.895327588219690185e+01
5.830951894845300743e+00
1.657092500603257079e+01
1.308671930707701136e+01
1.053375526581095478e+01
6.287200401521244153e+00
6.552353266829660683e+00
7.211102550927978250e+00
1.182765121794404806e+01
6.888315388314394383e+00
8.421137426473668697e+00
8.532291603080617293e+00
7.735631842325486396e+00
9.912057752499674024e+00
1.072815610127543273e+01
5.964338465692011759e+00
4.464178411408854963e+00
3.991101212558870959e+00
1.054176877420904468e+01
7.663477597598162383e+00
1.259735421957060453e+01
1.410185173025947769e+01
9.506956517320473310e+00
1.104817732579551937e+01
7.264525678482617543e+00
9.243376006633074127e+00
1.686758890759303497e+01
5.569759619788112737e+00
7.588295080070503573e+00
1.103005993738122115e+01
9.445986802164540563e+00
4.007770230717103921e+00
1.995595149322627648e+01
7.319987856699095907e+00
6.265957406671563312e+00
7.279804637183305616e+00
7.735631842325486396e+00
2.186829262247563133e+00
9.947864092356711652e+00
8.669230390037835576e+00
1.220200347848208366e+01
1.154816002660164109e+01
5.187163643713843086e+00
1.023501614828015605e+01
9.308061022576074706e+00
4.327688631231328742e+00
7.824747067264644862e+00
4.888080741286228381e+00
7.820201759261430574e+00
1.362448775795503764e+01
8.601291892629980396e+00
5.524088662897758795e+00
1.093130062404896741e+01
2.792052212182923210e+00
4.378736499646140423e+00
9.183076221446105691e+00
8.155706931686275141e+00
4.664761515876240772e+00
1.118014112413414729e+01
4.753478258660236655e+00
6.963396361610395324e+00
1.422892203303617364e+01
7.018705167067656348e+00
6.932692278056356017e+00
4.111771718695806044e+00
1.402790869025822396e+01
1.068831137270990972e+01
1.174847507835236726e+01
8.759502776350315045e+00
8.270429251254133973e+00
1.083205120618127992e+01
8.770151398667845655e+00
8.609039177257562514e+00
7.675067860720623969e+00
8.282243389055622629e+00
6.536733808936149082e+00
7.135513685471814860e+00
1.237668058173201047e+01
8.189424074174365131e+00
5.543364401596641677e+00
7.647802879839993295e+00
1.431021391252493657e+01
8.322392818307857709e+00
3.732142667274241266e+00
1.040939746361697615e+01
7.561892767172926355e+00
7.511768544535079251e+00
7.191352832086293390e+00
7.993330553238326530e+00
9.756137669294249193e+00
5.881798666696740341e+00
9.894105989594681461e+00
1.312097557348537968e+01
9.659537601079394520e+00
1.214614707999573362e+01
8.890444308357146497e+00
5.470730197047638299e+00
4.787019485604330882e+00
1.318315423392882835e+01
9.788882582921413444e+00
6.677990383008616249e+00
9.493857663422879511e+00
1.278367013897895710e+01
5.287301349039561060e+00
6.557099629832960908e+00
1.542062111445435768e+01
3.310589071449369758e+00
4.095526014242045321e+00
7.352701695446525854e+00
1.266385933802698815e+01
6.075085733277075128e+00
7.252279335185287223e+00
6.647973793236218398e+00
1.494820687871588660e+01
1.313248728239331875e+01
8.444327484570139930e+00
1.566510630527464798e+01
9.178719349064381916e+00
4.570436400267363197e+00
9.521904571390466643e+00
1.614049427853916541e+01
1.734307418603236783e+01
8.921883209278185234e+00
8.127867015535024109e+00
5.571355310873648214e+00
5.085928299402840302e+00
8.171495171223766008e+00
7.909487973314075937e+00
1.717543465405040592e+01
1.066583330077870784e+01
8.970073702162219220e+00
7.643733817099249706e+00
8.376156636548770962e+00
6.318930992572151517e+00
6.223253882727981079e+00
9.161271139361005567e+00
9.303762679690406046e+00
7.915105109149775942e+00
1.021415140326835491e+01
1.200481384926711748e+01
3.492213560989012144e+00
5.942689252817746848e+00
1.435827287663805407e+01
1.227716941680324503e+01
2.572210463136068270e+01
9.377040518675862302e+00
8.278486174013538701e+00
1.776463403006721720e+01
6.792152334373349198e+00
9.469013793538492152e+00
6.489649879273577504e+00
5.304086474910955751e+00
7.840068026915752775e+00
1.499244254060469572e+01
8.528123409571938041e+00
6.329472507422891248e+00
7.628601153262343892e+00
1.272617599892267570e+01
6.131883886702357067e+00
6.717803873952327365e+00
7.334545354386702520e+00
8.722894524691266582e+00
7.237556370918448501e+00
1.034214677907831792e+01
9.590736271122370482e+00
1.101433409496713800e+01
5.372357231441541536e+00
5.213657278937906092e+00
9.884668262853674392e+00
6.375648115202790400e+00
8.979977728257457770e+00
9.597684906036224817e+00
4.725345372445160841e+00
6.086779845607107831e+00
5.713920623257632059e+00
1.256874430217009930e+01
5.479659356809204240e+00
4.281225162133952544e+00
6.046486583132390180e+00
9.754770912510224434e+00
7.135513685471814860e+00
6.868931665275337828e+00
2.372059583287626339e+00
4.122566622330747776e+00
7.031358332498778729e+00
7.192588778272628325e+00
4.030991055421592861e+00
4.959390643572611168e+00
9.513966341939388727e+00
1.039102176560771795e+01
7.039570693980959248e+00
8.681013765684280514e+00
5.599999999999999645e+00
4.552898954390365738e+00
1.407819432866145526e+01
6.751460747291820219e+00
5.713920623257632059e+00
9.691691745453365314e+00
8.292968909463807492e+00
4.777726097911711101e+00
7.266360849833979785e+00
6.104279009205118456e+00
3.802922852520442376e+00
7.424883089240455369e+00
1.658459794173162649e+01
5.123366948490893691e+00
6.423567717571149416e+00
8.057019024152515030e+00
4.918897798852457370e+00
8.331999893316263339e+00
1.011401667654020287e+01
6.062636023674483177e+00
6.685307272918226573e+00
1.072981308732304484e+01
3.823901439919996648e+00
4.498888751680797604e+00
