7.435649863252632663e+00
1.101393057299103617e+01
8.792926450025358776e+00
7.288956639251525260e+00
1.286787559087444066e+01
1.394975109296060367e+01
6.619835513230085233e+00
1.287098373172082866e+01
2.144388024588833730e+01
1.694225486763789590e+01
6.106462878695725571e+00
1.605684347006666002e+01
1.125739263279418800e+01
8.491564441648350225e+00
8.155706931686275141e+00
9.124813544518168840e+00
8.015540461434206065e+00
1.195807491009968437e+01
1.069246879298176367e+01
1.200814538367834672e+01
9.900841715059717885e+00
1.619876538505326735e+01
5.301572093885611459e+00
1.361600365582925320e+01
1.004301858119471191e+01
1.200814538367834672e+01
1.552546295606027904e+01
9.630968567883268605e+00
6.454627969311804492e+00
9.682974749528163727e+00
1.673904285063980169e+01
2.061779166965592935e+01
1.704451687656636594e+01
1.550999677627303619e+01
1.417917095210044032e+01
6.631909394904472954e+00
1.553576518875076040e+01
1.411319319722585774e+01
1.556406116667497486e+01
9.471360338761622089e+00
4.255192905928786296e+00
5.118159391378462431e+00
9.045563676312395884e+00
9.064215354899728183e+00
2.240000000000000213e+01
8.913410620457742795e+00
1.835017408334016054e+01
7.150446761489024361e+00
4.523518787649966733e+00
2.210821868295438719e+01
1.749082299061107193e+01
1.103610237156014939e+01
1.484976617848091252e+01
9.499941520287842778e+00
8.341595903795759881e+00
1.265964717781134219e+01
1.472775158218886737e+01
7.302967433402215214e+00
6.964672760917534511e+00
7.196912918436318307e+00
5.251031644670724141e+00
1.086564412366897869e+01
1.453822547630899997e+01
5.482902718653890339e+00
6.767241354906410322e+00
1.075091727352704574e+01
1.076702785771862558e+01
1.132823414698376041e+01
7.041464494139142438e+00
6.371464161050861108e+00
5.535341001239219239e+00
6.999682532483567421e+00
9.021948545383947859e+00
7.016171795692196511e+00
1.240859916885597869e+01
1.177681337770677672e+01
7.560129334578579829e+00
8.520302550705318723e+00
7.797435475847170672e+00
8.460627767619978812e+00
7.031358332498778729e+00
5.615059117132150668e+00
8.731551981177229749e+00
6.064834888290218551e+00
1.507757717053152291e+01
1.418919776919517517e+01
7.460711911220149872e+00
1.286062034100826423e+01
3.667272677193350816e+00
9.291334074764984408e+00
1.147441598610675584e+01
8.104868221562204766e+00
8.647671491345068517e+00
5.012872319228656615e+00
1.045923302903016605e+01
3.867815921162743198e+00
6.701906859659835014e+00
6.571318149520857688e+00
6.329472507422890359e+00
5.030573194643594981e+00
9.183076221446105691e+00
4.716872787015661039e+00
4.711215931747934071e+00
4.964764736509564180e+00
1.391146609415732627e+01
1.204546941108287861e+01
8.889444427084418621e+00
1.085582281031193297e+01
7.319987856699095907e+00
7.374430298146577911e+00
1.001776200333964617e+01
5.560175856531477834e+00
7.987212001415485041e+00
1.088403519942039743e+01
9.887365675446620372e+00
4.439219150556397153e+00
5.289822513300633133e+00
6.130434097372078561e+00
9.645724441429994300e+00
7.406903686576614021e+00
6.725077446889862642e+00
7.347259504211228531e+00
8.761024800533071755e+00
5.065789397736766730e+00
1.317506061550466789e+01
1.241074803010143590e+01
1.140565162052957149e+01
7.624521842931091697e+00
7.003491192890077599e+00
5.094659513211412971e+00
9.789790600416333533e+00
3.322649545167229768e+00
7.136759301905405195e+00
1.639783183499845975e+01
3.641733408999376476e+00
6.548960901462834272e+00
1.316999957816585898e+01
1.401522981141110868e+01
8.158431221748454476e+00
6.458069887099910922e+00
1.136348929197756874e+01
8.659997433923150467e+00
1.099696927945756109e+01
6.508114592995084102e+00
9.648488655397454039e+00
9.904880951665530731e+00
9.598611010627180917e+00
6.520395352703358682e+00
9.113116310510301687e+00
6.790843508398316963e+00
1.789400892912361485e+01
7.683749084919418770e+00
1.120634740770703708e+01
6.302027892318118774e+00
1.680555463728188670e+01
5.175154318686759680e+00
6.845598748263165945e+00
9.029334908446406516e+00
1.026623375710662245e+01
5.652924513520019900e+00
9.744742172063865837e+00
1.113951923957622547e+01
1.017709847320607075e+01
6.727720432822859919e+00
3.379677828169753706e+00
6.910861017268398854e+00
6.358196809368727997e+00
1.656770620480967438e+01
3.593821859184947787e+00
1.066874979658920708e+01
5.101633725255730667e+00
7.135513685471813972e+00
1.275861364812894649e+01
7.129282338823919929e+00
7.427875425270225485e+00
8.870926295113342519e+00
9.002715639677223436e+00
2.451629843367242501e+01
2.792800267354135713e+01
1.131292279750119256e+01
4.756282395129858287e+00
8.883442776061292179e+00
1.033741854730774712e+01
1.496573864977380097e+01
2.077648243139878304e+01
8.352245207128440541e+00
6.344201201797504019e+00
5.084180257316698537e+00
6.093347921207920237e+00
1.210619676033724446e+01
5.709251750935103509e+00
5.971785513748984364e+00
1.890396783746734855e+01
1.149995169071978829e+01
8.114732829174899464e+00
2.715846501962550619e+01
8.204605752597473156e+00
7.523001764957625959e+00
1.086073457716169166e+01
6.506065546003121369e+00
1.286062034100826601e+01
1.011401667654020287e+01
5.289822513300632245e+00
7.892612579705994946e+00
5.842373946721771460e+00
7.237556370918449389e+00
1.369898617497741178e+01
1.655482474151333960e+01
1.229019482713308697e+01
6.790843508398316963e+00
9.195651146058120062e+00
1.035803499168104125e+01
1.004567347446429437e+01
1.780936083449749319e+01
1.211977264179856206e+01
4.999555535800713102e+00
4.090096440047457982e+00
1.300085467275987305e+01
1.072484136116810838e+01
8.193222131059847868e+00
1.000799680255744484e+01
1.268524952673598705e+01
9.978643862436083367e+00
1.240967364599085698e+01
8.064738061462380259e+00
7.124293337276025539e+00
6.071426704014650788e+00
3.180705721831067478e+01
1.199147845578498739e+01
3.946306289852997917e+00
1.318821022310794433e+01
1.948286996882703193e+01
1.091909642171304817e+01
2.767879252343851348e+01
1.169501318226419784e+01
1.043626156990881348e+01
7.427875425270225485e+00
1.479489401411476557e+01
8.560892995995738275e+00
5.720916787446649110e+00
1.368697677843187321e+01
1.301725350789823565e+01
1.426978159141430780e+01
5.859086011391954507e+00
9.659997699562643092e+00
1.619245366075060133e+01
7.544239892497822453e+00
1.199925923639547953e+01
1.981402421406503578e+01
1.229742520476000500e+01
1.244436507911199996e+01
1.448984318602363786e+01
8.307961375826335981e+00
1.225724275683564812e+01
9.949651026822778022e+00
1.074843657881874748e+01
6.231104770958892480e+00
1.831647709941334057e+01
2.392339626576646694e+01
1.222674663732480127e+01
8.314378442727326401e+00
1.195547294477861122e+01
1.328257003243975731e+01
1.175112287778869735e+01
1.873843346944692811e+01
7.352701695446525854e+00
1.028785691968934835e+01
1.789475404195939845e+01
1.328156617270719408e+01
1.142511852600809341e+01
2.301728818856720693e+01
1.144183357489329822e+01
1.955800489711451817e+01
1.601943264358080299e+01
1.384613865146364731e+01
2.007541337612309817e+01
1.478197100073825432e+01
1.099616094623735307e+01
2.609929756398307887e+01
2.483939523328930221e+01
9.739723929466492791e+00
1.817568583453057940e+01
1.652419102070927082e+01
1.987896710931766009e+01
6.277416312110862862e+01
1.415093243884970597e+01
1.928315326911031846e+01
1.962470098852180911e+01
3.252048926787882976e+01
2.221370948060879158e+01
2.154643564232582875e+01
1.174431304457135639e+01
4.991548412622636022e+01
1.498354653166821926e+01
3.198430170498576786e+01
3.431125503711897551e+01
2.502976006454894176e+01
3.517511746801834249e+01
3.293603227807232514e+01
4.581974343979774744e+01
3.961122175455951577e+01
2.320861908860585388e+01
2.177296999084466478e+01
3.001880891855785549e+01
3.880458163098212054e+01
3.666399990302324596e+01
9.992130236674593391e+01
9.048182137866146491e+01
1.263223390114881006e+01
5.341909770859107454e+01
6.926875197374354798e+01
2.985073980099432589e+01
4.745786435237987888e+01
2.344601363890150836e+01
2.270526126008879331e+01
6.784734499022214038e+01
6.752204578259360801e+01
8.976547220396047067e+01
4.630545924138487379e+01
2.868836388193342657e+01
5.285535818522934193e+01
6.168183597209870328e+01
3.917969995914834413e+01
5.917304191005300140e+01
4.215969639359372678e+01
5.178528319470268571e+01
1.184463122637800296e+02
6.968768422995080414e+01
9.826291263747478411e+01
5.592550600774410441e+01
4.197533667391947176e+01
3.100250885905132137e+01
6.829433033243357443e+01
7.559318017446341287e+01
6.257525247429867932e+01
6.828808257831099127e+01
6.958812159173911027e+01
6.854669130518911402e+01
6.517122746188604765e+01
8.776291294669343301e+01
6.828027208173351426e+01
5.590730423358531453e+01
7.321790916314273545e+01
5.808025099425410787e+01
6.442132152219998886e+01
8.993172719099503354e+01
7.001809289985934015e+01
6.761143887439953915e+01
8.562512611507338534e+01
7.569012852119855950e+01
9.691127672028450490e+01
8.205461595790940521e+01
6.491621951065508256e+01
1.085158462570738607e+02
4.945417632066634894e+01
1.066794575664249578e+02
9.683676987591024954e+01
7.185800813641672846e+01
9.689779265918404860e+01
6.367961473920310311e+01
9.869323966491097622e+01
1.177933029599824977e+02
7.703782620678407511e+01
1.019214512368334766e+02
7.076050373540941507e+01
7.451520351952046894e+01
7.671980766978556687e+01
9.212590418672817805e+01
1.038436003484727905e+02
1.184481133473875047e+02
7.695193304914438670e+01
1.159700344437686539e+02
6.015225127402408845e+01
6.673476521940337136e+01
9.640954309610640394e+01
6.956806419295821797e+01
6.838927791206261020e+01
9.971390185035495790e+01
7.646948556268850439e+01
8.354463876674951450e+01
7.981784818503246015e+01
8.431090610881186365e+01
8.010565245696182046e+01
1.223625578171507442e+02
1.010925648436454765e+02
8.895277148889491059e+01
7.308977736698584238e+01
9.322789282183740056e+01
8.287886743112906629e+01
7.544611027452346264e+01
8.027408603583653246e+01
1.091695114133163997e+02
8.709279852867030058e+01
9.950736432825239319e+01
8.231176505619757222e+01
1.187242556889235203e+02
1.250875959744476944e+02
1.175145191975111629e+02
1.357830622721405405e+02
9.877156585891621887e+01
1.232314173505369581e+02
1.059938362987835774e+02
8.631739878688034651e+01
9.175958926576677754e+01
7.705709283093644046e+01
1.016279489117044079e+02
6.853171204307940911e+01
1.354264704143502627e+02
8.815793907653593919e+01
9.412913116210802400e+01
1.178551653513752484e+02
1.273768512023366952e+02
8.040469859128604924e+01
9.930415678890564379e+01
1.216342422547568844e+02
9.394854383591524538e+01
1.494005206000151418e+02
9.537467635011344669e+01
1.116313376949123182e+02
1.297200404289517905e+02
8.387673495473381990e+01
1.261194495530152437e+02
9.739025732701513505e+01
1.109377002345610777e+02
1.208789293282975592e+02
1.120142054483368668e+02
9.812563375591516035e+01
1.128594799838375167e+02
1.142785291392141716e+02
7.476689701257427600e+01
1.148418429357909929e+02
1.404050331481508067e+02
1.106680722802300494e+02
8.476120705972881808e+01
6.673949355516566584e+01
9.093866064551423278e+01
7.520059101422600634e+01
7.848045758163125640e+01
1.021742737787855475e+02
7.629754619616252853e+01
1.219703789177246449e+02
9.096797971447608688e+01
8.530874645792317779e+01
1.099204560883308517e+02
1.156827078213891440e+02
1.179696006039974066e+02
8.949323996816742977e+01
8.457485836031098358e+01
9.015428750511844669e+01
1.150405532361909735e+02
1.122688440010554842e+02
8.021676189481154040e+01
9.292209401189555251e+01
1.147244040685716016e+02
1.241034335633878527e+02
1.423874838444571651e+02
1.221533462497037021e+02
9.021726861059114810e+01
1.190987265535054860e+02
1.132648028098559507e+02
1.143299319221932109e+02
1.326129539507945481e+02
1.252438687787416853e+02
1.136625805717177116e+02
1.118867681582093354e+02
1.035957957104866693e+02
1.296517729235594629e+02
1.107188631926225355e+02
1.299524015425135133e+02
1.200374756297197081e+02
1.390666347075706142e+02
7.373001800864798838e+01
1.237412353798576561e+02
1.187971941307257282e+02
1.157939933195539055e+02
1.434519509181461672e+02
1.131458056373868999e+02
1.093281299574816785e+02
1.099120860809522924e+02
1.416994315051718445e+02
1.165891170831232415e+02
9.896589760563428229e+01
1.123914982945279917e+02
1.122485337691915390e+02
1.088341041320331044e+02
1.384157023847607775e+02
1.244689340982542234e+02
1.156124945189268374e+02
1.262571274115731939e+02
1.113119739990067671e+02
1.272775794168879600e+02
1.105108139504908564e+02
1.120147609320604971e+02
1.055029014872208393e+02
1.342512404246439530e+02
1.091296883936213078e+02
1.160347457541154768e+02
1.205038680799177513e+02
1.273995290415157058e+02
1.296435454964453129e+02
1.260097703442960011e+02
1.285662820839464473e+02
1.121965339135849575e+02
1.022675358502828402e+02
1.052817595259924133e+02
1.275838025247196725e+02
1.072683032814861264e+02
1.035585502666647812e+02
1.122666270783778231e+02
1.231359501616900758e+02
1.120784249235031638e+02
1.231749252982205860e+02
1.125560403631107675e+02
1.009946973305474529e+02
1.077044103089562270e+02
9.696381914003913494e+01
1.179137914843815906e+02
1.035988845928801112e+02
1.093894977693115749e+02
1.139045604393822799e+02
1.232909837200866292e+02
9.552884381169910455e+01
1.201403993482440313e+02
9.358404422407342338e+01
9.149222189162675534e+01
1.175742602216431862e+02
9.687990274332213403e+01
8.599922480270777214e+01
9.662330061751265475e+01
1.130452416807831213e+02
8.520266036535088006e+01
9.063661266593955190e+01
6.169386787463834310e+01
1.011401667654020287e+02
8.101972325030217803e+01
9.958571963668063631e+01
1.076489355884828569e+02
8.011391889053986404e+01
1.135752320417322920e+02
1.030043364782926716e+02
9.924770358384452607e+01
9.189883326547490583e+01
1.129635142670214378e+02
1.061818984363886642e+02
9.357882001583240594e+01
9.304756250912157611e+01
8.937297627856470683e+01
1.052140675005010877e+02
1.089795087772620406e+02
9.302821555253484576e+01
9.226339107865770472e+01
8.686914808428184642e+01
8.458090144287237422e+01
9.357649277462797954e+01
9.170256266866263672e+01
1.162111870690597613e+02
1.058364776435799826e+02
7.646768380608024529e+01
1.161481812169265027e+02
1.022773136569830399e+02
1.001109162656878055e+02
1.125674119015899919e+02
9.038574125503546952e+01
9.823495643948068334e+01
1.018518313804693349e+02
7.569012852119855950e+01
1.019809568280056595e+02
9.456670778990999793e+01
1.231155915751083540e+02
1.054537286628068387e+02
8.822078364346275237e+01
1.110602239027696641e+02
7.797509573931637306e+01
1.026799558498801304e+02
9.379684903496966797e+01
8.906227534084725050e+01
8.904370961624533720e+01
1.041461793186224725e+02
8.030065725481675543e+01
1.069266830849791035e+02
6.536244249482180635e+01
8.492244828207806506e+01
9.181953314337134486e+01
1.053133736363367490e+02
8.379297239161660116e+01
1.037176937653359232e+02
1.030172801038738299e+02
1.061376464785233509e+02
1.064015455192681401e+02
1.110914738202511813e+02
8.775227758994192584e+01
9.299448012292629073e+01
1.017735176206899439e+02
1.077791981578799607e+02
8.090142149554604600e+01
7.629346848409326753e+01
6.944913406387600219e+01
9.939608755993478439e+01
1.168557325175886348e+02
1.182623449041250012e+02
8.912228802169647679e+01
7.839767570250761253e+01
9.637279468582177344e+01
1.298155957074838227e+02
8.799696964479325345e+01
1.115437134042075940e+02
1.073448441032710008e+02
1.014565040902860034e+02
7.979796711417876054e+01
9.428811637151783032e+01
8.394717915980791645e+01
1.177717943972815391e+02
1.151743412782937952e+02
9.447163007426561876e+01
1.047552491392303580e+02
1.085649831002407240e+02
8.801530169995062636e+01
9.693081152152922186e+01
9.798698326251751212e+01
8.246572351926316458e+01
8.757168492155440731e+01
8.405379229993134516e+01
1.027926499750292777e+02
6.712264065789493372e+01
1.007881386319287458e+02
9.954085704986783867e+01
1.002606381166385461e+02
8.532093659953706322e+01
8.203224298340798271e+01
1.029575101140703026e+02
1.180417252029505306e+02
6.627639096993739543e+01
8.023022428542057582e+01
6.374239823958095741e+01
1.261185685509208838e+02
7.374351948928574529e+01
9.303538156111483204e+01
1.163899575660298211e+02
8.085993376752722384e+01
8.473367427154067855e+01
8.451414082862109467e+01
1.296556807685477111e+02
8.599881136129472736e+01
1.159420544927508132e+02
1.163413750802162099e+02
8.912722492158174248e+01
1.199282378017046398e+02
9.019864497627199285e+01
1.210437202923894944e+02
1.235030184066590238e+02
7.383934512770876779e+01
1.019219745142767835e+02
9.889851139201012131e+01
1.056931407424341955e+02
1.098187597817422017e+02
1.128703090571947882e+02
1.174351830680321314e+02
1.139786334752654113e+02
1.010215818525922771e+02
1.279969791310195859e+02
1.132449851722656575e+02
8.846578748621161026e+01
1.241249191562901046e+02
1.169232226719739458e+02
1.225669884865687038e+02
1.309259332599924619e+02
1.203610494396846917e+02
6.553662250138383172e+01
1.167971460838548694e+02
1.182205847839819484e+02
1.206715652780996635e+02
1.142506017489623531e+02
9.096240981856186636e+01
1.067980440936172783e+02
1.155213496381609275e+02
1.071905883098988426e+02
1.209870516487887073e+02
1.094183815554873860e+02
1.206809567965606362e+02
1.032225212290849328e+02
1.261553539622212412e+02
9.830076296753755116e+01
1.067923010125522012e+02
1.240826606205180695e+02
1.306182563384188313e+02
1.240964499447461549e+02
1.245979133051593379e+02
1.115230718531172727e+02
1.081793572421898517e+02
1.014018189624273418e+02
1.195362148751024733e+02
1.108625976403022690e+02
1.242554715987276950e+02
1.201534944236838243e+02
1.024262119229686760e+02
1.068072823151846507e+02
1.053963946252432322e+02
9.787134412073842782e+01
1.288727882663968387e+02
1.157643967528685209e+02
