1.135879492825811354e+01
1.132941108599893454e+01
1.382654451890758196e+01
5.982938705649219813e+00
1.515461059289291690e+01
8.902933349308092659e+00
1.397521615813747253e+01
1.011928851253881412e+01
7.208020224413604460e+00
1.576268448654042587e+01
8.459051693633012903e+00
8.325596408399555060e+00
1.640189690926699484e+01
8.163332652783420684e+00
1.357677755908554751e+01
4.027681991198190481e+00
6.820231341791534341e+00
1.013771834947752559e+01
8.655377262462657484e+00
1.036318269430562289e+01
1.084722186655284659e+01
1.404658914707291828e+01
1.089260707493338742e+01
7.292004754066836014e+00
6.584831053261731348e+00
1.209334068356998237e+01
1.056324865854355544e+01
1.401364414498321231e+01
1.584704669296108648e+01
9.776161482572458539e+00
7.101173611922655837e+00
7.283466817998753839e+00
1.710230653709869841e+01
1.246791437606502484e+01
1.287823314313298440e+01
9.093587484229386675e+00
1.808203528367312884e+01
1.323362720076732835e+01
1.225107705015721926e+01
1.821647605877712195e+01
7.833262411026455929e+00
7.970501169242050210e+00
9.220749547744055974e+00
1.112274946025287115e+01
4.616877251514875269e+00
3.335998934185814058e+00
8.629149565410383360e+00
8.499934640271588293e+00
6.518350166176169580e+00
4.287449384216939663e+00
8.400000000000000355e+00
9.742461473136835082e+00
7.588295080070505350e+00
5.399588461684422747e+00
6.323149707402333952e+00
1.003859219877634601e+01
1.213699578424029468e+01
7.628601153262343892e+00
4.239496825489239562e+00
8.466929129790143449e+00
8.441695458983474509e+00
7.236942264059686991e+00
7.499333303701069653e+00
5.844655678480983774e+00
8.355969256897862962e+00
1.394656469051309777e+01
6.064834888290218551e+00
4.544104850120525896e+00
2.007652028282457835e+01
1.355417114970722103e+01
1.241969761664465466e+01
1.414622053961960368e+01
4.434210439550903438e+00
7.350283441246784122e+00
3.812260921465545849e+00
1.517219679398984056e+01
9.343803650905055491e+00
1.028051014730732682e+01
7.911735306211625129e+00
6.214677966091422867e+00
6.326663154196426220e+00
1.262519526801686887e+01
5.986651818838306660e+00
9.596295581571508748e+00
1.145697264648136660e+01
1.138107591086576065e+01
1.212820404401794860e+01
8.646129512999186417e+00
8.228406082994849768e+00
1.843354430259019949e+01
1.003637827549803241e+01
5.982938705649218036e+00
6.268084945889683901e+00
5.709251750935104397e+00
5.929212051829110486e+00
7.444610280076601860e+00
7.803133273813084081e+00
4.770278351999552413e+00
8.465354228986653240e+00
7.668115805072325486e+00
9.534964895349931524e+00
7.319380665967124777e+00
8.245133244661495553e+00
5.436502143433362910e+00
6.384007797266193940e+00
1.361600365582925143e+01
1.168741013037343457e+01
7.209253313161727128e+00
7.451770855903238733e+00
1.327888884240277356e+01
7.481532819772517939e+00
6.926920110858953983e+00
5.157087894883657597e+00
1.141227409414968541e+01
8.168775237995527405e+00
3.342653636459113731e+00
3.095516470998373126e+00
4.827697864061779143e+00
8.929352346801717744e+00
7.579504527928516033e+00
4.654269246855215592e+00
9.687563619862782360e+00
5.208539995899895914e+00
4.950420857529858942e+00
9.027365802565736175e+00
1.091583966333124245e+01
5.211099265563413852e+00
1.056703469390643235e+01
9.949651026822778022e+00
5.737207993053377031e+00
5.347481234708126863e+00
6.173059749157354226e+00
1.196476307979207654e+01
5.509587603038502479e+00
3.720215047547654752e+00
4.287449384216940551e+00
5.070174224488412484e+00
5.276362383309167292e+00
7.316343956436773155e+00
5.322488974989886046e+00
6.438081149604196085e+00
8.531249745624741365e+00
8.820178884555323506e+00
8.636871861707545506e+00
5.971785513748984364e+00
6.381918903346303296e+00
4.346134936801766102e+00
1.030080902971541867e+01
7.948724565754069715e+00
4.773072618578332538e+00
3.759432581299115839e+00
7.075466219424852987e+00
1.248358922746178834e+01
1.076702785771862203e+01
8.724422935389799960e+00
5.263712251507168816e+00
6.209669878504008977e+00
6.009621914526366737e+00
4.239496825489239562e+00
5.908938614976090520e+00
1.720852501910995613e+01
5.151051672555162497e+00
5.175154318686759680e+00
9.850888284819800944e+00
1.085459452131779123e+01
9.412521211426593482e+00
4.693257575146144944e+00
1.083123056515535509e+01
2.149418526020467723e+01
1.003903492484323579e+01
1.153814928352415237e+01
1.113233528460623134e+01
6.574698979167538759e+00
2.118490028298457872e+01
8.647671491345066741e+00
5.389702115042062758e+00
8.678453523269888947e+00
1.007218391853965755e+01
6.489649879273576616e+00
7.531858262665920734e+00
6.446359868604571552e+00
5.314132102234569111e+00
1.303670033235233916e+01
4.555826550205303249e+00
8.217596296295461400e+00
6.829999186595038019e+00
7.144228439796701302e+00
1.823135272606567270e+01
6.798692684790379026e+00
9.272180613713979724e+00
1.239820775578291112e+01
6.932692278056355129e+00
1.108432326406182611e+01
1.029476673957318056e+01
1.517541872019791604e+01
7.675067860720624857e+00
6.406940680924780196e+00
1.276871175960989468e+01
1.043370606362965347e+01
9.978643862436083367e+00
7.131775530835378518e+00
2.322776116824195469e+01
2.116286055018712986e+01
1.031805321861746449e+01
8.380930735902785145e+00
5.059644256269407059e+00
1.535997685183440709e+01
4.265624872812370683e+00
9.294203689516505662e+00
8.615231988880056591e+00
8.277412370756668025e+00
9.373722135132162236e+00
1.214285340802930513e+01
8.701468586138522809e+00
5.881798666696739453e+00
1.785198401672299440e+01
8.163877074582202908e+00
1.221401744808898826e+01
6.495810615739621596e+00
6.301322612489117070e+00
5.569759619788112737e+00
1.131174414294964414e+01
6.731682966060979822e+00
8.978987817244338032e+00
2.375673004060580240e+01
1.155085374430055900e+01
1.666719999146693709e+01
9.039665677200432015e+00
8.706064297692472920e+00
2.698806320497185496e+01
1.690943195050883219e+01
1.424016229620372620e+01
9.054403471362551414e+00
8.213809510006100822e+00
6.444291185917104592e+00
8.379870059984355635e+00
1.150574735609218102e+01
6.580780095601634905e+00
8.661536943419580581e+00
7.637335195530498666e+00
1.489459260567031684e+01
1.778263822446551856e+01
1.685098084847156841e+01
1.247326028840183554e+01
1.303431368861948769e+01
1.389900076344419055e+01
6.510162995057974911e+00
7.485096303099022741e+00
1.203254845085704261e+01
1.877042591122771498e+01
1.155970011145041276e+01
9.643420324529857979e+00
1.693044594805464698e+01
7.666376806114693743e+00
1.431487183161468479e+01
1.198591766291685623e+01
9.882419856605073605e+00
8.570232720812713367e+00
1.709138834488162928e+01
1.124198479905671455e+01
6.123180001709351394e+00
6.007402840570031266e+00
2.592467721860561625e+01
7.972173828734265832e+00
1.479128872756604096e+01
7.718952145351221539e+00
1.396980871578259986e+01
7.779174477767905493e+00
1.865356683199101795e+01
9.889163541753950071e+00
1.299982905870517769e+01
1.788655609358293574e+01
1.521782580470095247e+01
9.036715234100396898e+00
1.532666521676084415e+01
9.936241185120703534e+00
2.348843687150480974e+01
1.488832503078241665e+01
1.898303336022869559e+01
3.541914109003146649e+01
2.018734477064502286e+01
8.974036624247380800e+00
1.651127560857192833e+01
1.751951293082468553e+01
1.592259052066870417e+01
1.545085398574748403e+01
1.738837414928594072e+01
1.243579064188879357e+01
1.011709224805010621e+01
1.599916664496414853e+01
1.400698238578015697e+01
2.072636538861124933e+01
4.677587222299785452e+01
1.905314205642266856e+01
1.253723343573941129e+01
1.505486263268080904e+01
1.265156995088839764e+01
6.691287868066455147e+00
1.097390844989453385e+01
2.182557113927503778e+01
1.708748729984084491e+01
2.068880534653140657e+01
1.742106005194096241e+01
2.411583159116295860e+01
1.044860437251470131e+01
1.977023576546881145e+01
2.570603042089540580e+01
2.041067258949482621e+01
1.509819709619514860e+01
1.664879041318684827e+01
1.502797391533536064e+01
1.738965209542732637e+01
1.423828953522468943e+01
1.850285263292002469e+01
3.042323673334797007e+01
2.062511952827317430e+01
2.929497491986561641e+01
2.354702151488001505e+01
4.094494949183462751e+01
1.662875688545465280e+01
1.676027048309980927e+01
2.487801349697269515e+01
1.806654366501794229e+01
1.890608367695435632e+01
1.669011683602005647e+01
3.084729413669139575e+01
3.387663895174175366e+01
2.894085923626548507e+01
1.576014664342379135e+01
1.606099484949657707e+01
1.237632147826377960e+01
1.750352345481712746e+01
2.497910237689808710e+01
2.009798220938830582e+01
2.557290232518267459e+01
1.696584804835879723e+01
4.883641628493593601e+01
3.180538039738280176e+01
3.533433960831241194e+01
4.163726962977066393e+01
4.313462130998202326e+01
4.504348516218028209e+01
5.005312733042318740e+01
2.096875983192351001e+01
3.883240342234247322e+01
2.642944485901199414e+01
3.498914117265527324e+01
5.542907379906525733e+01
6.704612011311483855e+01
1.644168144956253741e+01
3.775146796262806248e+01
4.788439783014458584e+01
6.373570427946960137e+01
6.531142489811580276e+01
5.170359970275011818e+01
1.100665657177005130e+02
6.995223767368385381e+01
7.398780680325343440e+01
5.503170803172375969e+01
9.831730942887593017e+01
3.847400276665906915e+01
4.408143978289879783e+01
4.378005634228139797e+01
5.023473787021178083e+01
5.647851115444017012e+01
5.221723853288298756e+01
4.075945698035405940e+01
4.845543198537072982e+01
7.032161039743677122e+01
3.993305509085034544e+01
4.898680094338337909e+01
5.468438737173730146e+01
4.854120815234091424e+01
4.673870630073821530e+01
5.845659358304529718e+01
9.790053909736940341e+01
6.662418646574397485e+01
8.535744451032570623e+01
8.398798855921138795e+01
4.709989384276784108e+01
5.331599718241754715e+01
3.682535358508681611e+01
9.213960422460401389e+01
7.494869356210732292e+01
1.310683282363312401e+02
5.723891450170358297e+01
4.559561382413883024e+01
5.386130336336098168e+01
5.875130258603255129e+01
4.370730933023547493e+01
7.861252374074304328e+01
1.233347026951007308e+02
5.603292682779375156e+01
7.906014588063106885e+01
7.395476094658590682e+01
8.239811216823410689e+01
7.179507875428046759e+01
6.175053755951351064e+01
5.678082618474498844e+01
8.611129749083771401e+01
6.855148916447160445e+01
1.188322066332748648e+02
7.457834061501293377e+01
7.288974931741469732e+01
5.241992835638836112e+01
5.050966904134957502e+01
5.073197545269977837e+01
6.085596839167780558e+01
5.364301756364319829e+01
6.790365724073089382e+01
8.125094187488262776e+01
1.169019342107829260e+02
9.458461232615424308e+01
7.088193626650509316e+01
1.221419210954571781e+02
8.448152986830251621e+01
8.120415971830234980e+01
1.221122252501998844e+02
1.060803888043821530e+02
8.823292406403002985e+01
1.026472708951495747e+02
1.484806609180692760e+02
1.177780209641095155e+02
9.324710302321580002e+01
5.302301387133703514e+01
1.082736450952965015e+02
1.300139479696954083e+02
1.231695128223250038e+02
7.017774259375657664e+01
6.837075398150878414e+01
9.024889042100308245e+01
1.158953550981804170e+02
1.307648610632416251e+02
7.288700539571888726e+01
1.218544851679886136e+02
1.164850777281507987e+02
1.112910099194399862e+02
1.060556248180904078e+02
6.924045060511956251e+01
1.314744419607434054e+02
9.320071530483730271e+01
8.741888939023547778e+01
7.551406050089833855e+01
8.477614968583768018e+01
1.246368948407956623e+02
1.055865311275806420e+02
1.406496672192610902e+02
1.586482342234612588e+02
1.525034061550393290e+02
1.325585153809441294e+02
1.180544883611894846e+02
1.148381276212545998e+02
1.317154508780196238e+02
1.311576489911620911e+02
1.084915972168659124e+02
1.163917904703286581e+02
1.218389465191196166e+02
1.342370374457892694e+02
1.228526488657584395e+02
1.483736125087236815e+02
1.194312447486930608e+02
1.393482288688625204e+02
1.527856305052569041e+02
1.232600863576238339e+02
1.183867485076865478e+02
1.323111484342872757e+02
1.328214172823377623e+02
1.367142356238816205e+02
1.427403236650386589e+02
1.648825036200020975e+02
1.118279631100080991e+02
1.425851168795522028e+02
1.453832635943124387e+02
1.202374687395276425e+02
1.352287937780510845e+02
1.607669120186115777e+02
1.302525069069903054e+02
1.466071697503986968e+02
1.473778213376158703e+02
1.444072328136263934e+02
1.324322216582253873e+02
9.662219666768545778e+01
1.131791892924175755e+02
1.393163626028503757e+02
1.167114199877439376e+02
1.070373558882858305e+02
9.278682856718164373e+01
9.769030430680189170e+01
7.718963661010459987e+01
7.836535515703918975e+01
7.279542110142185152e+01
9.992575021262312873e+01
9.877912510017264935e+01
9.788006266174262748e+01
7.972006578577872915e+01
8.828876863263336361e+01
9.419115315852829440e+01
1.128443175352662564e+02
1.528412975024166087e+02
1.251709231411193173e+02
1.377368828197040500e+02
1.251179709980411587e+02
1.273148328619515866e+02
1.179873816228761996e+02
8.408477203922770116e+01
8.424366774752601827e+01
8.170488901460481657e+01
6.522317243297985101e+01
1.147200650859880398e+02
1.178907215272780604e+02
1.151406096909339709e+02
1.173789683981854779e+02
1.163103129085675391e+02
1.185454437008112905e+02
1.273314834071553179e+02
1.357847315913440127e+02
1.141496094313657039e+02
1.302391987417340147e+02
1.479079293194099023e+02
1.058671284624688838e+02
1.217778304947169090e+02
1.168074579049737878e+02
1.124735228101855853e+02
7.214750322930255777e+01
8.529009321134547861e+01
6.089466314875220121e+01
8.646437930667684668e+01
1.112781499966038723e+02
1.290136254647374869e+02
9.585298928857437772e+01
9.909941136723936950e+01
1.185025831879719931e+02
1.160711659093487214e+02
8.185879440977751642e+01
1.441028336524534552e+02
1.114167352281015866e+02
1.305497095617859600e+02
1.395367892548612474e+02
1.130865155533585380e+02
1.292015823776508228e+02
1.255200736491533888e+02
1.260799746192867730e+02
1.374433216517509493e+02
1.298064542137853721e+02
1.529107800865153592e+02
9.323304135337428988e+01
1.119869039962560464e+02
8.893343328330215058e+01
1.317421724429956384e+02
1.143362681839066255e+02
1.229514086494696699e+02
1.313198639455077341e+02
1.026321587028159570e+02
8.417875160764872078e+01
1.225103351649248395e+02
1.534878352038217599e+02
1.148112654170603122e+02
1.341183556912823747e+02
7.812912389115854239e+01
1.356465341327312615e+02
1.204022148190527730e+02
1.510307694919592620e+02
1.644503842771092081e+02
1.458697440260392852e+02
1.484514136753915352e+02
1.180433818559939283e+02
1.197293985990445435e+02
1.161842215334480528e+02
1.054519163726608895e+02
1.431275421899409821e+02
1.144766642886954031e+02
1.434544604472869764e+02
1.297240489997475095e+02
6.725473960993380729e+01
1.197394207806639059e+02
1.215495509384272879e+02
1.433037178706663894e+02
1.196394583738993731e+02
1.067850592961809895e+02
1.343300413161553308e+02
1.219499715274897227e+02
1.128258047709929883e+02
1.023022971394093474e+02
1.391263214971679361e+02
1.295870363886758412e+02
1.219430832624612435e+02
1.235415539628490933e+02
1.271365669926109803e+02
1.441267343540245065e+02
1.085538064228467761e+02
1.185301461888727772e+02
1.183323004649758872e+02
1.352739771311869390e+02
1.528776707770700796e+02
1.426189328245026502e+02
1.274017268328808825e+02
1.591466689008042863e+02
1.588555738189042188e+02
1.316906476051609047e+02
1.035184148942699949e+02
7.729637047681403317e+01
1.786757460379618010e+02
1.686146164746369038e+02
1.568871356527785110e+02
1.561250211280120936e+02
1.388853083982927501e+02
1.561958030450526849e+02
1.513873031517358072e+02
1.270599158752366833e+02
1.375693118233698158e+02
1.237570020465733336e+02
1.598266560996631540e+02
1.508411379196301425e+02
1.423089596617163011e+02
9.860236643542924639e+01
1.353841283985025541e+02
1.427636119215568442e+02
1.522615585833214311e+02
1.431939787685067245e+02
1.199139691612282519e+02
1.279180293087030975e+02
1.182713264771587234e+02
1.378513531147067113e+02
1.666627199532703685e+02
1.588989895779355948e+02
1.757407939741557641e+02
1.450700979986341963e+02
1.627149655071714562e+02
1.062309852266381824e+02
1.623990147753366102e+02
1.675436128959329380e+02
1.365437496026659971e+02
1.341625216751020275e+02
1.160757224114212960e+02
1.440453632251544036e+02
1.134147942534639384e+02
1.386794224902246242e+02
1.498823835175064403e+02
1.680855602232254569e+02
1.510086090261081608e+02
1.239323471361156237e+02
1.313444326951089351e+02
1.439641930790045024e+02
1.387377381969303656e+02
1.220210182259142186e+02
1.128372278993063418e+02
1.368958079059480326e+02
1.269187666711796112e+02
1.119958332558254881e+02
1.388190508859965178e+02
1.541448957600896108e+02
1.582200998609215787e+02
1.267122023414565319e+02
1.545791994056409067e+02
1.228175883169833327e+02
1.027212841733504547e+02
1.167878228051005038e+02
1.384080280266366003e+02
1.188775280137783881e+02
1.633399182346093994e+02
1.435899098900135868e+02
1.464715975501355842e+02
1.506661651909058719e+02
1.074131380335861081e+02
1.430292277822962888e+02
1.112857383295611555e+02
1.476610834158938417e+02
1.363434226095593260e+02
1.586286509079897940e+02
1.263681394445081878e+02
1.700919228600294844e+02
1.360347341265784564e+02
1.495900472030884316e+02
1.524807601706596358e+02
1.353660715738376439e+02
1.351650184856356418e+02
1.179099468049899428e+02
1.623278438496886054e+02
9.144679084339459507e+01
1.070554165945012954e+02
1.537376408763391566e+02
1.396353345921678510e+02
1.724097702825709462e+02
1.433478132220912187e+02
1.650389852933744521e+02
1.220335837200381235e+02
1.386034471272469943e+02
1.440969426771049768e+02
1.279788871476680754e+02
1.389368521627321513e+02
1.483703474417984864e+02
1.305607393769913642e+02
1.337992858310121562e+02
1.000558954895823263e+02
1.257599123550726432e+02
1.069068130039740083e+02
1.438637318205437623e+02
1.434999032132852221e+02
1.227446491252832175e+02
1.475704577481550075e+02
