1.528048864838206988e+01
5.426683046658325793e+00
1.980976190333106146e+01
9.790244577582772223e+00
1.115745889030691806e+01
1.007615446928484104e+01
8.576453553512406458e+00
9.336666071641062103e+00
8.014985963805550284e+00
6.771180760317131231e+00
1.939919815066820874e+01
1.423235749972575626e+01
1.684121927494166471e+01
1.373786333055067566e+01
1.817984231688126329e+01
8.767110254937040992e+00
6.601010023726167297e+00
1.124158944870934818e+01
1.019280792192874330e+01
1.240250870679888706e+01
1.153814928352415237e+01
1.032580370829419714e+01
6.887670143089025032e+00
1.081644837992377006e+01
1.182577223224297036e+01
5.560175856531477834e+00
1.060942976789987569e+01
1.345345886958277859e+01
1.301008156093658918e+01
1.098281485877924801e+01
5.965083588871342712e+00
6.489649879273576616e+00
8.925369584629098796e+00
1.080534846988080844e+01
1.349304347514756408e+01
1.076702785771862381e+01
4.959390643572611168e+00
1.224018881481091370e+01
8.523431755395762366e+00
6.741579109443787132e+00
7.812809993849844759e+00
1.310402821866450118e+01
7.554248252914823603e+00
1.062073443788140281e+01
1.309350984266632700e+01
9.574038971208663540e+00
9.872520785831076395e+00
1.227463509301464484e+01
4.358389100981640674e+00
1.023631878275692486e+01
9.773888115222565176e+00
4.630334761116090547e+00
1.783953163311438317e+01
7.978860960201163088e+00
6.897986823865512207e+00
7.761443164772901859e+00
1.041707999179979183e+01
8.349584154648393763e+00
1.097147817449104323e+01
6.413180871368660441e+00
8.048740412152836754e+00
7.628601153262343004e+00
7.133644853010899567e+00
1.559401594629598087e+01
4.991548412622635489e+00
5.771962885843563207e+00
8.810599676904329769e+00
8.559335384375485134e+00
1.247397290361013944e+01
5.243408560596183321e+00
7.462498836776384259e+00
7.666956516260035492e+00
6.513575566972924946e+00
6.225396015962001428e+00
1.398507140568907658e+01
6.470445631227161876e+00
1.090076449918383794e+01
4.455209185760965696e+00
7.941452428030194355e+00
4.090096440047457982e+00
5.801915392542554173e+00
7.764878191789831519e+00
4.479087208597553271e+00
5.783501438479018653e+00
7.113055289786208490e+00
7.764878191789831519e+00
1.040427262661301455e+01
4.060651288757616051e+00
1.030080902971541690e+01
7.898241717130606077e+00
6.096993794759293372e+00
5.659210781254454758e+00
6.772493386240157065e+00
5.268775948927795660e+00
5.236623169774794917e+00
9.698568050089777515e+00
9.056857438795569593e+00
7.359347797189639273e+00
9.463379711052258614e+00
3.841296077570115486e+00
1.779762780697347679e+01
5.288982258746321108e+00
5.893122168162550523e+00
9.775252199076787107e+00
5.004886501099588436e+00
9.058820134113615197e+00
5.734883511361751118e+00
5.600000000000000533e+00
9.169999394159679795e+00
7.586537784494027825e+00
9.440809758113383410e+00
1.066999947932936443e+01
5.591263025669801934e+00
4.044200236827493633e+00
7.368401002478986328e+00
6.280127387243033432e+00
6.093347921207920237e+00
8.987893091388116318e+00
9.010117769608907423e+00
7.715496671562297237e+00
6.259570450296267907e+00
1.112874156806998904e+01
8.063635794244568444e+00
6.695271963607353882e+00
6.280835047100735480e+00
7.194442299441979216e+00
1.149763260656538577e+01
5.794250023370870473e+00
8.125679458769381469e+00
9.868918661918110402e+00
7.762015774841539262e+00
1.051644215291253026e+01
5.908938614976090520e+00
8.942781073767450906e+00
7.561305002004173659e+00
4.936935621752964742e+00
6.577402391690978511e+00
5.569759619788112737e+00
7.727584069782453824e+00
9.453041838477178160e+00
7.611103000806708430e+00
3.898717737923585336e+00
4.508756911709578041e+00
6.259570450296267907e+00
1.227572129584789096e+01
4.218477871881700203e+00
1.884250514130220822e+01
5.443038367186719739e+00
7.498147919467994527e+00
4.786090958879351653e+00
1.001909288419975930e+01
1.058216528987438387e+01
6.259570450296267907e+00
9.590736271122370482e+00
5.512007095625169661e+00
1.074967699773139884e+01
6.324555320336759046e+00
9.168545262047967270e+00
1.183891886955899153e+01
8.815642662651178796e+00
9.761602782785669064e+00
1.097795771332516779e+01
9.841860709348727809e+00
6.907644718393929573e+00
8.341063081726053596e+00
7.124293337276024651e+00
5.334999739664682217e+00
8.845840202540902197e+00
1.160344776348822826e+01
2.100539613210535350e+01
1.681454396910272564e+01
6.130434097372080338e+00
1.359836591490152458e+01
8.647671491345066741e+00
6.194621322835911492e+00
4.434210439550904326e+00
9.061763380024638437e+00
7.762015774841538374e+00
1.707577881744262172e+01
1.607758964798171775e+01
1.125976119738879078e+01
1.047960983158353088e+01
1.057586350559087407e+01
1.442128057189559520e+01
1.273769558785610378e+01
1.333566646253572152e+01
7.298097164482138410e+00
1.149183284868963995e+01
5.052612085732377523e+00
5.413563213509810623e+00
7.169069364677366885e+00
8.138795979750319987e+00
3.395421754199158038e+00
5.859086011391955395e+00
9.849985899595095518e+00
6.868284599034415017e+00
4.991548412622636377e+00
1.312740983168000675e+01
1.056955796405675407e+01
7.040833284017832483e+00
8.757472999292280846e+00
5.694441734416699319e+00
1.124554232672761067e+01
3.055050463303893515e+00
4.514667454223203258e+00
6.119549729260223891e+00
5.088549236603035375e+00
7.094285650358948203e+00
1.580210956381035281e+01
1.261462995449683788e+01
8.842825089051324028e+00
9.255388820693717378e+00
8.005553627881640821e+00
9.729679679550949700e+00
9.118966803073446314e+00
8.293504821378125058e+00
1.989572818471342330e+01
5.795017016560194634e+00
5.790413533495589959e+00
6.980608060111160640e+00
4.268749491621899317e+00
7.059745037889116226e+00
6.647973793236218398e+00
6.971051251823898731e+00
9.597684906036223040e+00
9.133576639095016603e+00
7.261466028901387482e+00
7.224649164876835172e+00
9.926395787662979586e+00
9.351411064052786770e+00
4.292629341868066106e+00
6.810449487531805346e+00
6.924994985958873528e+00
7.166589146867567095e+00
1.565829563593120533e+01
1.491397554868139963e+01
6.153589738247640994e+00
1.004301858119471014e+01
8.733078876700167470e+00
1.382493721102880180e+01
6.420799534845070156e+00
2.396052308833566613e+01
6.874752520798273814e+00
1.100827971220854451e+01
1.435362904169766729e+01
1.049571341072154063e+01
2.079252002256794540e+01
1.801110768387108152e+01
8.217596296295461400e+00
6.699917080747259668e+00
9.942948366667817339e+00
6.152145064031641297e+00
4.725345372445160841e+00
1.347689380631407552e+01
8.662563131083086176e+00
1.470540339089305348e+01
1.226847812711729624e+01
1.086891592263613582e+01
1.474886059629315582e+01
1.259029608688991608e+01
1.634570959677866853e+01
1.030512278216788324e+01
1.206464071390257153e+01
1.602498049920810530e+01
2.178337796475917543e+01
1.429125606795987657e+01
1.152851537131588699e+01
1.141032670678432304e+01
1.790890529565916367e+01
1.255211358917515341e+01
1.816957163318203783e+01
1.029217610075191480e+01
2.464593723562206407e+01
1.236374628590469804e+01
2.236127605184164580e+01
6.965310872858121449e+00
1.486771296766550243e+01
1.412735722710451824e+01
2.203391325510139964e+01
1.349403160248592570e+01
8.690735808255183770e+00
1.438517755654525665e+01
6.536733808936149082e+00
1.100424160645945371e+01
1.539898986586097074e+01
1.220855801841023691e+01
2.027872448322790078e+01
3.128961489056712253e+01
1.008276857922575864e+01
1.495326051401499434e+01
7.437442810237639534e+00
1.849276134659781334e+01
2.385362772316939584e+01
1.810954321775001219e+01
2.630504810023269258e+01
2.963886337601734411e+01
2.060248097249994359e+01
1.478197100073825432e+01
1.165542315357485847e+01
1.232774648235975512e+01
1.685625502101025219e+01
1.524117230836700898e+01
1.349995884767390386e+01
3.817503547258775143e+01
1.892018322673787978e+01
2.638804443093290075e+01
2.810978477327778791e+01
1.977023576546881145e+01
2.981095995323419956e+01
1.884132573773818820e+01
2.520899310431365592e+01
1.668319180759152331e+01
1.573869964980165292e+01
1.688970758249597992e+01
8.996295533903570174e+00
2.159773650691715829e+01
4.427469806660333518e+01
3.433067950908568378e+01
1.842051995888160221e+01
2.440892368695423897e+01
2.570983382979274623e+01
2.712358547258988750e+01
1.394210250364779746e+01
1.533970881948763321e+01
2.781238732811135250e+01
3.710429744502500427e+01
2.335484722469596619e+01
2.856213499645213005e+01
3.966336120681430799e+01
1.799209703051747056e+01
1.260617132818507713e+01
2.380606832068010803e+01
1.954754886594906793e+01
4.548328142173659216e+01
2.670047856416726617e+01
4.561266880544872748e+01
2.330226503058352350e+01
1.926470578256747856e+01
3.565513832379406978e+01
2.474887202816861276e+01
3.605489641582062887e+01
3.973780735437391343e+01
3.157608096152669930e+01
2.501430701729623962e+01
1.445083619264527641e+01
2.221370948060878803e+01
8.726969691708571730e+00
2.564336604703489897e+01
1.890984458482465413e+01
2.239245904813096288e+01
2.470753371387403874e+01
2.315359343360958633e+01
1.665679707773643159e+01
4.460822046813046171e+01
1.995216501758365268e+01
3.412499898249896546e+01
2.039673176434564539e+01
1.597442400283097008e+01
2.970626570645025311e+01
1.826545008114135271e+01
3.242975314258326591e+01
6.090670461178035566e+01
2.648991422325779865e+01
3.711938696811800753e+01
3.209873656219024696e+01
2.062964425825666481e+01
2.476413176798698501e+01
3.742310635007319064e+01
5.514320749950381639e+01
4.162766174339152059e+01
3.296799795087486018e+01
3.698504202151639930e+01
6.933653838745885878e+01
4.885961749975353996e+01
4.519508331174482407e+01
3.539767726215316657e+01
4.727461146206163534e+01
3.902899207284531258e+01
6.207894615371266411e+01
4.399676755803265848e+01
4.117518130567921730e+01
1.675496609632167733e+01
3.019374475321374263e+01
3.024081127659551527e+01
4.567693315254672370e+01
6.383102693831582286e+01
4.661969064199756474e+01
4.820207464414784226e+01
4.894986096904555239e+01
6.467505100285752917e+01
4.557552949652794894e+01
5.723852626412466549e+01
6.261465927045802715e+01
5.236029029713261451e+01
9.977218494595018683e+01
4.039218846372264693e+01
5.328522830537142596e+01
5.781372386091961602e+01
4.514007827492844172e+01
7.474906168121592032e+01
4.554831378754749949e+01
6.147592121220218075e+01
4.714469452888863543e+01
6.925745848322442555e+01
6.251876162845482554e+01
7.029923343979095307e+01
5.006688859249527468e+01
5.119487821604379718e+01
4.413282980578819092e+01
7.655139159777276348e+01
5.932149694672244067e+01
6.141603120431089025e+01
9.439595094894461624e+01
7.471712580719957941e+01
6.172505344041609021e+01
5.232564699392959540e+01
4.290123023359068810e+01
5.173221648278974527e+01
6.522289986397926498e+01
7.867440639891871967e+01
6.381619439191486265e+01
5.505859505008177024e+01
5.463600766283471444e+01
8.817593524060607990e+01
5.620423076206591162e+01
6.122577525483492167e+01
6.520170413587533176e+01
7.172713727887250457e+01
9.314132630935993973e+01
8.182295249840080942e+01
7.214935127143479576e+01
6.862186240550455807e+01
8.363667457122703297e+01
5.992625097197016260e+01
1.145876471915227199e+02
5.263062057606980204e+01
8.951349991295539610e+01
9.475629559852767159e+01
1.193594012496153027e+02
1.221762661076200942e+02
9.623683748382886449e+01
1.034234016071797981e+02
1.228114363114807333e+02
1.041463500187223161e+02
7.537963179061628693e+01
1.207988226579860225e+02
1.405235290697690402e+02
7.493772229139489127e+01
1.215563883782154733e+02
1.445945134966514729e+02
9.375988244209543154e+01
8.179149643385238733e+01
1.220833959044208399e+02
6.971962899117195889e+01
9.307893901892569488e+01
1.294042760756640007e+02
1.209289966146342579e+02
9.979810730781532868e+01
8.869924213630889653e+01
1.192788329922790496e+02
1.087687863722349704e+02
9.641207854251919684e+01
8.497136772662503290e+01
1.247112219845868424e+02
7.678645713926383110e+01
1.317095120162380510e+02
1.137732637993459122e+02
8.187649235281149629e+01
8.471667814282825759e+01
1.180200359637671426e+02
9.991663191547908696e+01
1.277541736652423054e+02
1.020012200362764787e+02
7.988397141410088409e+01
1.240047669334619656e+02
1.319992255869539406e+02
1.156929653100058601e+02
7.347422828599306399e+01
9.994509603888640470e+01
1.243721297826272263e+02
1.248497052014496802e+02
7.761088125313929709e+01
8.293370846646132577e+01
9.250042642544350713e+01
1.339641079626264286e+02
7.438177793578806529e+01
8.377016175226117412e+01
1.185460060717169739e+02
9.327083621844980144e+01
7.149719497217277819e+01
9.733356164356783324e+01
9.348644583871801217e+01
7.497632218833415152e+01
1.210747427555942863e+02
1.264548404240291148e+02
1.346828373129503973e+02
9.362112771995194294e+01
1.001544584906511091e+02
7.691698266457299837e+01
1.139622549599451986e+02
1.243295977991117383e+02
1.197342613178589517e+02
8.731689412708173847e+01
8.521570017054108348e+01
1.325063352783137418e+02
1.358378772246124697e+02
9.302702116410407029e+01
1.194091007140298899e+02
1.168085613300668939e+02
1.470006198021702915e+02
1.248121076747853948e+02
8.672023985206682539e+01
9.005716702924500794e+01
1.314055638937036292e+02
1.372210868149158216e+02
6.126532461352016412e+01
8.186574375158390637e+01
8.835524256595580539e+01
7.212754135711422521e+01
6.983396181101443290e+01
1.073144082694501265e+02
6.274356983433088431e+01
6.619546812282544579e+01
6.814481312290433834e+01
1.113633492472077080e+02
7.716084211279419947e+01
1.024078122019995050e+02
7.788938024888601319e+01
1.186819091334292580e+02
7.010658552042977476e+01
9.798154021152259929e+01
9.995296671712928571e+01
1.402011253719297201e+02
1.138570253529496767e+02
9.167905370851561031e+01
9.840627802917634881e+01
8.582229702511268954e+01
8.752508211935592897e+01
7.725012765181830332e+01
6.199770605075284635e+01
1.131795034447492156e+02
1.267204096514141867e+02
1.116644974913692039e+02
9.041740245476347582e+01
1.049436674284510218e+02
1.048593979256667978e+02
1.244210414502127549e+02
1.033719497736208979e+02
1.001426981861383609e+02
1.050859119429854474e+02
7.546584216275157075e+01
1.272318967694640435e+02
7.849404789890476764e+01
5.420725658679533865e+01
7.342188592874288133e+01
1.428877414849386867e+02
8.646139793765385662e+01
9.847558072943769503e+01
6.824543940806593412e+01
7.335436062172597360e+01
7.105909903422329421e+01
6.093260393436523970e+01
1.125769662645664653e+02
1.391382046743452747e+02
1.252839264320137005e+02
1.253419145998478683e+02
1.438442058463098192e+02
1.156882016456302296e+02
1.130790087603451752e+02
1.423352224698987243e+02
1.067311055357757112e+02
1.399032364012911387e+02
1.403632430517334626e+02
1.231393068394040000e+02
1.032710349840005506e+02
8.979517433210614286e+01
1.439378878390104717e+02
1.223126413017976688e+02
1.388334573828977625e+02
1.192976482957182611e+02
1.156333285288746993e+02
1.368682415886006538e+02
1.315261528704040188e+02
1.249468153522396108e+02
1.057477922018022696e+02
1.056549099663617142e+02
1.195365866818839464e+02
1.205895886421746184e+02
1.256279515960609103e+02
1.211085830521061411e+02
1.429312188898329339e+02
1.296589714940269573e+02
1.255254909924230731e+02
1.602397370608593405e+02
1.479014086027129906e+02
1.563175685015034446e+02
1.552760409364203440e+02
1.223346230631377836e+02
1.265900821110757022e+02
8.991838274544063836e+01
1.067652877421621014e+02
9.945616566552769200e+01
1.072448082141456922e+02
1.539512765635788867e+02
1.396636276519011517e+02
1.310215588706259098e+02
1.292701563909216134e+02
1.233460173657828420e+02
1.441663236990140433e+02
1.343607085423413423e+02
1.332658829391662039e+02
1.318488360037947018e+02
1.452778793286239534e+02
1.042790274003145612e+02
1.399708858616279770e+02
1.459734526853731893e+02
1.190348221693504769e+02
1.181346501055281237e+02
1.351138778956477324e+02
1.295368501838590873e+02
1.388053153000833504e+02
9.134467082916708591e+01
1.531727564984495871e+02
1.146558909665496913e+02
1.375018383715488994e+02
1.160532444852601230e+02
1.062063818965487485e+02
8.851099115677982354e+01
9.918835057046210579e+01
8.879689684267624727e+01
1.043848435145426379e+02
9.867959374775630010e+01
8.381630708479903547e+01
1.216697533855020765e+02
1.517883614334994604e+02
1.466230844338260795e+02
1.214533472389936009e+02
1.643681504698793105e+02
1.547342668361902724e+02
1.339072647601897472e+02
1.682925495148915331e+02
1.572402832186035937e+02
1.594415253313891299e+02
1.452681199254215869e+02
1.247197747842026132e+02
1.622683648226671949e+02
1.627531737188419925e+02
1.532531674495941161e+02
1.307870873680663522e+02
1.405962857103826593e+02
1.335663963061900574e+02
1.302161621646440892e+02
1.478525692107588156e+02
1.341963072848462843e+02
1.363323390346790234e+02
1.271398180482154601e+02
1.282798330040835140e+02
1.252224686973814016e+02
1.643976750308700332e+02
1.444701583949663473e+02
1.428595891854033653e+02
1.191729648685285952e+02
1.402862787303162975e+02
1.451474958638816872e+02
1.460244119621403911e+02
1.564474210575411064e+02
1.392048211170224477e+02
1.574181974515300340e+02
1.738015982537432080e+02
1.770405603244634847e+02
1.739996934863200408e+02
1.760622869580220424e+02
1.609371996221576637e+02
1.458136710554489355e+02
1.191151823516492954e+02
1.447636234233817163e+02
1.598006535934346175e+02
1.410301149873080533e+02
1.309913313501656376e+02
1.289578053300984095e+02
1.524609968337986174e+02
1.419634694795342966e+02
5.434564277740110327e+01
1.100533204103053606e+02
1.435617714512544580e+02
1.357316961263408643e+02
9.615159327275283374e+01
1.264606394627725052e+02
7.079723786200199243e+01
1.187833882886548054e+02
1.074894516788611298e+02
6.464453229435228820e+01
9.820577036678308502e+01
7.973205127174391293e+01
1.031922908403960548e+02
1.016162716628919895e+02
9.409560150305763671e+01
1.087074769993101739e+02
6.092669548089919118e+01
7.807557592202284980e+01
