1.018408344209509941e+01
1.646680161888020066e+01
1.023371334799294097e+01
8.605941100322626269e+00
1.424546711530841137e+01
1.043626156990881171e+01
9.049493540156451132e+00
1.196476307979207654e+01
4.485036851081109610e+00
9.113116310510301687e+00
1.206537746335908601e+01
1.076826613506350583e+01
9.744742172063867613e+00
1.026103741777062339e+01
7.715496671562297237e+00
7.201851613763412097e+00
1.193426439570812825e+01
1.006644591369433250e+01
9.112628599915614913e+00
6.990151802516324508e+00
5.359933664597807734e+00
9.243856818930552777e+00
7.345444544447636837e+00
6.203941399536982537e+00
1.035932215714693960e+01
6.183849933496123441e+00
8.160609998986323887e+00
6.062636023674484065e+00
9.082339395160746065e+00
8.683061416087966222e+00
1.248180898570217501e+01
7.455348564770275743e+00
8.484233743964283647e+00
6.495810615739619820e+00
8.410046901705653610e+00
1.367170638784915937e+01
6.322446783748625343e+00
1.097188325777403684e+01
7.292614224146388935e+00
5.769652406245013410e+00
3.556527644893104245e+00
4.891716354091770746e+00
5.631656555184767043e+00
7.292614224146388047e+00
6.848844184726840645e+00
5.838569078883018015e+00
6.499914529352588843e+00
6.839753081962990144e+00
9.846826900072937150e+00
1.198443434904904947e+01
4.975495508545409784e+00
6.816320284598004875e+00
6.942301891703900552e+00
7.246761728907302746e+00
8.997777503361593432e+00
1.184830039382114109e+01
1.663116218294907611e+01
1.110675470153185707e+01
5.748816303282692886e+00
7.243080989621903498e+00
4.484045792213397164e+00
4.427188724235731065e+00
8.708616422830896653e+00
1.499273898332863730e+01
7.481532819772519716e+00
1.755448660599335042e+01
8.136065115002187653e+00
1.255282172793564932e+01
4.601449047129972492e+00
5.638754787677466851e+00
3.957552554574888415e+00
5.031456603763521329e+00
9.265467548315568180e+00
6.729701991090607294e+00
6.115190557583267683e+00
1.086564412366898047e+01
7.623355924758829616e+00
1.105662194745252513e+01
8.171495171223767784e+00
6.013318551349162711e+00
1.123605308321782914e+01
1.161875877861123207e+01
5.767341001035244830e+00
1.053037933262087655e+01
9.587955407118291973e+00
1.017971839820074109e+01
5.349974039397033643e+00
5.596030339048882141e+00
9.708186694171516251e+00
3.858612300930075012e+00
6.447738621666773362e+00
6.715156985010353630e+00
1.161875877861123207e+01
7.125540915139938924e+00
6.550996531487064622e+00
9.844569851220294154e+00
7.637335195530498666e+00
7.182076456166575085e+00
7.365384503804869532e+00
5.805744281887264435e+00
7.181457605064124117e+00
8.665640964945025004e+00
2.332228309769197594e+01
1.348909024195314643e+01
5.720916787446649998e+00
7.567180599286778886e+00
4.756282395129858287e+00
7.608766873372670325e+00
1.022328496891070593e+01
4.514667454223203258e+00
8.298326471176114438e+00
7.631513611335565272e+00
9.236642006462931320e+00
7.203702751594719622e+00
6.107918357891390926e+00
7.218494764607553904e+00
1.205247784574699743e+01
4.112852484049914992e+00
8.851867348506504030e+00
8.687155268939692476e+00
7.775745766305776741e+00
9.156903892085408003e+00
3.755884272267539625e+00
6.862458257310811938e+00
8.144254962173574697e+00
4.937835783237654041e+00
5.965083588871343601e+00
9.469013793538492152e+00
3.703451843288306566e+00
7.540704358494783932e+00
1.639864493046774641e+01
5.571355310873647326e+00
1.266842093115353052e+01
1.005982107196743414e+01
5.083306010855533685e+00
4.240545038343800144e+00
8.166598639172452323e+00
1.502383291825210421e+01
7.538346414610214374e+00
7.465476095557023406e+00
9.492921339374699841e+00
7.028197176769841015e+00
1.431487183161468479e+01
5.309948733797299703e+00
1.001110494512080429e+01
8.417970196087784629e+00
6.365183073216005738e+00
7.804841802083854141e+00
2.231232843071292038e+01
6.891540708240308177e+00
6.255308856394613315e+00
1.013552607854613896e+01
6.536733808936149082e+00
6.829999186595038907e+00
1.875265907070840399e+01
1.341872654994587322e+01
9.117504531882005381e+00
6.444291185917104592e+00
1.121427661510094786e+01
5.840091323486873875e+00
4.739432689913658514e+00
1.283121194587635117e+01
7.775745766305777629e+00
1.082507377444709284e+01
8.405289339986392605e+00
1.847881670093262940e+01
6.903783181866463003e+00
8.762546560345469970e+00
5.557777333511022100e+00
1.426510894922759931e+01
1.180207138128256084e+01
9.922813221169802134e+00
1.358365030305018983e+01
2.357739029946557707e+01
1.034644329655794870e+01
1.135409862364932820e+01
7.855924869520809928e+00
1.891548454456178163e+01
6.896053621859066673e+00
8.237043698371939726e+00
8.838300490227494421e+00
9.601851673274044430e+00
1.514023337556811377e+01
1.305884119412336375e+01
1.201369588798088550e+01
6.529931086925803818e+00
1.652392205258787783e+01
3.703451843288307010e+00
8.447484832777151453e+00
1.144144513016894571e+01
1.245186286821730448e+01
6.999682532483567421e+00
5.212804747286563511e+00
1.459314907756375845e+01
6.472505954677317597e+00
9.803400770480958926e+00
7.313913681014655666e+00
1.290822304665604392e+01
2.702459784879118132e+01
6.784295591044561036e+00
1.117417657915885343e+01
4.661902329879223927e+00
6.944222218666554092e+00
1.193240219830953386e+01
6.031767752676011618e+00
5.387227693556512875e+00
1.140643093463799751e+01
8.459051693633014679e+00
5.351635264103861367e+00
7.482126851519041111e+00
3.930507459462313502e+00
1.155200800245952486e+01
7.187643718369896462e+00
1.768916806033191236e+01
1.608256474847494033e+01
7.134890795707153899e+00
5.289822513300632245e+00
3.086889840744060365e+00
3.112698007981000714e+00
8.378278794332135959e+00
7.861014918924626116e+00
5.638754787677466851e+00
1.171817202278390901e+01
5.874994089831543143e+00
9.287027990099357311e+00
1.176888553205725962e+01
7.739078325830107019e+00
6.798692684790379026e+00
1.012236248225789481e+01
6.016274225428521305e+00
9.258269576738170414e+00
1.061445555206043778e+01
7.694153624668538249e+00
1.095363967922179782e+01
8.676917015212771034e+00
1.064456042618325604e+01
8.594571930391103010e+00
6.203941399536982537e+00
1.158428053681175207e+01
1.180320107240216210e+01
6.053832578531461728e+00
6.031767752676011618e+00
9.177266598624136407e+00
5.840852297015869610e+00
1.235583532856709255e+01
8.831760866327847737e+00
8.857890393441444132e+00
1.463997571339819181e+01
2.426428559746928926e+01
7.520638270785267032e+00
4.499876541516321105e+00
9.060291876583717041e+00
1.442590262918291977e+01
6.363087999461337851e+00
1.004124826237588408e+01
1.000577610960566943e+01
2.075786330258701895e+01
1.800740588387640884e+01
1.278784144759735675e+01
1.248714894957567445e+01
1.130781440715519715e+01
2.771682200798320750e+01
3.942159588629336042e+01
8.593537623638409784e+00
1.034085747572866154e+01
1.436508111900366380e+01
4.999555535800713102e+00
1.627213023000437531e+01
3.548520818594700188e+01
8.615231988880054814e+00
1.466606059353817493e+01
3.040350856946173508e+01
7.444610280076602749e+00
1.876332119381380181e+01
1.713942822850284031e+01
9.964381008817801089e+00
1.155200800245952486e+01
9.641576634555159231e+00
2.148322342873361279e+01
1.567871876851620350e+01
3.364718908517223639e+01
4.128028854334986164e+01
1.258288078656429398e+01
2.731592941856454360e+01
1.460502196734625713e+01
2.123728377693866420e+01
2.300434741521697646e+01
1.279409586054790005e+01
1.824597368066597269e+01
1.170678815426711594e+01
2.598922853799242461e+01
1.365999837319007781e+01
2.347821685449443763e+01
6.947600704959629070e+01
2.406786700607725749e+01
2.469943769040546755e+01
1.659263558195489097e+01
3.371185086714891099e+01
1.822013538186073234e+01
2.025460167193837435e+01
5.061444677384335478e+01
1.822257452233965225e+01
3.290768231819973266e+01
1.928545796419905756e+01
2.457333695062371959e+01
3.778512346884095763e+01
3.447601420633706937e+01
1.730972751566779166e+01
5.639479881454789734e+01
2.138992493883250745e+01
2.227844000124085966e+01
1.558717421471897246e+01
2.221711052319810520e+01
7.701012920389109695e+01
5.332999989582681621e+01
2.643650674519780353e+01
2.019130726052399183e+01
2.149315136399395954e+01
2.467981631482157923e+01
6.483209081928485773e+01
9.951727934830658739e+01
5.687162932624862322e+01
3.394400618011308524e+01
4.251723833406346387e+01
4.874723923806694614e+01
3.405224743765901962e+01
4.345245166334755282e+01
6.075510038031558224e+01
2.933030287376294254e+01
7.591837722185584880e+01
1.111628635031601675e+02
7.384801208488208601e+01
7.302827458518302706e+01
1.155525085068352098e+02
1.116955385560825960e+02
5.085299073473129994e+01
6.913413692879147732e+01
9.356271812117378772e+01
1.200846738301307539e+02
6.022033617382825810e+01
1.117353221780034147e+02
7.178226336173395339e+01
6.641873898899984852e+01
1.175073331045060030e+02
5.064236259189424061e+01
1.135019529934764222e+02
5.807099103683352581e+01
6.306363629083104172e+01
1.176342731614482489e+02
1.167196070361216869e+02
8.314362406235503045e+01
1.093415850544623424e+02
5.380912768501475796e+01
1.165312356790611261e+02
1.142644885051052626e+02
9.851849234196254201e+01
1.118197756312461166e+02
7.692668948782051075e+01
1.128129228216145208e+02
7.098525668522067633e+01
1.135880666658645595e+02
1.122779091757986407e+02
5.517592067398805256e+01
7.152478979735316500e+01
1.138573376350129251e+02
1.173189385109383522e+02
1.160407974234349524e+02
1.168410886631924654e+02
1.166538278649935876e+02
1.164679450416388988e+02
1.151899686990533382e+02
8.198362980226940522e+01
1.175504808818558473e+02
1.139230539540712215e+02
1.036717040576753703e+02
7.604998356344333388e+01
1.164507716686421190e+02
1.174623154699223306e+02
1.168872200979312481e+02
1.269760432347596719e+02
9.449148109750422009e+01
1.169631660918180671e+02
1.247821924617273055e+02
1.028192372834751041e+02
1.137942392605569921e+02
1.270379820718547705e+02
1.302790168147665213e+02
1.171104701648073103e+02
1.202827040305001134e+02
1.252324771508307037e+02
1.120748955931801021e+02
9.116276042819725944e+01
1.176638526575694925e+02
1.221906706749742000e+02
1.032701742464342374e+02
1.117581913478082924e+02
1.157289169664272919e+02
1.055586198385627910e+02
1.282047667687212993e+02
1.136775947825936299e+02
1.288965821458772893e+02
1.053308860475195701e+02
7.167692949772767008e+01
8.978730422504064279e+01
1.213154931939399432e+02
9.555466149452539071e+01
1.127606314278170458e+02
1.220895117890512722e+02
8.099465002908114286e+01
1.022390662450839613e+02
1.393595828543316770e+02
1.112664469740191890e+02
1.329587404673595188e+02
1.383101185339991162e+02
1.192822236919185173e+02
1.584629785014643630e+02
9.938119652239160473e+01
1.040413165793068657e+02
1.334410564839605513e+02
1.447534916101623139e+02
1.168192145534667077e+02
1.584645771843733542e+02
1.689606923386488688e+02
1.477506307563148198e+02
1.040296111691281880e+02
1.313522828968808653e+02
1.390040127318472685e+02
1.567611629907810595e+02
1.049704720385690138e+02
1.386189982169351538e+02
1.631305680190632472e+02
1.232771764043215938e+02
1.380795905749047563e+02
1.531323900711044530e+02
1.342754383099654092e+02
1.245293361242866155e+02
1.274044478553764321e+02
1.490346119381519827e+02
1.436488620057797618e+02
1.288377791384706086e+02
1.372825148694796269e+02
1.537070229003505517e+02
1.306801013501630564e+02
1.271932213427883767e+02
1.285653487098638550e+02
1.616974403700386915e+02
1.329001964717216708e+02
1.102317961791827514e+02
1.451902047507184932e+02
1.185596896082306699e+02
1.253862654183286338e+02
1.158887205708802099e+02
1.373930937937646775e+02
1.256500254233515363e+02
1.033979153024319402e+02
1.321712021079730732e+02
1.255814211312060849e+02
1.351214104261628677e+02
1.155928871321914642e+02
1.149673576861420798e+02
1.151882324236676709e+02
1.144179473101430347e+02
1.241965467403269514e+02
1.207575348465768457e+02
1.216535335377572409e+02
9.719702784664879402e+01
1.217968071101300325e+02
1.122942563090383601e+02
1.153700134350343234e+02
1.168949385844685196e+02
9.339655001955669889e+01
1.130520823927331691e+02
1.029319948099499129e+02
1.168517389211169899e+02
1.198143007602459278e+02
1.250608740662810874e+02
1.060720928844570778e+02
1.031586911295192692e+02
1.010291487091170524e+02
1.075944236473247742e+02
1.085976058667961723e+02
8.097011794483196923e+01
7.422458412742295764e+01
8.637936996503017895e+01
5.073565478701015508e+01
1.165171232051323784e+02
8.114239883617496218e+01
1.029944119303998491e+02
9.697413171677395383e+01
5.331499684787469562e+01
4.499906171861314874e+01
9.867581038712351926e+01
6.160721458472935552e+01
6.890811917973736911e+01
1.161850248526030924e+02
8.638919685547108429e+01
1.061687126961401759e+02
8.843136698404400420e+01
1.093824280017387167e+02
1.021233676600131446e+02
8.731465449103539811e+01
9.400529535912089329e+01
1.009619510288680715e+02
7.514649396715428509e+01
8.011480651054600344e+01
8.937073843763901948e+01
3.556177723342858599e+01
6.571250515186081032e+01
9.959214605356969230e+01
6.218166932464904306e+01
4.315316391130035356e+01
9.262171571625209765e+01
7.744262392248856486e+01
9.459772137260436864e+01
6.785717025897525900e+01
1.012599734456918696e+02
7.645321009175044935e+01
8.392843512315846510e+01
9.068661545245926447e+01
1.060275855090970651e+02
8.155216462826450652e+01
1.041847504302919560e+02
1.106284271283330156e+02
9.357312054692249603e+01
6.972504730885610513e+01
8.539544614452354665e+01
1.038675224611727259e+02
9.415764558559344266e+01
1.085428742735125667e+02
1.110260429909227327e+02
8.165493793328660388e+01
6.009266917760343318e+01
7.183202628354570152e+01
7.135563514304016053e+01
6.810449487531803925e+01
9.915070459770934974e+01
7.575680387485557787e+01
1.089799166003636799e+02
7.669721130668456510e+01
1.226538036734106072e+02
1.113104966598688037e+02
9.607349038915758399e+01
9.058025293750411322e+01
9.761070068844342984e+01
7.837601673981652084e+01
9.278467306379623381e+01
8.875349132412888764e+01
1.108223002027219337e+02
1.113202387508918179e+02
9.954005335653694431e+01
9.417916731186126356e+01
1.083300307188895601e+02
1.165702458701285451e+02
8.876635999446337166e+01
6.542558113358005301e+01
8.239536125022789292e+01
1.043254310106388090e+02
1.092336944353709924e+02
1.030866733492851779e+02
8.141798873031001449e+01
6.577828077885756386e+01
7.139978213474385882e+01
1.017537332102474750e+02
9.372171573333473305e+01
1.075607115384919013e+02
9.982949909164568680e+01
1.122370507254870517e+02
9.286405835054449653e+01
8.696333838016008144e+01
1.115627576249748785e+02
8.027685428150093117e+01
1.202700664707926705e+02
9.272789344216886320e+01
1.066139453042299436e+02
1.011557654752752597e+02
6.917693899623550635e+01
9.677800484729070263e+01
8.212483722290649268e+01
9.589424730747234094e+01
1.005165768528864163e+02
1.060369746833622173e+02
8.128096674840644198e+01
1.028486698450149674e+02
1.039252722980422305e+02
9.195810640358648413e+01
1.045218956327652364e+02
9.347931440817386317e+01
1.013912992103146564e+02
9.275952182330871665e+01
7.115379274657269093e+01
9.091568743743965797e+01
8.163152985621835001e+01
6.172354134003941084e+01
8.773267476956473843e+01
9.342148218334652654e+01
1.045722716593648443e+02
1.184409088486275010e+02
9.935355498868115376e+01
1.074918911670394976e+02
8.938292156036669667e+01
1.182456200739235328e+02
1.021283288591150580e+02
1.068375714187975518e+02
1.058596555193085180e+02
1.026642856866766351e+02
1.052157571638181821e+02
9.404906520889331034e+01
8.822355442598963293e+01
1.075866575783860384e+02
1.018663612560866483e+02
1.187966329489182016e+02
1.173943023413922759e+02
1.004743416665833706e+02
1.066223658004683728e+02
7.888461334266791880e+01
9.795200638861642517e+01
1.018369939331151528e+02
1.146658139503177836e+02
1.161949319988708424e+02
1.034907188538609404e+02
1.019525815704972160e+02
1.015635542680323766e+02
1.053836166900086369e+02
1.100791634335137132e+02
1.207923102776920103e+02
1.000425242917563793e+02
1.226929319706540866e+02
9.834284699740777569e+01
1.041348271339719531e+02
1.263897675183134908e+02
1.216880529149111823e+02
8.863247461035686570e+01
8.276832459072466008e+01
1.066681249900310746e+02
9.631628453520549726e+01
1.028670339159571085e+02
1.195066897244204114e+02
1.092713238787845142e+02
1.155604699809680653e+02
1.182927817841064240e+02
1.099828269423104956e+02
1.108409471069043093e+02
1.051797614668440985e+02
1.106739756622526443e+02
1.054329486767142612e+02
1.082278255451074926e+02
1.243139395062177073e+02
1.116543475791844457e+02
1.084576722351474132e+02
9.982384484681001879e+01
1.039620443559411029e+02
1.025771037913540624e+02
1.074508673249727337e+02
1.009625673207649754e+02
9.101169644001197412e+01
1.122282198617323417e+02
1.073591273354167299e+02
1.205054171212047862e+02
1.175908159679147786e+02
1.208776056825893477e+02
1.131839014858365573e+02
1.165591123278942405e+02
1.097839494441494139e+02
1.151809397812367592e+02
1.167913619332449713e+02
8.966594795250993855e+01
1.107585161009702546e+02
1.066029809881297581e+02
1.090557451744545006e+02
1.190419907240951574e+02
1.131988221375705450e+02
1.172130823187696507e+02
1.108042518237554930e+02
1.080264165223796908e+02
1.099046051001604951e+02
1.151978009049362583e+02
1.157213127397983783e+02
9.657595744053254805e+01
1.109762737405312834e+02
9.757299262033981790e+01
1.034570442260941405e+02
1.062349597197959383e+02
1.138601481350403475e+02
1.136436926929466296e+02
1.130957509762806694e+02
1.093370731067717685e+02
1.055070297815900631e+02
1.002948098801173558e+02
1.132960723061483748e+02
1.080854394551931392e+02
1.052626345016227560e+02
1.115877332963718800e+02
9.895902631336308275e+01
9.419105878774033158e+01
1.101591979313978555e+02
9.284285408988435506e+01
1.139142757613031733e+02
1.048072516575069812e+02
1.151756918798406986e+02
1.149853323979483406e+02
