1.124277545804415723e+01
6.520395352703357794e+00
1.339552163971227827e+01
6.810449487531805346e+00
4.127953488110058800e+00
7.764878191789831519e+00
6.097722707882199167e+00
1.293402060029629297e+01
9.669195071635142469e+00
9.509293699674371325e+00
1.013157879547353168e+01
1.092926753670569262e+01
1.615012899845281780e+01
6.173059749157355114e+00
1.185954842685373478e+01
6.406940680924780196e+00
1.306122335600902140e+01
1.703590978557418367e+01
7.144850515503378574e+00
8.662563131083086176e+00
1.343461532344297815e+01
1.670475647499504390e+01
6.343500610861482869e+00
8.084553172563094137e+00
1.124277545804415723e+01
4.299870799092560425e+00
8.298326471176114438e+00
5.697562831792398974e+00
6.518350166176169580e+00
9.986657765906135964e+00
1.063829560283663689e+01
1.052911307861313617e+01
9.904880951665530731e+00
8.865413445268954362e+00
5.127702539474509713e+00
6.299911815961306338e+00
9.464318957713404146e+00
9.936241185120703534e+00
5.479659356809204240e+00
3.858612300930075012e+00
4.173993557999607695e+00
1.165427913781981673e+01
5.585696017507576272e+00
9.071567303026160545e+00
9.393614852653902503e+00
7.949842765740716466e+00
5.929212051829108709e+00
1.001909288419975752e+01
6.641285016219877768e+00
1.855801713545927356e+01
1.489459260567031684e+01
1.220273193455738614e+01
5.251031644670724141e+00
8.341595903795761657e+00
7.635007094517550996e+00
9.905329654057736022e+00
1.271569458932106045e+01
8.363943780033169517e+00
1.007218391853965755e+01
5.491812087098391970e+00
1.818668621699828947e+01
7.049034606872694120e+00
1.453944825485325865e+01
1.194915152729356933e+01
8.223543437391613864e+00
9.984432326822036075e+00
8.490517586630916824e+00
4.528428719397785684e+00
8.471127433818947949e+00
1.182915419161018988e+01
7.201851613763412097e+00
9.153991236370918827e+00
6.828046735503662035e+00
4.440220214759122541e+00
1.131292279750119256e+01
5.748816303282692886e+00
1.032063736188591818e+01
6.665333199973326295e+00
4.625533002320441511e+00
4.836895239257881229e+00
5.243408560596183321e+00
7.039570693980957472e+00
7.619857099855758875e+00
3.453822359196964786e+00
7.217263254786324467e+00
9.139414034219528915e+00
5.276362383309168180e+00
8.144254962173574697e+00
6.661998365522332932e+00
5.414384134465853649e+00
8.421137426473668697e+00
4.616877251514876157e+00
8.543743649920422456e+00
1.083738385814993954e+01
5.149325737954004722e+00
9.513966341939388727e+00
6.454627969311803604e+00
1.158619868636819028e+01
4.563624290699954678e+00
5.017303392593807310e+00
9.044089537126195566e+00
6.158643429269865521e+00
5.904423953462541341e+00
6.587530307752333059e+00
7.022503510540636817e+00
7.427875425270224596e+00
6.760670578179849954e+00
4.109609335312651268e+00
8.659997433923150467e+00
9.648488655397452263e+00
9.190333085488370912e+00
5.127702539474509713e+00
6.097722707882199167e+00
9.134549797335388632e+00
2.247803866493298486e+01
8.188338591490271767e+00
3.895296308797744356e+00
9.190333085488370912e+00
1.274083548629715601e+01
4.654269246855216480e+00
7.959899496852960610e+00
5.828664798505172939e+00
4.030991055421592861e+00
1.006291320752704266e+01
6.270211763214664558e+00
5.790413533495589959e+00
4.301937547973780696e+00
4.659995231280345429e+00
6.413180871368660441e+00
1.492737976560744784e+01
1.457486420748634970e+01
8.594571930391103010e+00
4.844240566555986227e+00
7.498147919467996303e+00
9.250585567051057723e+00
7.535397947170555888e+00
5.031456603763521329e+00
6.571318149520856799e+00
1.460989010529815424e+01
4.602414825091520889e+00
7.031990393116936744e+00
5.251031644670724141e+00
9.314266238172255186e+00
7.575985451118261160e+00
6.800653563363515453e+00
5.833238094460629242e+00
9.460091613368939889e+00
1.030512278216788324e+01
7.246761728907302746e+00
1.084107415752188608e+01
1.320033669604259963e+01
6.913432979031152392e+00
1.318517686225288621e+01
1.280971853277381456e+01
1.722969013715053066e+01
5.446303537466693712e+00
8.373503182990710059e+00
6.963396361610395324e+00
9.677924479051394968e+00
8.852871473896668064e+00
8.119660638776036166e+00
3.893013685508382338e+00
5.364906543661522420e+00
7.632095969580629635e+00
7.916228058025278180e+00
8.993825042154693250e+00
9.389355675444400973e+00
7.556013058044126041e+00
1.047833744234053377e+01
9.824233077220609900e+00
1.826788317117108207e+01
5.277204647243546987e+00
1.202700664707926848e+01
7.646059260967194682e+00
1.070949734270163312e+01
4.003331945600647757e+00
8.428523002282190646e+00
9.868918661918110402e+00
1.035245542532462792e+01
1.272373110896852388e+01
6.721772253075986470e+00
8.410046901705653610e+00
8.507774222569745248e+00
8.436428944365816918e+00
1.011841006394889142e+01
1.171437862913209393e+01
1.392104721475922346e+01
1.262519526801686887e+01
9.058820134113615197e+00
8.410046901705653610e+00
1.201221600427386882e+01
4.908043285148256274e+00
7.535397947170555000e+00
9.236642006462929544e+00
5.611892134862656256e+00
7.129282338823919929e+00
8.417970196087784629e+00
1.103126868899896174e+01
4.573352769637999415e+00
7.270641114937680172e+00
1.142628548566855962e+01
4.671426144361292998e+00
9.193234227167039307e+00
1.641083652820768179e+01
5.813394495091104730e+00
8.274190124853442185e+00
7.751702321999270673e+00
4.809250345832381868e+00
6.297795028597088951e+00
7.069181942299500143e+00
1.027272548493771787e+01
6.108645967442829949e+00
5.946427498927401523e+00
6.495810615739621596e+00
5.920210206478220272e+00
4.959390643572610280e+00
1.040939746361697615e+01
6.477310827461931098e+00
5.801915392542555061e+00
3.279566366999691507e+00
7.998888811717677072e+00
5.436502143433363798e+00
8.262364471909155128e+00
3.792390040887438030e+00
4.543126676640219408e+00
5.366563145999495354e+00
1.323866391378760632e+01
5.609515724790034241e+00
9.546145237156665075e+00
5.971785513748984364e+00
6.752777206453653314e+00
5.403702434442518410e+00
7.767167365834786175e+00
2.948445918332797344e+00
5.994071144797073813e+00
7.031990393116936744e+00
6.571318149520856799e+00
7.886415887813395642e+00
5.688194402053745158e+00
5.543364401596640789e+00
4.358389100981641562e+00
7.163487667020551619e+00
9.351411064052786770e+00
4.936935621752964742e+00
1.084353365938531155e+01
8.515084654110413709e+00
7.725858456436338173e+00
1.890749410507202555e+01
1.053122341737495482e+01
2.550259246081116160e+01
6.520395352703358682e+00
5.629288488689212500e+00
7.107429602574728555e+00
8.855883166949903185e+00
7.762015774841539262e+00
9.646185198765824254e+00
1.078187779975681693e+01
7.523001764957625959e+00
1.655563012660311983e+01
1.618586488953315694e+01
6.826093725957441904e+00
7.680856433728960653e+00
1.066374960112790582e+01
1.090687856354878527e+01
1.534695047522109235e+01
1.219945353967408863e+01
8.923377536934468779e+00
9.569860094182267574e+00
1.141344236708043702e+01
8.268816924647280686e+00
9.639271526186798056e+00
9.449279807947739585e+00
1.133058790276224848e+01
1.048724092515386985e+01
7.771743691090178707e+00
1.323564211597692974e+01
1.627595363309525567e+01
1.128696396536976465e+01
1.687944180225031943e+01
3.421591572483321642e+01
2.333657120391844231e+01
1.570477634352046437e+01
2.326618910684677743e+01
1.568382039626258440e+01
2.139054827617925980e+01
1.254254980279351095e+01
2.287881115792514208e+01
1.623357289350957444e+01
2.845768788921545323e+01
1.761009811317232376e+01
2.534526035025527335e+01
2.342837785440744014e+01
1.801431529521884300e+01
1.651342887874390897e+01
2.352266046933372579e+01
1.602414844331308785e+01
2.071993135981766798e+01
2.162775993948518050e+01
1.462053350599765089e+01
1.366585363435286915e+01
1.355417114970722103e+01
1.530083512608235274e+01
2.416848269038740327e+01
1.729919715542378000e+01
2.172085531362786170e+01
2.606624040572189216e+01
1.232053389896539919e+01
1.321043358696282688e+01
1.947374300607529918e+01
1.824085767964020022e+01
1.842775684184654850e+01
2.212650497078610456e+01
2.465549296471951024e+01
1.527176043115745863e+01
2.213955735781544476e+01
3.341031111631391326e+01
1.669677280860652502e+01
2.505957346449101664e+01
3.448220152806694472e+01
1.829195330071546977e+01
2.401999167360389009e+01
1.603607045243801821e+01
1.966203335251864459e+01
2.037645700312004493e+01
2.657032597132037921e+01
2.511431641293246031e+01
2.427472393709601661e+01
2.211022890479024738e+01
2.091634129893020599e+01
2.133499993490092095e+01
2.366281658824428646e+01
1.340248733133766734e+01
2.045048220023728902e+01
2.872815111813961764e+01
1.659665294235222888e+01
1.598944096027820017e+01
2.649695999334430851e+01
3.476294323302073508e+01
2.604781927319231372e+01
1.529473402478411614e+01
1.236769986699224511e+01
3.022552269559985660e+01
2.657935706939169407e+01
1.100585702655131293e+01
2.106139174466450825e+01
2.465549296471951379e+01
1.499333185119304979e+01
2.717809575538523603e+01
2.377075701127098739e+01
2.020626965407849340e+01
4.540993528097372689e+01
2.180275211985862782e+01
1.653951497340703725e+01
3.205509146592611103e+01
3.509770489489147849e+01
1.997287048862920855e+01
1.651854177045365546e+01
2.297883083767898427e+01
1.932804525381015637e+01
3.039517505570031375e+01
1.341475141609249278e+01
5.368782191728606534e+01
3.574315785340368024e+01
3.070331143921341521e+01
1.915852000778997777e+01
2.232746191477113484e+01
4.830017253247307707e+01
3.004367191643229162e+01
1.888161951622676682e+01
3.380690264822654001e+01
4.549852256453559818e+01
1.833709052409593454e+01
4.834110282381052315e+01
2.010262558860298299e+01
1.639701869920938293e+01
4.109641779468808664e+01
6.069471878910790252e+01
3.849825392865961504e+01
6.374867318880710343e+01
3.770623290651029436e+01
4.333466664615447428e+01
4.207591023640750905e+01
6.678669195447713491e+01
4.408325456829762601e+01
6.994461300835747863e+01
3.179196264606652278e+01
6.224989067371033968e+01
8.121630925429256820e+01
3.770729372415898695e+01
8.669086841569109936e+01
5.013076234542352694e+01
3.009023466545620451e+01
6.237499498997975422e+01
6.022897051161416471e+01
5.859336329502021812e+01
4.812760815443321860e+01
1.138665105385346550e+02
9.586286501502492285e+01
1.362009300017196551e+02
1.352003287306982884e+02
6.044854561250143377e+01
3.583939483616070731e+01
1.000341275098986813e+02
1.020179504902064878e+02
1.196281274988825203e+02
9.927327043178451049e+01
1.342014406281343213e+02
1.084452959893707060e+02
1.274901303369532712e+02
1.649455937237757439e+02
1.038966152801267384e+02
1.494891151741676367e+02
1.320260916973947474e+02
1.015018335904441784e+02
1.335509224561511132e+02
1.386237112954826785e+02
1.476362496889643410e+02
1.298222716725532564e+02
1.185724344956373955e+02
1.552623013555519265e+02
1.162307283906550452e+02
1.148864947096336095e+02
1.227750608045280245e+02
1.250894080248203863e+02
1.390798331894311843e+02
1.385132805505988358e+02
1.263771076316170934e+02
1.669274759355757567e+02
1.476747778058257552e+02
1.467286232774263226e+02
1.592102174275675566e+02
1.422438594651999608e+02
1.522541734512828668e+02
1.278811253556294929e+02
1.227510579270998505e+02
1.294459303682000382e+02
1.261341437606099731e+02
1.509674578620615648e+02
1.718057818196659809e+02
1.057195451287141310e+02
1.268917999276899309e+02
1.463816321203661914e+02
9.846885576442714694e+01
1.026544148533753429e+02
1.251977990576866659e+02
1.037210789676921081e+02
1.030137854852446395e+02
1.054845749650419577e+02
1.113278641371212672e+02
1.263564622627412604e+02
1.138006834582093063e+02
1.389764808239949048e+02
9.759635694475940682e+01
9.026036413251020463e+01
1.370067962628942837e+02
9.969433283793016187e+01
8.779663369907122217e+01
7.323284023502631612e+01
1.183682765308715972e+02
6.949327705293192992e+01
1.329833072231248252e+02
1.100128477345562885e+02
7.405241387017710508e+01
1.217698375351356646e+02
9.819481769534593241e+01
1.164522601278690956e+02
7.792971192042223549e+01
7.480184192622235173e+01
1.061610097917309758e+02
9.366094881717424414e+01
8.167414931706767334e+01
1.308025823734208757e+02
1.017832118879249208e+02
9.384943023564690634e+01
6.040882937672825648e+01
1.220961369850277691e+02
1.080783666296513417e+02
1.083767912834149740e+02
8.493673462577243072e+01
1.077363860953619081e+02
7.813310580171649633e+01
1.006104478780520139e+02
9.930858752170205150e+01
9.926521154071159003e+01
1.063709233453077161e+02
9.674971145521141125e+01
7.987239823618669732e+01
1.199221228779558999e+02
8.906077824846479984e+01
1.038455263038968610e+02
5.652924513520019900e+01
1.127757657182310140e+02
8.726648841336518103e+01
1.217287695384017923e+02
8.314234113187389141e+01
1.039080790356981225e+02
1.070873786525128537e+02
1.123286052417440004e+02
6.043472144020816472e+01
8.118855967574631904e+01
7.321365992763918484e+01
1.104363869182415527e+02
7.241331983060084099e+01
1.103731851492924960e+02
8.659905054650170086e+01
1.022072839326478118e+02
1.091521669759952715e+02
7.762685675002491337e+01
4.262831609779271247e+01
1.032349208789782011e+02
9.827430996959479614e+01
7.252444798518328639e+01
9.515914155887610093e+01
8.208792034560667616e+01
8.545850195010181949e+01
8.969370100514305477e+01
8.111078843162604812e+01
9.965183836181292065e+01
1.108527351439236668e+02
9.101809343934498031e+01
1.015256070599377693e+02
5.959515267387291715e+01
1.143675167558030381e+02
9.542731963821121610e+01
1.206570161886807000e+02
1.182428010493662214e+02
9.379883913046164423e+01
1.066745830395725818e+02
6.964117555967398232e+01
9.098366153693017111e+01
9.169112401002739432e+01
6.084734998338053913e+01
1.309545468219157840e+02
1.006299270705401199e+02
1.014134770793967704e+02
6.877874348630945178e+01
1.105530742323442723e+02
1.084696373287115847e+02
9.277173899176167993e+01
1.033175471812777459e+02
1.255718652140412246e+02
9.624736648633849256e+01
8.803120658796704845e+01
7.147350713531707811e+01
9.992321496473624620e+01
1.194987680085261701e+02
8.249659925650807679e+01
1.008392780616759552e+02
1.114445751633220425e+02
1.023268401848812346e+02
1.069289275900378300e+02
9.408138320978633828e+01
1.044578809324068516e+02
1.292076709109107640e+02
1.097212630056524461e+02
1.119901582977520036e+02
1.387653495013153986e+02
1.290227197908268408e+02
9.334299949945659591e+01
9.949731431327961673e+01
1.177968118791374224e+02
1.199508047307543279e+02
9.422078091140805611e+01
1.172934780795590513e+02
1.021357266908434269e+02
8.466440941872932058e+01
1.112443956141411974e+02
1.126120183047380863e+02
9.826811396491856954e+01
8.501999764761228562e+01
8.183957206361452563e+01
9.431045659004212212e+01
9.783078361243063625e+01
1.050513948291766155e+02
9.228207963750179488e+01
1.051710986916082362e+02
9.364433897584103761e+01
1.211064912472581767e+02
1.018479040312345063e+02
9.138854778727292683e+01
9.339340923688827445e+01
8.130901275723100241e+01
8.595554406526407831e+01
7.407731696605169702e+01
9.464333045703747871e+01
1.152355269292706765e+02
1.072490352196958128e+02
8.384896474548084200e+01
1.205510680168367514e+02
1.027783807790118686e+02
1.122668250196824573e+02
6.528385881841101934e+01
1.191205551811553107e+02
9.248183004725245837e+01
1.109465136400819461e+02
1.110900335563706420e+02
9.253789614110654327e+01
8.307121442874580453e+01
1.189854146056939470e+02
1.156793652971676494e+02
8.713091044833375065e+01
1.078825287059957816e+02
1.168173503095038228e+02
1.101276027564792059e+02
1.203443208280123002e+02
1.073969583678544666e+02
9.161693196250473648e+01
1.018604710157750901e+02
5.459572632847130080e+01
1.145471470133101377e+02
9.746580026974704936e+01
1.134877379573082692e+02
1.194360079707957993e+02
1.021714028266009251e+02
8.851656467702653686e+01
8.043531562690606052e+01
8.792835467331090626e+01
8.123846926726825757e+01
7.969229713229643153e+01
1.001962518704611398e+02
8.765528443219432120e+01
1.192536791885265046e+02
9.044531804109904272e+01
1.077587841224814298e+02
1.089173794926941667e+02
1.071813831264034889e+02
1.010976205896503330e+02
9.895871192910033187e+01
8.293681664710527457e+01
9.007493176979561156e+01
1.172713093642259850e+02
1.124668049791680602e+02
1.017787142120918560e+02
1.084920068740345158e+02
1.061115555546247862e+02
1.071104103250473116e+02
1.008606078814827640e+02
1.135164403169083727e+02
1.010321401007290092e+02
1.198781974431640407e+02
9.223713400192401934e+01
1.076235414148162306e+02
1.250859970846723712e+02
1.192853534829635294e+02
1.176613596536924149e+02
1.215190885782512993e+02
1.149385149644026995e+02
1.035761877395894004e+02
1.199026642276512860e+02
1.191217118002517026e+02
1.014342918127570528e+02
1.267627705598138164e+02
1.199678845913910976e+02
1.148825487182452747e+02
1.105594661508256138e+02
1.116947427391081646e+02
1.144685497806663506e+02
1.199732192338495764e+02
1.257081275547978692e+02
1.141565396968371573e+02
1.220761875041793587e+02
1.292581224613069253e+02
1.308385604051377697e+02
1.123014989511122508e+02
1.152054396863851906e+02
1.229578789667420864e+02
1.250060265213908224e+02
1.114480446964712996e+02
1.072288518387969418e+02
1.040575908918817021e+02
1.243939977115723536e+02
1.091368967041954363e+02
1.194834437624449066e+02
1.509789683660902426e+02
1.148016647188629520e+02
1.279465860775069217e+02
1.356426678200238598e+02
1.143476958908903924e+02
1.211378645272493628e+02
1.122342787802965915e+02
1.175310833590652919e+02
1.464380946187007453e+02
1.320697795359205600e+02
1.395138224932091191e+02
1.351955949315246244e+02
1.274523004456525683e+02
1.361987763038518153e+02
1.485507171155883555e+02
1.289115803780077556e+02
1.306956770516913480e+02
1.342286606255658512e+02
1.286654576799849679e+02
1.325624381187974450e+02
1.304456293718659765e+02
1.283310649150166682e+02
1.353077808389286645e+02
1.272990180637698501e+02
1.371944929247850382e+02
1.185393699250262785e+02
1.224277746265119475e+02
