9.737898472805447625e+00
1.040427262661301633e+01
9.686187187031965351e+00
9.269783648440178325e+00
8.389411315594331953e+00
6.841052550594827864e+00
8.341595903795761657e+00
1.469905514726107221e+01
8.960654737982784113e+00
6.212532137184929582e+00
8.349584154648395540e+00
7.710310557227177952e+00
1.359150061210640814e+01
7.228339289829226466e+00
2.848781415896199487e+00
8.485281374238569541e+00
5.874237539176183631e+00
7.325450308494503737e+00
1.134195750300625960e+01
1.206906053602442697e+01
7.455348564770276631e+00
8.334666560017064185e+00
6.302027892318118774e+00
8.899438184514796291e+00
9.201449161228174134e+00
2.519223866370134246e+01
8.842825089051324028e+00
4.131182235954577564e+00
9.937582983580844243e+00
8.970073702162219220e+00
5.998518335574396509e+00
6.499914529352588843e+00
1.196364864449340359e+01
1.767433795711234623e+01
9.921021452787343264e+00
1.366357688650132474e+01
1.005186549850325228e+01
7.325450308494504625e+00
6.964672760917534511e+00
7.163487667020551619e+00
9.608792270045642070e+00
9.541954144140962768e+00
8.285462503016285396e+00
1.233675628176043482e+01
5.790413533495589959e+00
9.053912598061311101e+00
9.312834632317322558e+00
6.752777206453653314e+00
8.474799243771041546e+00
6.859219262342389989e+00
7.401501349200866109e+00
1.026450193628507179e+01
8.883442776061292179e+00
1.020108926645690062e+01
1.312233041633823305e+01
8.568676806965136450e+00
6.661998365522332044e+00
1.277427971441921351e+01
4.364503280888775372e+00
8.880440429518246859e+00
4.281225162133953432e+00
1.065082156455547846e+01
8.007218965131125188e+00
9.708186694171516251e+00
3.172100600898751566e+00
4.482063017059096488e+00
1.103126868899896174e+01
8.667692247010670314e+00
8.878438301112796083e+00
8.196476207628631272e+00
1.051136950586786689e+01
8.953211714239756702e+00
1.271569458932106045e+01
1.336895242301687858e+01
5.591263025669801934e+00
7.279804637183305616e+00
1.771427547362735311e+01
6.761327943204319624e+00
6.651983831075424902e+00
6.934615266104449560e+00
1.008497231858703103e+01
1.449352345781460549e+01
7.352701695446525854e+00
9.450220455982318413e+00
8.463253905364453544e+00
9.289420505786855742e+00
1.042433051407459388e+01
6.562519841239847551e+00
7.880778303357268477e+00
4.582090740650555105e+00
5.512007095625168773e+00
6.055300708194983450e+00
6.767241354906410322e+00
9.214963676301472617e+00
6.454627969311803604e+00
5.075431016179808630e+00
1.305475647672781037e+01
1.059349905471380104e+01
5.516037224916694903e+00
5.031456603763521329e+00
6.974238309665076407e+00
5.213657278937906980e+00
9.105309806188182975e+00
4.027681991198190481e+00
6.238233368154445735e+00
7.920157125265185449e+00
3.833188403057346871e+00
6.548960901462835160e+00
1.102038515156747422e+01
9.858104392946049899e+00
1.024673389698178738e+01
7.657675887630658096e+00
8.338398460669104395e+00
9.308061022576076482e+00
8.582669877271420944e+00
9.105797908780731476e+00
5.591263025669801046e+00
9.159330397650984779e+00
1.416505873227812984e+01
5.512007095625169661e+00
4.305035810923451223e+00
1.066333281233717578e+01
8.767110254937040992e+00
4.936935621752964742e+00
5.159672685570493300e+00
6.456693340161733907e+00
1.176888553205725962e+01
5.401234426807758560e+00
3.116978594016255766e+00
2.628053779256936728e+00
1.158274578845620617e+01
5.397118572802424907e+00
3.460250472629594842e+00
5.976249288270659044e+00
9.748846085563151576e+00
5.118159391378462431e+00
7.059745037889116226e+00
5.084180257316698537e+00
9.024411338142781958e+00
4.485036851081109610e+00
4.697043987682276267e+00
6.845598748263165945e+00
5.006662228138289983e+00
6.917289128617429839e+00
4.809250345832381868e+00
4.343065993307288153e+00
5.652924513520019012e+00
8.249983164965989602e+00
6.845598748263165945e+00
9.608792270045642070e+00
1.171020447681802423e+01
6.691952048709122636e+00
7.600000000000000533e+00
5.840852297015869610e+00
6.631239200431043201e+00
6.625204399362583096e+00
8.761024800533071755e+00
5.101633725255731555e+00
4.582090740650554217e+00
8.129507296810114525e+00
1.442621071368207630e+01
8.868420879101806875e+00
6.946142014736589765e+00
4.592747906573290351e+00
1.088035947118578406e+01
3.820413008505174179e+00
6.448427887649998524e+00
4.523518787649966733e+00
6.354700797222652575e+00
9.594906055935211953e+00
4.261455150532504454e+00
9.146705539275997054e+00
8.910418371521931391e+00
3.611094017053557703e+00
7.056596598612928872e+00
7.730459236035074788e+00
7.816222446510419530e+00
4.302970550161313135e+00
6.734983296193095548e+00
4.195235392680606523e+00
8.812617217502539901e+00
5.615059117132151556e+00
7.449384762068161692e+00
1.116422858956229014e+01
7.648965071607181976e+00
4.842405279289300424e+00
5.004886501099589324e+00
6.705221845696084593e+00
2.796823595120404349e+00
6.823488843692792294e+00
1.878533707147382659e+00
5.221323799787006337e+00
4.679031238764422618e+00
4.106363625182531507e+00
5.101633725255730667e+00
9.403545430669575822e+00
5.955389715767278602e+00
5.783501438479019541e+00
5.767341001035244830e+00
1.446005993532991241e+01
1.066749996745046047e+01
5.175154318686759680e+00
4.730045806684469945e+00
8.323994767471258882e+00
6.536733808936148193e+00
7.779174477767903717e+00
6.767241354906411210e+00
6.375648115202790400e+00
4.659995231280345429e+00
1.741978440994287780e+01
5.211099265563414740e+00
5.169998925424345693e+00
7.388880534665285715e+00
5.421766829692655776e+00
1.695038511525786973e+01
8.037136029429609252e+00
4.718756898449703918e+00
5.169998925424345693e+00
6.574698979167537871e+00
8.745792639257397028e+00
1.141461052043973012e+01
5.301572093885611459e+00
6.657994359331411260e+00
4.445222154178573248e+00
8.338398460669106171e+00
1.052531340256537185e+01
6.691952048709123524e+00
6.529931086925802930e+00
6.408327915038888989e+00
1.544826491515758704e+01
6.084588911522472721e+00
6.149977416399365460e+00
5.545769158156112155e+00
1.013245610238044314e+01
6.126082670752075465e+00
8.585776351359005076e+00
9.617114374327096371e+00
4.668571040003092421e+00
6.354700797222653463e+00
9.243856818930552777e+00
8.225704968099829983e+00
6.623191577077222725e+00
4.129030017920539031e+00
4.287449384216939663e+00
8.070247139269582703e+00
1.265543361564509794e+01
4.318435930853772753e+00
1.013157879547353168e+01
5.451197625802567615e+00
1.093536566476961625e+01
7.770027884977847243e+00
7.437442810237640423e+00
4.333846123505335157e+00
6.024394852043924331e+00
7.359347797189640161e+00
7.872878903058411204e+00
6.677990383008615360e+00
6.806532809653449867e+00
5.272149045271345535e+00
6.687965975458375567e+00
9.863513009515871843e+00
7.962132600977929187e+00
2.870540018881464928e+00
2.809507667427396882e+00
8.582669877271420944e+00
7.409903283219468229e+00
6.260990336999411099e+00
6.881860213634101164e+00
7.097417370659085734e+00
8.872930118562237567e+00
3.738092205033649584e+00
9.590736271122370482e+00
4.901700385240480351e+00
6.000000000000000000e+00
5.272149045271344647e+00
5.790413533495589959e+00
8.059776671843954077e+00
6.503332479070505379e+00
9.583782598164928501e+00
3.052139504602559672e+00
9.865765724632494127e+00
7.464285334548482531e+00
1.101191274130984965e+01
6.427717756370106450e+00
4.567518168789503896e+00
8.338398460669102619e+00
3.735713526965839915e+00
7.086763875156433024e+00
2.984403904746585567e+00
9.207726224330423648e+00
1.248038460945815764e+01
4.935134806219132919e+00
7.379852452605147661e+00
6.526527066944222355e+00
7.973288740120562323e+00
5.004886501099589324e+00
1.025973792171233789e+01
3.780652501002086829e+00
5.278888771954441061e+00
1.230970710004461743e+01
6.713171133426189208e+00
8.241898378946981296e+00
6.803920438492306211e+00
3.119829055146023933e+00
3.981066300488964593e+00
8.478993650978477348e+00
5.314968380798600123e+00
4.538232646698002526e+00
5.513619500836088427e+00
1.154007510085325805e+01
4.814792022738076938e+00
8.444327484570139930e+00
7.243080989621903498e+00
8.124038404635960831e+00
3.299831645537221636e+00
1.042091913199385544e+01
4.299870799092560425e+00
4.464178411408854963e+00
7.869491018413381944e+00
3.919183588453085232e+00
5.813394495091104730e+00
3.401960219246152661e+00
5.654496735637339455e+00
3.702251567177285985e+00
4.346134936801765214e+00
8.413217114886684556e+00
6.621849355647475122e+00
3.086889840744060365e+00
6.777085574853609629e+00
8.586811592979861629e+00
6.027345094557708727e+00
1.141266353174791881e+01
8.018312374392341013e+00
9.467136138593691186e+00
6.118823416311342633e+00
5.334999739664681329e+00
3.363860216411430404e+00
6.265957406671563312e+00
6.557099629832961796e+00
8.160609998986323887e+00
5.692099788303083052e+00
3.647830405414520971e+00
6.216823054333208809e+00
6.104279009205118456e+00
7.236942264059685215e+00
6.038395666252934113e+00
6.946142014736589765e+00
7.984985911070851650e+00
8.902933349308092659e+00
6.803920438492305323e+00
6.425643072011461676e+00
4.773072618578332538e+00
4.221637386396682956e+00
2.360790827950103310e+00
6.574698979167538759e+00
7.482126851519040223e+00
2.315167380558045274e+00
4.864383025854586151e+00
5.760401220594119742e+00
4.552898954390365738e+00
6.060436361260538973e+00
7.622772898799142105e+00
7.482126851519038446e+00
4.650448007092076175e+00
4.928826770473206054e+00
4.534313619501854298e+00
4.489988864128729773e+00
6.754751414128180365e+00
6.964672760917534511e+00
4.029888335921977038e+00
4.936935621752965631e+00
9.945629972784809425e+00
6.508114592995082326e+00
5.547371750057259021e+00
7.408703590297624153e+00
7.282856582413248958e+00
8.492087820763254413e+00
5.118159391378462431e+00
6.216823054333208809e+00
3.319973226130328747e+00
2.985892756874492182e+00
4.633213427705080711e+00
4.880801391392833644e+00
5.294021785624485332e+00
7.958224257542214630e+00
7.811672178363748387e+00
8.215432632146240977e+00
1.006953601490930517e+01
1.180847153530041105e+01
3.179098404684363555e+00
4.391911757866827415e+00
6.645299090334459535e+00
2.940899333348371059e+00
6.371464161050861108e+00
4.742245131674330594e+00
3.860915262818735538e+00
6.482797749943049581e+00
5.897645481225724851e+00
7.436845209271647938e+00
6.806532809653448979e+00
6.761327943204319624e+00
5.725576147622369660e+00
8.288144142890695676e+00
5.226428566005236753e+00
6.928203230275508773e+00
6.084588911522471832e+00
5.322488974989886046e+00
6.354700797222653463e+00
5.458530530788991975e+00
5.884065110297661327e+00
7.455348564770276631e+00
5.863635580612272413e+00
6.475252032846976036e+00
8.034923770640265417e+00
4.607240678178932569e+00
5.118159391378462431e+00
4.942334131426837196e+00
7.142984125855399213e+00
6.375648115202790400e+00
7.067924416372571628e+00
8.091147425839345431e+00
7.352701695446525854e+00
5.120763831912405806e+00
5.359933664597807734e+00
9.055385138137417300e+00
6.344201201797504019e+00
3.438345855527367156e+00
6.029556829117340477e+00
4.730045806684469945e+00
5.631656555184767043e+00
9.910712498212335575e+00
4.052982440952177079e+00
3.517574922206111676e+00
5.805744281887264435e+00
6.337191807101943297e+00
1.008937835327606081e+01
6.703233050799690673e+00
9.548472827281509367e+00
6.265957406671563312e+00
9.877021593352703022e+00
6.297795028597089839e+00
6.209669878504008977e+00
1.088852607105295967e+01
7.567180599286777998e+00
3.895296308797744800e+00
8.647671491345066741e+00
7.888106377466153951e+00
4.611097724210821980e+00
5.641118880348313880e+00
5.299895177160476756e+00
6.974875546480302724e+00
3.008137112714260653e+00
5.650565360111223789e+00
5.409456740026878485e+00
7.614605848119928133e+00
2.629744389775469759e+00
3.238655413730965105e+00
4.878068834647124596e+00
5.105117258420438731e+00
1.665332799572906142e+00
5.748816303282692886e+00
3.850541087518306593e+00
2.124983660067897073e+00
6.042810236599818197e+00
7.066037707859255335e+00
4.541169697580373033e+00
4.404038550643664784e+00
8.798989841011422897e+00
7.604092465391397049e+00
8.605941100322626269e+00
4.883532419149983816e+00
6.115190557583266795e+00
4.924316083365170016e+00
7.501111028818775672e+00
3.738092205033650028e+00
7.689531122824647902e+00
4.891716354091770746e+00
8.530728769181054716e+00
3.913509365717112498e+00
4.024370206076419265e+00
7.591223002037725820e+00
4.125799585804213798e+00
6.468384651518491069e+00
8.245133244661497329e+00
7.725858456436339061e+00
5.068420748999523440e+00
2.416609194718914555e+00
4.256237253203297932e+00
4.699881795203884494e+00
6.268084945889684789e+00
5.264556539306568972e+00
4.317406628984580941e+00
4.868949236402723812e+00
4.868949236402723812e+00
3.176301133219092243e+00
7.119925093238926195e+00
4.668571040003092421e+00
3.757067414294765761e+00
4.242640687119284770e+00
4.234251868853444734e+00
1.198814228959414407e+01
1.033999785084869316e+01
4.063933507767512054e+00
1.081644837992377006e+01
7.037676384211545511e+00
5.136362742468858933e+00
8.420609637470832354e+00
9.353787111824457767e+00
8.488947062046165115e+00
4.237399621885521661e+00
5.223876806442595999e+00
7.698196036879174642e+00
2.948445918332797788e+00
4.702717890279571655e+00
3.502380143083652531e+00
7.544239892497823341e+00
1.309283094759197574e+01
7.228339289829226466e+00
1.121189844168536354e+01
1.257510768674898216e+01
5.904423953462541341e+00
2.524546163834865187e+00
4.047495796442810878e+00
5.149325737954003834e+00
5.584104424365846420e+00
4.905325903772573604e+00
4.305035810923451223e+00
9.467136138593691186e+00
5.251031644670724141e+00
7.319987856699095907e+00
3.052139504602559228e+00
3.480740661921763568e+00
6.897342483401366131e+00
4.170797951897879940e+00
5.399588461684422747e+00
3.138293945583952027e+00
3.220765954448310264e+00
4.460194315647394880e+00
4.157990967870047072e+00
5.238320341483518661e+00
6.519713695145414434e+00
3.997777160150653319e+00
6.177378084592199947e+00
3.896437118987321924e+00
1.024282947019794676e+01
9.140872800534726395e+00
4.767482447674966650e+00
1.174090664680070084e+01
7.329089681232966669e+00
1.079794219078596207e+01
3.647830405414520971e+00
3.390181902690966087e+00
3.015515434106303960e+00
1.263575174741187368e+01
1.204805194027464310e+01
3.749962962780062359e+00
7.492218185112692552e+00
5.289822513300633133e+00
8.033264176742436646e+00
4.062839729384690735e+00
6.561165208169117413e+00
6.888315388314395271e+00
8.155706931686275141e+00
3.242769735204082515e+00
5.737207993053376143e+00
3.875851160999635336e+00
4.166533331199931744e+00
6.820231341791534341e+00
7.105553383719588112e+00
7.290785661062568757e+00
9.185979655008072342e+00
5.666274496233540070e+00
4.102032016777376278e+00
8.568676806965136450e+00
8.457475325940293942e+00
6.406940680924780196e+00
6.701906859659836790e+00
4.972814986392404712e+00
4.388874824168744304e+00
9.810198774744577577e+00
6.601010023726167297e+00
5.451197625802568503e+00
5.851495535331117992e+00
5.611892134862656256e+00
2.939387691339813369e+00
6.974238309665077296e+00
6.458069887099911810e+00
7.889796504909925901e+00
9.078913297673167904e+00
5.771962885843563207e+00
1.110835521378190194e+01
3.453822359196964786e+00
4.299870799092559537e+00
5.897645481225724851e+00
5.322488974989886046e+00
3.162277660168379523e+00
6.195338749594102801e+00
9.282241108697835585e+00
3.753516869402466760e+00
4.538232646698001638e+00
3.906689419728963220e+00
1.172954484292643862e+01
2.768071932270225854e+00
9.272659932415413309e+00
8.365537772446085540e+00
5.426683046658325793e+00
8.342661445845683588e+00
9.098473620460863387e+00
4.193116051604370398e+00
7.680856433728960653e+00
2.963481436119049128e+00
4.915282290977803115e+00
6.166576575918495173e+00
6.750802421440974754e+00
4.508756911709577153e+00
2.476556749467561325e+00
9.299940262651629652e+00
6.607739569794061296e+00
2.751968992073372533e+00
7.487471016452898809e+00
9.276972686292776160e+00
3.910100879630714843e+00
4.735680169380811932e+00
7.337574531137657452e+00
5.475602452901617845e+00
5.600000000000000533e+00
6.212532137184929582e+00
5.259488779550938631e+00
3.303869784897031536e+00
1.042433051407459388e+01
1.109033613356942105e+01
4.864383025854587039e+00
3.573980040981389994e+00
5.017303392593808198e+00
6.162971866090436457e+00
4.327688631231328742e+00
6.554387843269576130e+00
5.097275960964074315e+00
3.994440581052064232e+00
3.957552554574887527e+00
1.103247730818221584e+01
4.122566622330748665e+00
9.060291876583717041e+00
3.343982987729187784e+00
6.368673331236263557e+00
6.038395666252934113e+00
8.711677986090471393e+00
9.512564790259716574e+00
1.241755030412824823e+01
1.436043948569201145e+00
2.587147721590967731e+00
2.823709144606316279e+00
4.493946545694058159e+00
7.288956639251525260e+00
3.759432581299115839e+00
5.560175856531477834e+00
1.017098269042322656e+01
6.601683287027803715e+00
6.997142273814360713e+00
3.714236873915764736e+00
8.155706931686275141e+00
9.476051685990086071e+00
4.538232646698002526e+00
5.463413666279434366e+00
5.545769158156112155e+00
4.777726097911711101e+00
4.419150245113746323e+00
7.493997598078077971e+00
3.919183588453085232e+00
9.727395449051210008e+00
3.434465832637668470e+00
8.064738061462382035e+00
4.924316083365170016e+00
4.773072618578332538e+00
8.392059739221751968e+00
4.467164151400254468e+00
6.845598748263166833e+00
1.029692510736417255e+01
4.249967320135793258e+00
4.908043285148256274e+00
3.785351884420903978e+00
5.440588203494177044e+00
5.499898988971422931e+00
2.561249694973140034e+00
5.339163480046913435e+00
8.125679458769381469e+00
9.724196624914574372e+00
4.079215610874228126e+00
5.968807809493171135e+00
5.942689252817746848e+00
8.370317928383736117e+00
9.011104260855047343e+00
5.893122168162552299e+00
4.475116385823576515e+00
4.753478258660236655e+00
4.715930449020638626e+00
1.780586669861618532e+01
5.487764167268447402e+00
4.161196409153928855e+00
2.669997919266771547e+00
