1.049740708725519411e+01
6.621849355647475122e+00
1.097147817449104323e+01
1.199370205103031672e+01
8.631724431807741738e+00
6.769211344183472256e+00
9.230384607371460604e+00
1.130466963495862487e+01
1.137756076181924314e+01
1.567106321288451021e+01
1.051644215291253204e+01
1.555577777619049940e+01
7.098043548909955369e+00
9.269783648440176549e+00
4.479087208597553271e+00
1.582178526238075555e+01
1.646491218723420147e+01
1.882150070767176686e+01
2.023923582220106354e+01
6.516304337753281217e+00
1.985346317396539106e+01
1.064497794997977209e+01
1.197590172898150662e+01
8.535937102756921746e+00
8.061982110843185723e+00
1.001243671085559761e+01
6.711846905948383402e+00
9.858104392946049899e+00
1.030771016709767984e+01
1.378340386922701555e+01
9.721911106133173774e+00
7.056596598612928872e+00
9.710475443217665870e+00
6.312597634008434433e+00
5.931460378542726453e+00
5.555377774933242030e+00
7.931372306648243331e+00
9.727395449051211784e+00
1.472322428455578880e+01
5.915704147061071616e+00
6.456693340161733907e+00
1.097552833453689480e+01
7.889233169326407946e+00
7.813378839457926439e+00
7.710310557227178840e+00
5.372357231441541536e+00
6.741579109443786244e+00
6.609757097570899909e+00
6.884443009826979321e+00
4.575295983139596956e+00
8.956685895029602662e+00
8.860398787112613306e+00
1.189509702916850209e+01
4.842405279289300424e+00
8.228406082994851545e+00
5.724799850940933688e+00
5.096403960964371649e+00
9.603240193925287826e+00
9.049493540156451132e+00
5.299895177160477644e+00
5.815687596683837057e+00
6.982517852147286597e+00
6.130434097372079449e+00
7.018705167067656348e+00
7.313913681014654777e+00
8.299933065325820536e+00
8.209479615393142637e+00
3.702251567177285985e+00
8.751888685052819028e+00
6.621849355647476898e+00
5.088549236603034487e+00
4.679031238764422618e+00
8.071899129421499453e+00
3.936157178433469905e+00
9.627737705885703434e+00
1.125146903988788338e+01
4.182503237695499365e+00
8.508818954473058582e+00
6.246776946731987579e+00
5.075431016179808630e+00
8.322392818307857709e+00
6.516304337753280329e+00
4.787019485604330882e+00
2.879814808860690523e+00
6.216108107168021313e+00
4.289522117905443466e+00
1.044264759957401445e+01
8.268816924647282463e+00
6.701243665668834559e+00
4.511713150850301446e+00
1.256450025534906345e+01
9.098473620460863387e+00
4.145144415122617332e+00
7.150446761489025249e+00
8.003887944132040744e+00
7.147960081962779100e+00
8.919392106839769241e+00
5.771192828754439397e+00
1.006556285339054391e+01
4.753478258660236655e+00
9.590736271122370482e+00
7.692998259600882349e+00
6.806532809653449867e+00
8.144254962173574697e+00
4.317406628984580941e+00
5.605552802554108816e+00
6.095535707019980265e+00
1.120991624510291373e+01
6.772493386240157065e+00
1.131056536557253089e+01
4.918897798852457370e+00
7.018705167067656348e+00
1.252091583444810752e+01
1.088648499542233061e+01
5.847696602556903045e+00
9.293725481922377796e+00
1.043498389499901791e+01
4.281225162133952544e+00
1.130702829610366322e+01
9.844569851220294154e+00
5.105117258420438731e+00
1.134430841141642077e+01
5.588082557252234572e+00
1.305305413388844471e+01
9.929529473019131913e+00
6.731682966060981599e+00
3.473071007368294882e+00
5.596030339048883029e+00
8.051500895278261183e+00
2.776088375154268650e+00
1.012455760350380451e+01
1.506371652533183791e+01
9.562891241088591343e+00
4.434210439550904326e+00
4.951318567367238188e+00
7.066037707859255335e+00
2.725158507112730888e+01
1.121586178390031385e+01
5.225578117937446976e+00
5.485333981526456348e+00
5.039400317057135759e+00
8.381461023526201259e+00
1.033741854730774712e+01
6.999682532483566533e+00
4.781445620544296560e+00
5.986651818838306660e+00
7.801424371371052935e+00
9.126274644612056619e+00
9.698568050089777515e+00
9.478396488858228608e+00
8.492087820763252637e+00
9.611567105431985780e+00
4.716872787015660151e+00
6.427717756370106450e+00
5.462600113499066268e+00
7.535397947170555000e+00
6.681982407107107669e+00
1.233315315183698857e+01
1.156123791910806808e+01
7.533628312808878569e+00
6.657994359331410372e+00
6.560487786742689842e+00
1.356793605854954166e+01
9.378462323619769947e+00
8.013876853447538195e+00
8.820178884555321730e+00
6.546924638501822713e+00
1.348019122844908146e+01
7.725858456436339949e+00
1.398316448050615257e+01
9.056857438795569593e+00
8.251599171608427596e+00
1.250173321317221742e+01
1.525865874402683353e+01
9.604628513841067416e+00
5.347481234708126863e+00
4.531372124791047895e+00
8.362349483780793236e+00
7.669854409743816603e+00
5.912698199637794083e+00
6.601683287027802827e+00
1.365869686317109633e+01
1.092275911419210388e+01
8.958174417195106543e+00
8.007218965131125188e+00
9.260669522232181095e+00
8.652295777550731870e+00
8.276875416886898762e+00
2.193080025899648078e+01
6.641954197038365315e+00
1.449597645325534145e+01
6.635259351876658940e+00
6.184568609764863112e+00
9.499941520287842778e+00
6.427717756370106450e+00
1.270170592217176697e+01
1.594351139352795066e+01
5.136362742468858933e+00
1.135879492825811177e+01
7.180219742846005282e+00
7.209869778451079014e+00
9.959027172481368595e+00
1.072608450875196517e+01
9.157874571463985092e+00
1.106224811389318674e+01
5.609515724790034241e+00
8.535937102756921746e+00
7.549540089009101784e+00
1.139707564831142683e+01
9.461970666245424155e+00
4.422166387140533672e+00
8.092795149596543780e+00
5.555377774933242030e+00
6.901207623790685197e+00
4.828618389928484689e+00
6.064834888290218551e+00
6.448427887649998524e+00
7.787168933572712781e+00
8.557258127850687401e+00
1.304760514424007312e+01
5.638754787677467739e+00
5.166559138666016793e+00
5.299895177160477644e+00
4.361447262345633291e+00
1.062993676159720025e+01
3.997777160150653764e+00
6.561165208169116525e+00
8.974036624247380800e+00
1.147092944020763383e+01
4.601449047129972492e+00
4.516635916254485572e+00
4.531372124791047895e+00
9.291334074764984408e+00
7.508809640830044430e+00
7.220341635499897492e+00
9.408270593236334634e+00
1.212087272252107795e+01
8.559335384375485134e+00
9.214481356357865138e+00
6.777085574853609629e+00
7.144850515503378574e+00
1.312503968247969510e+01
1.677617358040861362e+01
1.037218502641667150e+01
9.246260505379099826e+00
6.365183073216004850e+00
1.271045064329174679e+01
1.073602450734079738e+01
9.941160227391300452e+00
6.865048352989866487e+00
1.660709353124608612e+01
2.233283581535393481e+01
1.110435350061707460e+01
1.805128496503472846e+01
1.283155831880480768e+01
6.657994359331410372e+00
1.096337336569158083e+01
2.190545340523425111e+01
1.157506899427481706e+01
7.558365490560039035e+00
1.414622053961960368e+01
1.091298920247488091e+01
2.276195656499385223e+01
1.038246384802545563e+01
1.724026295236434692e+01
7.877957998251972072e+00
6.287200401521244153e+00
7.236942264059685215e+00
1.508494466531301370e+01
8.853373493884815204e+00
1.441973955690215803e+01
5.859086011391954507e+00
1.795352023668029418e+01
7.240626123938914027e+00
1.068207220845593497e+01
1.427725463805979800e+01
1.852733715951167781e+01
2.340218413358509864e+01
1.823354661666846965e+01
1.131370849898476116e+01
3.158663571125541125e+01
2.951127844664740252e+01
1.337593195091675113e+01
1.550999677627303619e+01
6.248199740725322471e+00
2.443822143010138959e+01
1.096945253369049844e+01
2.194194359870813216e+01
2.076278722458363291e+01
1.839879223089264570e+01
1.218997766837805052e+01
2.320689552697645652e+01
2.542876761115689987e+01
1.752281053053102156e+01
1.308162409217176858e+01
1.566652482205291186e+01
1.145697264648136660e+01
1.891266477493028830e+01
2.369941396368742303e+01
3.001377461544393199e+01
2.348332741897252163e+01
3.553939910703174831e+01
1.680264529438412424e+01
2.368065314414560518e+01
1.690548891796849418e+01
2.253254436488599666e+01
2.178521414986677485e+01
2.376683029396688696e+01
1.257086578826879020e+01
2.366056259310463261e+01
1.781335329340199181e+01
2.804044697694148169e+01
1.610576156397317149e+01
3.385262175962151332e+01
2.787703156523106074e+01
1.197887028618865024e+01
2.363857487714143701e+01
1.965185883206867246e+01
1.662875688545465280e+01
1.878178786898509145e+01
3.106437759807132437e+01
2.488694436848365044e+01
1.473981757764397216e+01
2.090124929812144217e+01
4.473447589201569485e+01
2.700485553048233101e+01
9.734246532503455285e+00
4.264968412023183220e+01
1.521256790361910483e+01
3.310830711468044996e+01
2.463655820117736894e+01
4.165541181327263587e+01
1.527030524325634353e+01
2.093227173528950757e+01
2.461887261612295674e+01
3.391492624527174371e+01
3.278048199767660975e+01
3.606142907133141762e+01
1.826423341457894978e+01
2.933303030146504753e+01
4.468556814006061018e+01
1.958729747112199604e+01
5.810962819437832394e+01
4.177059039829605780e+01
1.982187343988117334e+01
6.668919619315327907e+01
5.120529486510376671e+01
5.397711449205939971e+01
4.541287140105643516e+01
6.240178060137565552e+01
2.013245031176174393e+01
1.543963154425073370e+01
3.178147608627110543e+01
6.008660416432268647e+01
1.178819748731755936e+02
5.959105078225532992e+01
2.956228828911741502e+01
8.983055654335493045e+01
3.902215894705069843e+01
3.457706368871326674e+01
6.083405479024246887e+01
1.163940433756527426e+02
1.043362938877082371e+02
1.169399846074900040e+02
1.246520490538897405e+02
9.868256628649707807e+01
9.604984816923624180e+01
1.169910537890255284e+02
7.555189533617861741e+01
7.215766687531470325e+01
6.917578253181447678e+01
8.625095168557079717e+01
8.773611950996388487e+01
6.817982758036932012e+01
1.034484520049586109e+02
8.172055365016127837e+01
8.469133498901894086e+01
1.091240680245298620e+02
7.783989265722871664e+01
8.561370606781758852e+01
7.467607083634995035e+01
1.089500599153371496e+02
9.267434020986247845e+01
1.205722282377754766e+02
1.231240386313285597e+02
1.199613641506668102e+02
1.107203484259129169e+02
1.227584077229200119e+02
1.074875910150665845e+02
8.395464383952933929e+01
9.868378229926581469e+01
9.239730635804390602e+01
7.740617259337626876e+01
8.757386723345169344e+01
8.755985889029795999e+01
1.274241560912041393e+02
6.734666534679600147e+01
6.940304188018146192e+01
9.490851735574983650e+01
7.636997664876776071e+01
1.344784823762605583e+02
6.026769910620078718e+01
6.848727375700295283e+01
4.915481213020303386e+01
6.195611349979919424e+01
5.419249640556030556e+01
5.017099649088991953e+01
7.890821672466478276e+01
8.822143856354998093e+01
5.741621915645632157e+01
5.984520773536414850e+01
5.705926743308224758e+01
7.018021246920119438e+01
1.170616172031730571e+02
1.177244617269023195e+02
8.359144028480960742e+01
1.146413537952165171e+02
1.159040982881968631e+02
7.881353521656882322e+01
1.125847039146773056e+02
1.201157589808912434e+02
1.220458201751384024e+02
1.099073549252581472e+02
1.030311711193375857e+02
8.126554552138863130e+01
1.186085250823996233e+02
1.176124709940800983e+02
6.773858247376864483e+01
1.158204741063609333e+02
1.276008707737616561e+02
1.347412334810692016e+02
1.109951750703105517e+02
1.595593376215325634e+02
1.259961904185995536e+02
1.272739826777910821e+02
1.218928491203100322e+02
1.418127717175791815e+02
1.016186771984144315e+02
1.180541118865977239e+02
1.396360984845967721e+02
1.030895188119960579e+02
1.417236120843037952e+02
1.182422372363897125e+02
1.006221976835462755e+02
1.263343007878523565e+02
9.614049903945556252e+01
1.366883885176628723e+02
1.004269994683811262e+02
7.889813404355996340e+01
1.139417785050281253e+02
1.174298088221214869e+02
1.095085181871965432e+02
1.386806723696164170e+02
1.214730697178048047e+02
1.147800602117903566e+02
1.538457524781088921e+02
1.360371517882768160e+02
1.234829003006759223e+02
1.208629343053067231e+02
1.451340529763202483e+02
1.369329763059286051e+02
1.243129384523858079e+02
1.744394705589560317e+02
1.391160985971389721e+02
1.368811974751179150e+02
1.569788379226816630e+02
1.226439109327849621e+02
1.519928945707660262e+02
1.478588816706283922e+02
1.179824092349740425e+02
1.317093770389944609e+02
1.356152400482089320e+02
1.328547410603860328e+02
1.125388624234115582e+02
1.265545819882560465e+02
1.277282532044757346e+02
1.598210109952867128e+02
1.496763916662284259e+02
1.327144637516532555e+02
1.326408014987176784e+02
1.575512050801967519e+02
1.231659043729229381e+02
1.208770541592663932e+02
1.105722488792835492e+02
1.390867674830675185e+02
1.199460248982386616e+02
1.255695646068566873e+02
8.905344213198924308e+01
1.226397434222147496e+02
7.715168321055750766e+01
1.091787525116494493e+02
1.147653838634861785e+02
8.760035514895029962e+01
1.351881651624875076e+02
1.025143892339021932e+02
1.342522335837367962e+02
1.225837763418235653e+02
6.718319895794053309e+01
1.207166379032594961e+02
1.258798368815805730e+02
8.868781702629109986e+01
9.128918641085348895e+01
1.158599537756203688e+02
1.132504402738559861e+02
1.227403039845601143e+02
7.760755976922179400e+01
1.314599051675706392e+02
1.088855464339607408e+02
1.197252410034464418e+02
1.170138833168478811e+02
1.463530890233160449e+02
1.085195322920666001e+02
1.116322534037542340e+02
7.608404709413282774e+01
1.177907749641994144e+02
1.186358386922864980e+02
1.368552520000602613e+02
1.402709124832689156e+02
1.140371089699411016e+02
1.194676339246557433e+02
1.091565644180667647e+02
1.170072362434620175e+02
8.551647014854312090e+01
9.985246895072528162e+01
9.201391199161136569e+01
1.231886358395123864e+02
1.148453259340095656e+02
1.197757163294055260e+02
7.129606503088994884e+01
1.171886608090655812e+02
1.438456889247023014e+02
1.282739083194846614e+02
8.818667069851819917e+01
8.998108443198246675e+01
9.539382696077467472e+01
1.027565407488334444e+02
1.201919945568570540e+02
6.442773729794748760e+01
5.999740735139217662e+01
7.806305143920522482e+01
1.223201627787594958e+02
1.057162659617189036e+02
9.880746710424043044e+01
1.172813142263790667e+02
1.205093633983130275e+02
1.081146305239643937e+02
1.055991161579174076e+02
1.192669088874007599e+02
9.972794103069722382e+01
1.037759552540418184e+02
1.164389396493572804e+02
1.145410940327628566e+02
9.715545389849312130e+01
8.228017177100851143e+01
1.116685571979268730e+02
1.133822247483656014e+02
1.360287551300173448e+02
1.235960445249855866e+02
1.123291591707157693e+02
1.193764168036923934e+02
8.428164423856215137e+01
1.154657043839809916e+02
1.300071109166298129e+02
1.322673051059860541e+02
1.354545270151163834e+02
1.358718350341804637e+02
1.396890196909629083e+02
1.563862170681575492e+02
1.743637831916045968e+02
1.413713156509795397e+02
1.476373033258645080e+02
1.534069967982773051e+02
1.441125486092958852e+02
1.348685615289526538e+02
1.349639293375167597e+02
1.197604275209470046e+02
1.157139384670470719e+02
1.603709034291029525e+02
1.548331001074669757e+02
1.206440862850540157e+02
1.295148897488881801e+02
1.474827899564330096e+02
1.351112463449615575e+02
1.237984742322061891e+02
1.444870774690787130e+02
1.187142226806319485e+02
1.614502881866599751e+02
1.180456408908576975e+02
1.602803654711192394e+02
1.396497841825121498e+02
1.025097502137669352e+02
1.568587474980807883e+02
1.171884332555431172e+02
1.441764967746900936e+02
1.239778833322926062e+02
1.595484739994574852e+02
1.512400593611215243e+02
1.441534676038777150e+02
1.147260311447329002e+02
1.397740080749397862e+02
1.694736426573629728e+02
1.415131874498705997e+02
1.232189379383975592e+02
1.206317813292445180e+02
1.475455485227829229e+02
1.331562824486909165e+02
1.689929650080802048e+02
1.457189074897283092e+02
1.565472736552409287e+02
1.398849368429480080e+02
1.582403235588198527e+02
9.940587954889231526e+01
1.376267738809890488e+02
1.443762984549595672e+02
1.501734404687534266e+02
1.321667969734540407e+02
1.228423741584673650e+02
1.212269863612150544e+02
1.314705881768068991e+02
1.343068460239048818e+02
1.304502289082783477e+02
1.277537561961378287e+02
1.271140520250307446e+02
1.518170829210819477e+02
1.145313154653443348e+02
1.322426389465801435e+02
1.450928285232901942e+02
1.237997666484966288e+02
1.352910278703736537e+02
1.528686582222355526e+02
1.611455656645051135e+02
1.244046087034827792e+02
1.467198994304756354e+02
1.546701723740625596e+02
1.483238199196459277e+02
1.357791343812933746e+02
1.434481090847836811e+02
1.444306831051567883e+02
1.554142278629026634e+02
1.738100367898496472e+02
1.358849840449226747e+02
1.453852200955180365e+02
1.677066751470819952e+02
1.709128432856934410e+02
1.473421716806005008e+02
1.564708563563480084e+02
1.630473141964217518e+02
1.646510653877870709e+02
1.726155136584065986e+02
1.665296236576410536e+02
1.581938332833770176e+02
1.297259675880918905e+02
1.752877507287818446e+02
1.705806554096917580e+02
1.498134247062733095e+02
1.673568907720530206e+02
1.579077649206086846e+02
1.762978036038893777e+02
1.356250714285526158e+02
1.645292273933925173e+02
1.598115000729157487e+02
1.558438534773401614e+02
1.521240137373306140e+02
1.528709550205299479e+02
1.393295693271492723e+02
1.660493367111781708e+02
1.561609710807693716e+02
1.304854866344231539e+02
1.656387501629843655e+02
1.377305582166378599e+02
1.911103229957909662e+02
1.559155611933017553e+02
1.563404262783266461e+02
1.560292565158498803e+02
1.652736989225919046e+02
1.424756665383796701e+02
1.669039111451722590e+02
1.668602875328805055e+02
1.829797317251892252e+02
1.643663388085691111e+02
1.709631019320315772e+02
1.632216488909074599e+02
1.714150777758155471e+02
1.572825341719656649e+02
1.743037450990527475e+02
1.560638615723989062e+02
1.548051678723937528e+02
1.757155529700076499e+02
1.732050294368561936e+02
1.712545344087436376e+02
1.535437686423284447e+02
1.425621112201820608e+02
1.749879233928254223e+02
1.488380178434110803e+02
1.439925306704791694e+02
1.450475171184333760e+02
1.489142333321059084e+02
1.683828442039812501e+02
1.649496354110011964e+02
1.315021926306427247e+02
