1.108672880319328335e+01
9.865765724632494127e+00
8.081803979035592889e+00
1.152890088237189836e+01
7.499925925560124718e+00
1.110835521378190194e+01
1.315548048026626304e+01
7.981645611442960586e+00
1.407977272543843483e+01
1.316966210652346092e+01
1.662715316048487679e+01
1.695012291007551042e+01
7.384668803225594047e+00
1.162296577183867363e+01
1.181072958514135784e+01
6.130434097372079449e+00
5.932958789676530564e+00
6.984427121978024289e+00
5.246797965320267210e+00
5.764257685657943497e+00
5.443038367186719739e+00
8.875935005520387833e+00
1.009202105075533851e+01
1.190406093174369850e+01
7.126164622166837326e+00
1.780811300752802140e+01
6.485539470408165919e+00
1.182351705524018648e+01
5.274677451960661401e+00
4.864383025854586151e+00
1.697396699524172803e+01
1.091787525116494528e+01
9.438926492633223475e+00
8.732060976017567810e+00
1.911787993824977860e+01
9.124813544518168840e+00
1.019934638428692075e+01
1.715679327717028713e+01
1.304453908729626121e+01
5.689756878227165693e+00
1.350950282825636428e+01
5.572152985057829078e+00
1.151501435325008771e+01
1.062993676159719847e+01
8.038794823990858873e+00
7.579504527928516033e+00
4.555826550205302361e+00
1.241755030412825000e+01
3.994440581052064232e+00
9.767064838299967633e+00
6.183849933496122553e+00
1.059433811051922270e+01
1.372912556898249647e+01
1.419608709781990896e+01
8.798989841011422897e+00
1.031417578976731519e+01
9.830564581955606229e+00
1.119920632108464353e+01
1.343031397002070548e+01
6.427717756370107338e+00
1.144377560073597344e+01
9.090654541890810236e+00
1.202035310999177398e+01
1.065749605780936804e+01
8.898439313847244847e+00
1.127238513654792840e+01
7.813378839457926439e+00
7.732758599332812288e+00
3.577708763999663422e+00
7.343629136121246681e+00
8.090048756891944137e+00
7.998333159686044525e+00
1.068456831135446450e+01
4.830458915396479647e+00
1.011841006394889142e+01
9.193234227167039307e+00
6.363087999461337851e+00
1.043583569565306490e+01
1.595326507855575748e+01
8.772684879784522494e+00
1.371714255958579720e+01
6.487595000374860810e+00
7.990549974118732912e+00
1.067083251984898595e+01
5.626919425602451064e+00
9.885117882734405725e+00
6.923069325731823653e+00
1.282012307099879322e+01
8.284926070883191329e+00
4.878068834647124596e+00
3.923717058549909709e+00
1.271849047646771780e+01
1.154816002660164109e+01
9.746566346952938886e+00
4.270831300812524489e+00
7.721830525637471965e+00
8.935820549277437408e+00
8.105964881904354158e+00
8.253214861831452254e+00
8.574898768433881102e+00
6.241794613730895058e+00
3.326659986633239807e+00
6.008882314263333413e+00
9.294203689516505662e+00
7.898241717130606077e+00
1.240895733823846392e+01
9.044089537126195566e+00
9.579144011862437580e+00
1.245899942477993072e+01
1.530490117576719200e+01
3.878143885933063029e+00
9.319990462560690858e+00
8.859395514869447652e+00
1.933494246177112430e+01
1.233855745214974320e+01
1.333566646253571975e+01
1.570845490669134925e+01
3.593821859184947787e+00
1.554548880615280737e+01
9.891859728528748619e+00
8.379870059984357411e+00
1.101433409496713800e+01
6.845598748263165945e+00
7.666956516260035492e+00
4.261455150532503566e+00
7.049034606872694120e+00
1.143095213298816404e+01
1.159425144917371142e+01
6.687965975458375567e+00
1.057964502660126627e+01
9.346657156438338276e+00
1.373883384991446732e+01
6.433937795437220331e+00
7.298097164482138410e+00
5.603173703853518539e+00
4.234251868853443845e+00
1.121784292990412624e+01
7.391887445030531190e+00
7.951519770878185511e+00
6.475252032846976036e+00
1.076413798994915538e+01
8.893443277681223336e+00
9.251066004640881246e+00
8.827734074432061817e+00
5.287301349039561060e+00
8.898439313847244847e+00
6.031030868212607920e+00
1.365511707098193384e+01
9.088209700241051792e+00
1.273664878302853332e+01
1.146279004237430676e+01
1.444622211283397384e+01
2.870540018881464928e+00
7.813378839457925551e+00
8.684596837057101837e+00
4.781445620544295672e+00
1.443360276884773086e+01
6.997142273814360713e+00
9.443633952151163413e+00
7.962132600977929187e+00
1.399746008706182288e+01
6.831300510639731982e+00
6.177378084592199947e+00
8.088400473654987266e+00
8.860900380636019591e+00
8.927859019197528667e+00
9.406853293683754558e+00
9.615727857121489919e+00
1.168741013037343279e+01
1.415627069534911087e+01
7.373827590426381917e+00
1.074057726567803961e+01
6.820231341791534341e+00
1.148603016228361184e+01
1.807711874780442329e+01
1.653629005819893294e+01
9.178719349064381916e+00
6.508114592995083214e+00
8.992342421317273349e+00
6.040603354706290951e+00
4.827697864061779143e+00
1.369606593961281149e+01
1.018801038257988623e+01
7.288956639251525260e+00
9.011104260855047343e+00
9.641576634555159231e+00
1.470086921088530474e+01
2.704728370013439687e+00
5.389702115042062758e+00
8.139342042750685735e+00
1.467060553169727299e+01
1.146007562511405631e+01
1.313959241715240367e+01
6.360992235667499273e+00
7.524773898411980078e+00
5.339995838533543093e+00
1.103610237156015117e+01
9.334285665699807666e+00
1.148022454290662253e+01
4.286412641514269595e+00
1.071364654178128895e+01
1.446313320903262145e+01
9.753403964200851206e+00
5.985166849990251947e+00
4.868949236402723812e+00
1.582824479635481651e+01
7.309050705955064231e+00
1.069454689705614925e+01
1.106144455103200208e+01
5.017303392593808198e+00
1.038460398859773548e+01
8.131147247194308036e+00
1.621604144049958762e+01
6.195338749594102801e+00
5.893122168162549634e+00
9.490111812946263825e+00
1.130073743906417150e+01
8.176932323446381545e+00
1.729303006673176668e+01
7.796295416556648483e+00
1.903283712137759309e+01
1.546034353506487413e+01
8.560892995995738275e+00
1.087177793902890244e+01
1.024282947019794676e+01
1.212600511297929451e+01
4.654269246855216480e+00
9.083807327082380922e+00
4.988876515698589031e+00
4.567518168789503896e+00
4.786090958879351653e+00
9.461970666245424155e+00
6.820231341791536117e+00
7.472616676907761324e+00
9.039665677200432015e+00
1.005628603853772951e+01
6.280127387243033432e+00
9.284156157430548006e+00
7.330302403948511625e+00
1.066874979658920708e+01
8.435375246872871102e+00
8.405289339986392605e+00
1.250706467028401647e+01
4.986203187017374638e+00
9.453041838477178160e+00
4.122566622330748665e+00
1.234215900435936142e+01
1.352429911923966266e+01
1.001864927689024043e+01
4.642796092394705809e+00
4.404038550643665673e+00
5.965083588871342712e+00
7.131775530835376742e+00
6.897986823865512207e+00
8.038794823990858873e+00
7.949842765740716466e+00
8.285462503016285396e+00
1.240895733823846392e+01
5.516037224916694015e+00
7.501111028818775672e+00
8.483709880313762497e+00
6.308371862497925697e+00
7.247988226627670727e+00
8.770151398667845655e+00
5.123366948490893691e+00
3.678163793102326107e+00
8.636871861707545506e+00
7.508809640830044430e+00
7.993330553238326530e+00
1.041707999179979005e+01
5.908186410961207002e+00
9.246260505379098049e+00
9.019977827023744510e+00
5.402057221302104750e+00
4.644710252893427871e+00
8.302610031389727752e+00
6.027345094557709615e+00
5.097275960964074315e+00
9.027365802565737951e+00
1.415375882544594255e+01
8.204605752597473156e+00
1.515167757488699074e+01
5.388877434122991694e+00
6.000000000000000000e+00
8.374564665302509425e+00
1.347821287197313289e+01
8.561931246317424637e+00
1.043839068055991248e+01
5.136362742468858933e+00
7.617523657112372781e+00
6.926920110858953983e+00
5.251031644670724141e+00
7.135513685471814860e+00
7.535397947170555888e+00
7.298097164482137522e+00
8.721365846140285427e+00
8.204064033554752555e+00
7.775745766305775852e+00
6.305553108173778121e+00
1.161531555987849806e+01
1.065958097988221454e+01
5.105117258420439619e+00
5.874994089831543143e+00
9.624043964063245582e+00
9.098473620460865163e+00
7.767167365834785286e+00
1.222456543194890166e+01
6.129709074118716572e+00
9.624967532412773252e+00
8.463253905364453544e+00
5.208539995899895914e+00
8.145891943523162482e+00
5.588082557252233684e+00
6.528569691917382123e+00
7.736206362868617958e+00
1.446774189552590606e+01
1.113473045126024807e+01
1.388844443733310818e+01
9.083807327082380922e+00
8.716268314670752915e+00
6.687965975458373791e+00
9.364234559689803561e+00
6.835853193924579685e+00
2.943920288775948801e+00
8.037136029429609252e+00
1.341375744856335572e+01
9.378462323619769947e+00
6.631239200431043201e+00
5.151051672555162497e+00
1.261462995449683788e+01
1.710230653709870197e+01
5.643481982684881437e+00
6.410408203330996812e+00
1.202663710269832542e+01
4.057366414587449732e+00
7.498147919467996303e+00
7.265137453773482079e+00
1.687285788873163384e+01
5.605552802554108816e+00
5.863635580612272413e+00
7.391887445030532078e+00
8.935820549277435632e+00
1.117616511450446737e+01
1.223655725003292360e+01
6.707872654989475159e+00
5.436502143433362910e+00
4.613988392799541316e+00
4.047495796442810878e+00
2.303292329591611676e+01
6.155756113860695322e+00
8.531249745624741365e+00
1.408766205664453786e+01
1.290925593862360898e+01
8.535937102756919970e+00
3.913509365717112498e+00
7.381658952355417469e+00
5.450382249591918971e+00
1.114430597011565993e+01
3.487119154832539092e+00
5.331666406168588779e+00
9.513966341939388727e+00
7.040833284017832483e+00
7.190734779330042237e+00
9.075975613306445311e+00
1.453180420090132330e+01
8.090048756891944137e+00
6.874752520798272926e+00
7.588295080070504461e+00
7.749982078832326593e+00
2.687501937983797262e+01
1.723897393182732785e+01
6.609757097570899909e+00
8.698403429493380301e+00
2.144595273912747047e+01
3.738092205033649584e+00
3.315954697452236921e+00
7.640826017010348359e+00
1.007615446928484104e+01
7.631513611335566161e+00
5.655282682786266335e+00
3.944053188733077864e+00
6.997142273814360713e+00
8.352245207128438764e+00
5.736433270479721180e+00
5.890104696296436515e+00
5.626919425602451952e+00
4.514667454223203258e+00
5.600000000000000533e+00
9.371351141762975345e+00
7.813378839457926439e+00
9.106774035482231966e+00
5.277204647243546987e+00
2.116223050625807645e+01
7.172788083366807399e+00
7.429670248402683974e+00
6.371464161050861108e+00
5.626919425602451064e+00
9.933109617167559691e+00
1.618723777136379027e+01
7.617523657112372781e+00
1.767735525718960332e+01
6.819579654690357984e+00
1.546522981831609656e+01
7.279804637183305616e+00
8.850360946813912832e+00
8.696359391530840810e+00
5.771962885843562319e+00
9.523304748527863239e+00
1.076289923765896894e+01
5.081557066709200932e+00
1.095120490580323747e+01
6.278711828251254623e+00
9.959027172481366819e+00
4.455209185760965696e+00
7.274307909042313725e+00
7.570116687784057774e+00
1.275338734959810161e+01
8.610071621846902445e+00
4.207929023482533282e+00
4.358389100981640674e+00
7.050925865129737957e+00
9.137468650197018150e+00
1.225760534887988840e+01
6.550996531487064622e+00
9.936241185120703534e+00
9.329999404549225162e+00
7.481532819772517939e+00
8.807572499465067040e+00
1.067208195870577825e+01
1.184604950558999015e+01
7.948724565754067939e+00
1.405165075316380019e+01
7.561305002004172771e+00
7.135513685471814860e+00
9.773888115222563400e+00
9.912057752499674024e+00
9.042123644365851476e+00
8.267741865561330172e+00
1.069496246941625373e+01
1.070493136622349262e+01
3.957552554574887971e+00
5.039400317057134870e+00
1.289685577529999705e+01
8.145891943523162482e+00
4.959390643572611168e+00
4.063933507767512054e+00
3.487119154832538204e+00
4.470147897130722470e+00
1.435579635160964962e+01
7.482126851519040223e+00
1.203439515167532825e+01
7.397897599243238531e+00
4.601449047129972492e+00
9.520504188329525164e+00
6.444291185917105480e+00
5.198290317231447411e+00
2.833137248116770035e+00
3.055050463303893515e+00
6.734983296193094660e+00
4.644710252893427871e+00
1.605352159358050201e+01
9.353787111824457767e+00
9.083807327082380922e+00
4.373658524495126265e+00
7.844035242710788225e+00
8.875935005520387833e+00
7.972173828734266721e+00
6.140575434490376239e+00
4.800925836637021327e+00
7.854227453345675514e+00
1.895069626396056250e+01
3.448671241700683510e+00
1.278123624693636629e+01
6.265957406671563312e+00
6.611774009715966294e+00
4.003331945600646868e+00
8.179649544244952608e+00
3.138293945583952027e+00
8.838300490227494421e+00
5.949416404619495502e+00
5.495048275998633436e+00
4.781445620544295672e+00
7.379852452605148549e+00
7.301141463269058995e+00
7.273696905059122919e+00
7.989993742175272473e+00
1.036961372901078349e+01
5.865151319446072264e+00
1.154585062551333330e+01
1.045753316992109738e+01
8.220840724781268705e+00
5.849976258261414763e+00
9.226531790921704612e+00
7.114929530376406852e+00
4.511713150850301446e+00
5.548172872416848200e+00
4.063933507767512054e+00
1.087382177525454985e+01
1.801801567567552098e+01
9.702233419854076502e+00
9.937582983580844243e+00
6.106462878695725571e+00
5.122499389946278292e+00
1.334399573674325801e+01
1.166685714130226081e+01
4.409081537009720719e+00
1.172158502744213138e+01
9.105797908780733252e+00
1.356891873199760745e+01
1.048935968811569808e+01
6.086779845607107831e+00
7.605845705040884752e+00
6.601683287027803715e+00
1.124198479905671455e+01
1.098362417419678572e+01
1.668931794092656773e+01
9.024903816046402127e+00
8.196476207628631272e+00
7.075466219424852987e+00
9.513966341939388727e+00
5.393823628311675833e+00
8.309031231136394524e+00
5.075431016179808630e+00
1.452721583786790127e+01
5.486954224947267811e+00
4.449219656923622424e+00
1.026233674927672368e+01
1.032709489105667444e+01
6.268084945889683901e+00
1.134822550984171308e+01
4.327688631231328742e+00
3.593821859184947343e+00
5.088549236603035375e+00
4.364503280888775372e+00
6.144916598294886789e+00
1.228368384845885153e+01
8.734605505306655360e+00
7.224649164876835172e+00
1.020326745051146133e+01
9.386515150292288112e+00
6.760670578179849066e+00
7.283466817998753839e+00
1.116940264989831810e+01
5.521674464226307144e+00
5.737207993053376143e+00
1.529618688867697429e+01
3.757067414294765317e+00
1.207679133250586823e+01
5.238320341483517772e+00
1.001864927689024043e+01
8.551543070632860122e+00
9.492921339374699841e+00
5.319147801418319332e+00
8.127867015535024109e+00
1.127041357813555145e+01
6.162971866090435569e+00
7.108680140035373185e+00
5.068420748999523440e+00
1.142784124651526412e+01
8.115828156551041062e+00
1.202774570177914271e+01
1.098402880954383320e+01
4.534313619501853410e+00
5.670978751503129800e+00
4.901700385240479463e+00
1.423547993180731730e+01
6.233957188032511532e+00
5.748043145279965849e+00
7.247988226627670727e+00
9.117504531882005381e+00
7.384668803225594047e+00
8.930845424706442159e+00
1.208562047319963817e+01
8.405289339986392605e+00
7.760297817881878224e+00
8.433794453796517487e+00
1.291338668032346781e+01
3.885013942488924066e+00
4.613988392799541316e+00
4.024370206076418377e+00
5.176871642217913738e+00
1.199370205103032028e+01
5.019960159204453376e+00
7.069810621383166627e+00
5.678027826631355524e+00
1.049952379872534891e+01
3.919183588453084788e+00
8.133879763065102964e+00
4.226897995772628924e+00
9.384147389199629430e+00
1.083328205116067444e+01
1.539032885360875547e+01
1.687075049374574220e+01
6.926920110858953095e+00
7.172788083366808287e+00
9.257789512981307922e+00
1.230429012806328259e+01
3.889587238883952303e+00
9.996443812120833883e+00
4.007770230717103033e+00
1.172727116122454483e+01
1.269750631685870168e+01
6.868284599034414128e+00
8.410046901705655387e+00
1.281388136184956039e+01
7.469642264228960826e+00
3.997777160150653319e+00
1.464179709674404073e+01
5.057887130237508799e+00
6.291440393282146992e+00
5.043808085167396982e+00
8.896940797575060955e+00
7.126164622166838214e+00
8.959166627910581937e+00
1.523242156279383686e+01
9.142331334086630790e+00
9.600000000000001421e+00
6.806532809653449867e+00
6.829999186595038019e+00
7.272474743090476146e+00
1.230103879985570714e+01
6.482797749943049581e+00
8.193222131059849644e+00
8.285462503016285396e+00
1.240537517906384402e+01
1.544653862700493718e+01
1.005451805574654678e+01
8.453795991545257849e+00
7.792874237974643847e+00
6.859219262342389989e+00
4.496912521077346625e+00
7.487471016452899697e+00
6.142746399887703213e+00
1.348085061608997037e+01
7.035149844412223352e+00
1.047451934723286193e+01
8.872930118562237567e+00
3.788872596902085998e+00
1.124791338673780672e+01
1.502442455914146890e+01
1.496752039138970503e+01
9.391248881568177609e+00
6.599663291074444160e+00
6.147809004479200645e+00
6.233957188032511532e+00
8.370317928383737893e+00
7.464285334548482531e+00
2.954469307488045260e+00
4.883532419149982928e+00
6.647973793236218398e+00
8.115828156551041062e+00
7.591223002037725820e+00
4.400000000000000355e+00
6.308371862497925697e+00
8.122397018942949742e+00
4.642796092394705809e+00
4.479087208597553271e+00
9.705439482865035217e+00
1.236590294137696944e+01
4.715930449020638626e+00
1.656180344447226460e+01
1.956413953015965035e+01
4.844240566555986227e+00
7.072953178599916235e+00
1.101393057299103617e+01
1.160153246582345155e+01
3.008137112714260653e+00
6.318930992572152405e+00
8.354373438837621180e+00
3.837823457233134228e+00
3.342653636459113731e+00
9.702233419854076502e+00
4.249967320135793258e+00
9.058820134113615197e+00
8.625543461139130841e+00
1.456388226630065397e+01
9.499473669630333461e+00
1.436600926570152836e+01
8.082903768654761123e+00
6.097722707882199167e+00
8.706064297692474696e+00
9.476051685990084295e+00
5.949416404619495502e+00
1.162870012798793873e+01
9.229421554042389175e+00
5.953896949804295957e+00
4.189935029992178706e+00
8.765082239583760426e+00
7.047142841054253815e+00
1.079423714560485159e+01
3.460250472629594842e+00
5.711586664161038662e+00
3.480740661921763568e+00
4.659995231280344541e+00
7.243080989621903498e+00
2.885981442921781603e+00
1.194915152729356933e+01
7.811672178363748387e+00
1.077569281093125575e+01
7.675646914466269344e+00
