1.164397793806834080e+01
8.089499366462673535e+00
8.463253905364451768e+00
1.274257954000418813e+01
7.356327586204651325e+00
8.812617217502541678e+00
1.092804750274367187e+01
1.218997766837805052e+01
1.390763179776565117e+01
8.195933951254934513e+00
6.431174076325411271e+00
1.299572579307861808e+01
8.499934640271588293e+00
6.278711828251255511e+00
7.249827584156743221e+00
7.126164622166837326e+00
5.426683046658325793e+00
1.545603082582617205e+01
9.403545430669577598e+00
7.751702321999270673e+00
6.711184694225006631e+00
1.134430841141642077e+01
6.352602266438184486e+00
8.751888685052819028e+00
9.535897091167319317e+00
7.224649164876835172e+00
1.355581056226443337e+01
1.265683829222589019e+01
1.037818224289141433e+01
8.932835807041096032e+00
7.852529670254180694e+00
9.548472827281509367e+00
1.037818224289141433e+01
1.139863539590984765e+01
7.011102306738616008e+00
6.031767752676011618e+00
9.825137827701620807e+00
9.344279295673667107e+00
8.076302784484163055e+00
5.302410353372846608e+00
7.940333046471595324e+00
9.010117769608909200e+00
7.502888332724493736e+00
3.659993928349547510e+00
1.588626240918024557e+01
7.361763073853677675e+00
5.068420748999523440e+00
7.872878903058412092e+00
9.807933296854926652e+00
3.929376540877700386e+00
1.840241530041339146e+01
1.454128222987535857e+01
4.812021982031623679e+00
6.839753081962990144e+00
8.770151398667843878e+00
1.039102176560771795e+01
6.567258856546533963e+00
1.336063870728741421e+01
8.040453276332677035e+00
1.840965930036608711e+01
1.300598152987907241e+01
2.366431913239846363e+00
8.127867015535024109e+00
1.234863915129472467e+01
4.679031238764423506e+00
8.639958847638620654e+00
6.206090198793082102e+00
4.616877251514875269e+00
1.230284519938375887e+01
8.178562764256863460e+00
7.669854409743816603e+00
5.017303392593808198e+00
3.222145592958552296e+00
1.097552833453689480e+01
9.698568050089777515e+00
8.798989841011422897e+00
1.135879492825811177e+01
6.770524351924302131e+00
6.053832578531461728e+00
6.386096007908292904e+00
6.499230723708768309e+00
9.372773809758180974e+00
7.611103000806709318e+00
4.475116385823576515e+00
1.011401667654020287e+01
3.577708763999663422e+00
3.362538723444930877e+00
5.615059117132150668e+00
6.108645967442829949e+00
4.366539438350083735e+00
6.140575434490376239e+00
1.283467525451613866e+01
5.409456740026878485e+00
8.061982110843185723e+00
4.730985333122712078e+00
1.120396755122438215e+01
1.218669584241584225e+01
3.641733408999376920e+00
5.537749241945383538e+00
5.004886501099589324e+00
5.938200251104893468e+00
7.413501197140255350e+00
4.716872787015661039e+00
1.570222914111241863e+01
1.018364702190068449e+01
6.259570450296267019e+00
1.115865384155076079e+01
3.592584956081994463e+00
1.166457124039380311e+01
1.007747763855398304e+01
7.906677908929612641e+00
7.934733769950948812e+00
4.883532419149982928e+00
6.631909394904473842e+00
1.156546583584076693e+01
3.172100600898751566e+00
1.187527777452899080e+01
4.978174587358524583e+00
5.906681715556450385e+00
4.616877251514876157e+00
3.981066300488964593e+00
6.770524351924303019e+00
9.949651026822776245e+00
7.804841802083854141e+00
5.297378806751715352e+00
4.202644669993196302e+00
6.913432979031152392e+00
1.368437876639718986e+01
5.426683046658325793e+00
5.874994089831543143e+00
9.946523680831074188e+00
7.564830908002284637e+00
4.586937976471886280e+00
1.561964574929064575e+01
2.719477073916152232e+00
4.753478258660236655e+00
1.325979721648194243e+01
5.723246941689267508e+00
8.693292433441619949e+00
4.014418457953225605e+00
8.133879763065102964e+00
6.062636023674484065e+00
3.879289740260308150e+00
9.801133721270321786e+00
4.814792022738076049e+00
1.534434387287018886e+01
7.775745766305776741e+00
9.651712571122057938e+00
1.047833744234053377e+01
8.979977728257459546e+00
9.221713506718803188e+00
9.735616170650020607e+00
9.272659932415413309e+00
7.058485830702093899e+00
7.072953178599916235e+00
4.073764297987250593e+00
7.939773296511683398e+00
1.368632732165775678e+01
9.844569851220294154e+00
1.100585702655131115e+01
1.097147817449104323e+01
1.044860437251470131e+01
8.195933951254936289e+00
5.188020388891658286e+00
8.716778201963283124e+00
7.934733769950948812e+00
6.276587891167904054e+00
1.008937835327605903e+01
1.076083433361723962e+01
1.217575003393585220e+01
1.240143360888391655e+01
5.519259209551787393e+00
6.897342483401366131e+00
7.446401069569708042e+00
8.726969691708571730e+00
1.108753053359192897e+01
8.119660638776037942e+00
8.580598269740093542e+00
1.481980656643893823e+01
7.614022152143592237e+00
8.896940797575060955e+00
8.023853327561653259e+00
8.942781073767452682e+00
7.948724565754069715e+00
9.864864700316754664e+00
7.948724565754069715e+00
8.449589076135925581e+00
9.276972686292777937e+00
1.577254999463730911e+01
6.744874597302260355e+00
8.585776351359005076e+00
1.223655725003292360e+01
1.068623205604087367e+01
1.108071397619405296e+01
1.038460398859773370e+01
6.236095644623235401e+00
1.223909945852044956e+01
8.977502746062267391e+00
1.141266353174791881e+01
4.668571040003092421e+00
1.446774189552590428e+01
1.602276158746952461e+01
4.343065993307288153e+00
4.639923371014750941e+00
4.659995231280344541e+00
3.577708763999663422e+00
6.244642147918129993e+00
4.855237721608832935e+00
3.556527644893103357e+00
7.009200303093705564e+00
4.639923371014750941e+00
5.281413952090228570e+00
8.507251808506277158e+00
7.811672178363747499e+00
3.906689419728963220e+00
5.923962637739483839e+00
5.212804747286563511e+00
7.397897599243240307e+00
5.795017016560194634e+00
4.827697864061780031e+00
5.957628163399704135e+00
3.453822359196964786e+00
4.599516882842756615e+00
8.890444308357146497e+00
5.720916787446648222e+00
5.906681715556450385e+00
6.961481323843526248e+00
3.496029493900504992e+00
5.436502143433362910e+00
5.997777366102657659e+00
4.888080741286230158e+00
6.526527066944222355e+00
7.254117604658903318e+00
5.322488974989886046e+00
2.984403904746585567e+00
6.521758454077652090e+00
6.238233368154445735e+00
6.008882314263333413e+00
5.416025603090639962e+00
4.607240678178932569e+00
5.426683046658325793e+00
1.332599798222340404e+01
5.239168721170266885e+00
4.836895239257881229e+00
5.650565360111223789e+00
4.697043987682276267e+00
5.560175856531477834e+00
6.858571279792897712e+00
9.618038608087756458e+00
6.605048574133778772e+00
1.219653867109663103e+01
8.301539348551903785e+00
6.333684200807264908e+00
8.342661445845683588e+00
6.086049621881175042e+00
7.514134828589530635e+00
3.562770457569969906e+00
3.721409529854096565e+00
1.310199306297412924e+01
7.047142841054253815e+00
5.664705542999466381e+00
6.594947561075322540e+00
5.377318621353540884e+00
6.934615266104449560e+00
4.647580015448900426e+00
1.137169976545087913e+01
2.047394007567234908e+01
1.044860437251470131e+01
9.576823876189617835e+00
5.062278801751901369e+00
8.662563131083086176e+00
9.976416635690835477e+00
5.200854630624555774e+00
8.394177876494053336e+00
1.601110725576328164e+01
5.430776494511014185e+00
5.971785513748984364e+00
5.297378806751714464e+00
9.684810558578600848e+00
5.200854630624555774e+00
7.580677190506575513e+00
1.138107591086576065e+01
6.273754856543249048e+00
9.833276835995890863e+00
7.988881162104129352e+00
1.259559005719417968e+01
8.739692341394073694e+00
1.252730351405813636e+01
7.279804637183305616e+00
1.716145551972662986e+01
1.803502764683831217e+01
1.231909087554759274e+01
1.113233528460623134e+01
1.100585702655131293e+01
1.261110621634755624e+01
1.407819432866145526e+01
2.081815447045091716e+01
1.253616989177936958e+01
2.535315014396085687e+01
2.593701773313363645e+01
7.676804890925216895e+00
1.135292424395093391e+01
2.166861529698861233e+01
1.186853917810537595e+01
2.280604208440288616e+01
2.840813654962644819e+01
1.601027447887414823e+01
2.140716390993133444e+01
2.696631643777514853e+01
3.205162502380599676e+01
1.642220718688231074e+01
1.361110657596296392e+01
1.353251229036533765e+01
2.076920797719547096e+01
1.145697264648136482e+01
1.811248801855289514e+01
1.778338800366479333e+01
1.073229808672039454e+01
2.062619693496597861e+01
1.934597287981833702e+01
3.064158394513355788e+01
1.742718183375231433e+01
1.178511301977579073e+01
2.104429191543925981e+01
2.572383244300031535e+01
2.029406043375471924e+01
1.034859088636386915e+01
1.704060510141063745e+01
1.658513390559951617e+01
1.865070746349555719e+01
2.009643417789998665e+01
1.866142783628543711e+01
2.194741189500231116e+01
1.971868825927999325e+01
1.796168762177491729e+01
3.326419496495694261e+01
2.402831662851145467e+01
2.797967516291463852e+01
2.352549444515224053e+01
3.086702663576998162e+01
2.088125155891443896e+01
3.126972266515256038e+01
1.813455878212155881e+01
3.142709376035624302e+01
2.807323755227861994e+01
1.810635247641003787e+01
2.506968066986272703e+01
4.197597196280536025e+01
1.601582550687496109e+01
1.789400892912360774e+01
3.926061073844312688e+01
2.390759990742134633e+01
2.217946998665407321e+01
2.474096917171102916e+01
2.768601732925043990e+01
4.422467888207015818e+01
2.901647041863561327e+01
3.056461279904516459e+01
2.406324998831204809e+01
1.983868275197054132e+01
2.067913602321592847e+01
2.144284392415230656e+01
1.936319532859526049e+01
2.925170460370168257e+01
2.458960936836713884e+01
1.736996129977138281e+01
3.137869057532870443e+01
2.162159414412668212e+01
4.150341351423197267e+01
5.101476910333582282e+01
3.282235010883081827e+01
2.193870248366267361e+01
3.685985470520589757e+01
2.375111693280035041e+01
1.861349570129754483e+01
5.526960185209306076e+01
2.208066021557225866e+01
2.722123354213683655e+01
2.904892424858448763e+01
4.947726750741192348e+01
2.779400414957633458e+01
4.369622409316393430e+01
3.535244766003559391e+01
4.013942367963612412e+01
2.317143835750287550e+01
2.522556022943571818e+01
2.897278416414657443e+01
4.388297569166835643e+01
2.695098431515174653e+01
3.973389261351348978e+01
3.156411464516838450e+01
2.990800710326398359e+01
4.692547282660026298e+01
6.229678072652622234e+01
4.071439821761119759e+01
3.936812021025247077e+01
3.858992384317727442e+01
6.053700429397616034e+01
5.258237981174556097e+01
3.076188117351299667e+01
4.286982881027427794e+01
3.901361585680340482e+01
4.362944978897726855e+01
6.053230542445908924e+01
3.458798763861361891e+01
4.880327857839061778e+01
5.801126327418380413e+01
3.096377812146889497e+01
5.422938932596112238e+01
5.225765228387343342e+01
5.761342436157276126e+01
6.976022426059775228e+01
7.814573280452077597e+01
1.122327739813801202e+02
9.943605427051542733e+01
8.784592572604985605e+01
1.172631229330005596e+02
8.041514506332470091e+01
1.102727930583463944e+02
1.058780430495388458e+02
1.301141379285467394e+02
1.224115826037534447e+02
9.682217376889104798e+01
1.224087142867423950e+02
1.065684130813003492e+02
1.188069582698476978e+02
9.196554910520690385e+01
9.264532128259664034e+01
1.015982064583600533e+02
1.101621027798983619e+02
9.753002956354862363e+01
1.021466048818505215e+02
9.178525662290940090e+01
1.237164499975649932e+02
8.664502293842387814e+01
1.208006622498403289e+02
1.027448619964359438e+02
1.225315560262833827e+02
1.049885496402134066e+02
8.444001157955602821e+01
7.678003212641509378e+01
8.158038980049065003e+01
9.523864761744572149e+01
8.147708607673421000e+01
8.056152928042020278e+01
1.238451721572813966e+02
8.252794812802643776e+01
6.866815532366918262e+01
8.094480972997727974e+01
6.982689707809988988e+01
9.952478195013651430e+01
1.156491629407186394e+02
1.366428271890706299e+02
1.133713661674175484e+02
1.408656412646067793e+02
1.376807256743739742e+02
1.308412099539828546e+02
1.004077464917700127e+02
7.211379895692640218e+01
1.381746077331946765e+02
9.876832600698575959e+01
1.307454864315484713e+02
1.080222199364556559e+02
9.801278828125778375e+01
1.158356306726619067e+02
1.319898312581524351e+02
1.309098756991066637e+02
1.080101641307685298e+02
9.206606323722112961e+01
1.299273985304442647e+02
1.156749468698098582e+02
1.061834052738729781e+02
9.145723955306473840e+01
1.240474102913881893e+02
9.463886915826687130e+01
7.555554248365899639e+01
9.554252107482476220e+01
9.412672309179788499e+01
8.413518223008071573e+01
7.692160511412468793e+01
8.233336032388221781e+01
1.022340234733797359e+02
9.244015481500569820e+01
8.757158341735190277e+01
8.559008249921379274e+01
1.205309365543413804e+02
1.094124916695224954e+02
1.069320448800181822e+02
1.152771732246530547e+02
6.916691566220241327e+01
6.206985312264454535e+01
1.075118598109064436e+02
6.666919995186849235e+01
8.459708426811569382e+01
1.001557897588662769e+02
9.095117127093830334e+01
9.463661494838501653e+01
9.932975385049536499e+01
1.156257180157886353e+02
9.650828404281618589e+01
9.534419518542046035e+01
8.830175536194056463e+01
8.787298915037671065e+01
8.500603900115959277e+01
9.075887468084502530e+01
1.157377495317178813e+02
8.521632603100314896e+01
1.150320921405075723e+02
9.547998044965586928e+01
1.057593494684985274e+02
7.738446585430151003e+01
9.593363446790819182e+01
6.304122108236447275e+01
8.957291257219823422e+01
1.009603662610014254e+02
1.030131814650705593e+02
7.360513267127201686e+01
7.712541013757326880e+01
9.567477317570300954e+01
9.567198591483763437e+01
1.091933249893152578e+02
9.706300359388568211e+01
9.812427494424268559e+01
1.177548111779538260e+02
9.940923274804787013e+01
1.219436299643769246e+02
8.673392262162096245e+01
1.077444301215715825e+02
8.772745674340880839e+01
1.009321884567389418e+02
5.819606706833566534e+01
8.027441823035670154e+01
1.025101404198086357e+02
6.854759903405320642e+01
9.144022941547967775e+01
8.623549153335881101e+01
1.140379274140357637e+02
6.512224402357973929e+01
9.262267540942660560e+01
9.800399084844566744e+01
1.037373606758914946e+02
1.174727580713455808e+02
4.680436826717020438e+01
9.476333092968444305e+01
8.568562695497223558e+01
8.175834310128028903e+01
7.098325311101361024e+01
1.134447687447753452e+02
8.688383048646048223e+01
9.238311534041270079e+01
1.191688997459767876e+02
1.070110274691351577e+02
7.551906308270042700e+01
8.571285395629602988e+01
7.999322193508371015e+01
9.903184672955799783e+01
7.959329955048562510e+01
8.094178978335810370e+01
8.643368684848645955e+01
1.062392687391165254e+02
9.122952738377342996e+01
8.758097205824257969e+01
1.004657155451550210e+02
1.014120308444713032e+02
1.145244466866742243e+02
9.117075554511252733e+01
8.599741598185120495e+01
1.096789253533543160e+02
8.183332654446680010e+01
1.199454690913981665e+02
9.623845385291681964e+01
1.038189877730573016e+02
1.028652624661125401e+02
9.447595814103536327e+01
1.008462856694947050e+02
1.035166116567234411e+02
9.848009387124326963e+01
1.078898615358376532e+02
8.312063522375174784e+01
9.407221812109153802e+01
1.074805201988817345e+02
1.028180701800785499e+02
1.104875256910631265e+02
9.294069793870355056e+01
9.440965110740650346e+01
8.718460618455276290e+01
8.442890500296684309e+01
1.154285926449768311e+02
1.059059121211947456e+02
9.202086719869575404e+01
1.273292145930732175e+02
8.999644437420846543e+01
9.560976240252176694e+01
1.021336814615476953e+02
1.308254817176939184e+02
9.893782559432632695e+01
1.099932523182924911e+02
1.248042022084548677e+02
1.195669965612027283e+02
1.074627377280143605e+02
1.312054199422501881e+02
9.430447143870397042e+01
1.022248936848989302e+02
9.136583363356105281e+01
1.095472297940735444e+02
1.031302089593539080e+02
1.033608565495984379e+02
1.107763312064249419e+02
1.149459003183671655e+02
1.171459867952044789e+02
9.613578360261536204e+01
9.227890092299297464e+01
9.983310517503143444e+01
1.039883754187083298e+02
1.112243778234889504e+02
1.012155894887519452e+02
1.010213618773552042e+02
1.022395009551374727e+02
1.186983103876752352e+02
9.854330125494183790e+01
1.092048838956695533e+02
1.004575311042211325e+02
1.053739162327291439e+02
1.014198315036177718e+02
1.155113077677775379e+02
1.102342959337065906e+02
1.080687846800463632e+02
1.044399668070929010e+02
1.032062444277907503e+02
8.881306210237319476e+01
1.035365743214552339e+02
9.871566351001355599e+01
9.998377646176182054e+01
1.063740987688680377e+02
1.029432637696879880e+02
1.163379368716651925e+02
1.154145378865052436e+02
1.051980988421368863e+02
1.114312942280279373e+02
1.167147329555651680e+02
9.913707681790904758e+01
1.212603076947367100e+02
1.165423337485377431e+02
1.259170097061287947e+02
1.191378286784773763e+02
1.188822760362349129e+02
1.193557520840765847e+02
1.195768465139561414e+02
1.193202972395448427e+02
1.190118574858077949e+02
1.149986666589371112e+02
1.210425086029238457e+02
1.225845014673551532e+02
1.119100829535331343e+02
1.224176820924530062e+02
1.207503577174365574e+02
1.193755232681957921e+02
1.190989504571723927e+02
1.102783145802776090e+02
1.179237041480634645e+02
1.288180456647627068e+02
1.142992952248126954e+02
1.281881256417908332e+02
1.098281485877924695e+02
1.219642934997324915e+02
1.346248449911415435e+02
1.168124803073522457e+02
1.208502103156355076e+02
1.412910314052365948e+02
1.035718537484431039e+02
1.147566701038912669e+02
1.249012765702932768e+02
1.164936622024277142e+02
1.263103057289203690e+02
1.120883381782224291e+02
1.183998123121635473e+02
1.220029872129731530e+02
1.222166746215734463e+02
1.131242384873079772e+02
1.175577399502994211e+02
1.294191124473764489e+02
1.154402972199145978e+02
1.066556244284483199e+02
1.214857284713814494e+02
1.240907195025746717e+02
1.293195868983331991e+02
1.298187454363454663e+02
1.126350251426654978e+02
1.250694740267717577e+02
1.081471014662693477e+02
1.155825054043887548e+02
1.104969783397818617e+02
1.079556699143989675e+02
1.224279198367576384e+02
1.186089747400629477e+02
1.318118861610489603e+02
1.460853023255781125e+02
1.152703874471766596e+02
1.166181613452877173e+02
1.224138699476311416e+02
