5.378971401051815704e+00
7.639080805669983043e+00
8.955197125443724815e+00
9.110189655301120126e+00
7.739078325830107019e+00
9.673790478515764235e+00
1.085336609331665159e+01
7.654773383683904697e+00
1.483089867659932359e+01
1.172727116122454483e+01
1.358168701679663393e+01
1.316156019120326981e+01
8.925369584629098796e+00
1.293676930303698214e+01
1.493839200033107950e+01
2.227345205994496524e+01
9.871620378078205249e+00
1.141733574681744834e+01
6.118823416311342633e+00
1.431859707590873754e+01
8.381461023526201259e+00
7.551305994476864569e+00
5.667058809960909826e+00
7.551305994476864569e+00
7.086763875156432135e+00
1.433720877840437957e+01
1.307244770075171658e+01
1.068623205604087367e+01
4.784233364802441102e+00
8.504639256834407135e+00
6.774461848245462825e+00
6.926920110858953095e+00
1.036018017861336915e+01
6.601683287027802827e+00
7.009200303093705564e+00
4.073764297987250593e+00
7.316343956436772267e+00
6.659996663329160960e+00
4.475116385823576515e+00
1.015786504252848488e+01
5.897645481225725739e+00
9.074996173859002369e+00
7.363574011458172919e+00
4.499876541516321105e+00
1.067582939791252805e+01
1.299640976064800313e+01
1.361306561930689973e+01
8.765082239583760426e+00
1.046390621772449414e+01
1.027402333828162639e+01
8.394177876494053336e+00
2.732520204255892704e+00
1.256025477448606331e+01
6.489649879273576616e+00
1.233963802818650990e+01
9.341425063780269156e+00
1.731999486784630093e+01
6.201791855764124506e+00
4.725345372445159953e+00
9.191783770786218000e+00
7.084882183604436001e+00
1.329494473683721445e+01
5.097275960964074315e+00
5.238320341483517772e+00
6.140575434490375351e+00
1.206574582121727879e+01
6.518350166176168692e+00
5.583308457656028345e+00
1.489727790198225854e+01
9.426676096176331399e+00
5.187163643713843086e+00
7.144850515503378574e+00
9.074996173859002369e+00
9.190333085488370912e+00
8.490517586630916824e+00
6.550996531487064622e+00
7.498147919467994527e+00
8.729006561777552520e+00
5.737207993053377031e+00
8.113089560840693437e+00
4.639923371014750941e+00
1.012236248225789481e+01
5.189733454940950175e+00
7.162867209900423582e+00
5.118159391378463319e+00
5.678027826631356412e+00
1.078187779975681515e+01
3.912373533632322875e+00
1.095850760317703454e+01
9.335713982098829078e+00
6.223253882727980191e+00
5.212804747286563511e+00
6.184568609764862224e+00
3.966526608171604185e+00
7.209869778451079902e+00
6.721772253075985581e+00
8.999753083032643985e+00
1.056324865854355544e+01
4.615914499497002943e+00
8.170407306588549190e+00
5.709251750935103509e+00
9.005183692370374970e+00
1.286856635371633040e+01
6.633249580710799620e+00
6.530611678004510701e+00
7.169069364677367773e+00
8.258060035841078061e+00
6.158643429269865521e+00
6.268084945889685677e+00
6.932692278056355129e+00
8.056467381344422307e+00
7.141117248411172902e+00
6.134057928212502731e+00
7.190734779330043125e+00
3.302524287066889386e+00
3.691431519975234110e+00
1.078888316740894204e+01
1.020762242422571120e+01
1.009862476885948013e+01
6.182412330330469885e+00
1.141032670678432304e+01
4.161196409153928855e+00
3.732142667274240821e+00
3.703451843288306122e+00
4.508756911709577153e+00
5.567365225630123149e+00
1.136779075575666376e+01
7.337574531137656564e+00
8.098285140832114593e+00
5.572152985057829966e+00
6.992058987801010872e+00
6.751460747291820219e+00
7.069810621383165739e+00
8.769644614616186828e+00
3.213858878185053669e+00
1.021241075032400580e+01
8.349051842375077470e+00
3.499841266241783710e+00
5.262023269512297041e+00
6.130434097372079449e+00
6.180255298574287792e+00
7.508809640830045318e+00
9.226531790921706389e+00
1.949655240178518056e+01
6.287200401521243265e+00
4.523518787649965844e+00
5.748043145279965849e+00
1.077940423008412552e+01
1.459984779220508067e+01
7.715496671562297237e+00
8.943278046791467872e+00
1.244436507911199996e+01
6.546924638501823601e+00
9.184528052957078970e+00
5.581716183715861312e+00
5.607930891950156926e+00
1.831283702761535537e+01
1.076083433361723785e+01
8.294576541331087682e+00
7.782030583337487428e+00
8.791409948858538215e+00
8.616779496359928459e+00
6.719788356455548062e+00
8.057019024152515030e+00
6.657994359331410372e+00
5.717808437971084956e+00
2.332285479000277917e+01
9.017513823419156083e+00
5.915704147061070728e+00
4.570436400267363197e+00
6.855330448312142444e+00
9.942948366667819116e+00
7.938653678188904550e+00
7.788880963698614934e+00
1.172954484292643862e+01
2.984403904746585567e+00
5.425863986500214509e+00
1.733153836859908381e+01
5.631656555184767043e+00
6.701243665668833671e+00
7.721830525637471965e+00
6.862458257310811049e+00
1.601943264358080654e+01
8.706064297692472920e+00
7.635007094517550108e+00
5.915704147061071616e+00
5.725576147622369660e+00
6.591577116964412397e+00
7.990549974118732024e+00
3.290390047800817896e+00
9.171453295719036447e+00
2.796823595120404349e+00
1.033354838485900906e+01
9.956349174717049166e+00
5.870453323400350421e+00
1.414684888352644165e+01
1.106264987343548967e+01
1.220819396962548176e+01
8.202980488145080074e+00
6.147809004479200645e+00
8.492087820763252637e+00
7.103676669318657488e+00
7.595320196600593654e+00
6.214677966091422867e+00
6.404859266386906391e+00
1.716533975454284189e+01
1.101433409496713800e+01
8.283853102404835411e+00
7.704544113703288843e+00
1.083328205116067267e+01
7.906115776199250433e+00
1.261674372499585139e+01
1.678358986894308202e+01
1.399618995774683405e+01
5.540156435817794822e+00
1.293505143227329945e+01
7.135513685471814860e+00
5.872724145478731117e+00
3.242769735204082515e+00
6.894119877757341364e+00
1.138927370623586199e+01
1.348019122844908146e+01
1.290202395836491434e+01
7.265137453773481191e+00
6.540132516496385051e+00
9.824233077220609900e+00
7.047142841054253815e+00
1.104817732579551937e+01
8.488947062046165115e+00
1.159770092159073762e+01
8.629149565410385136e+00
7.240626123938913139e+00
6.160808027812224807e+00
7.310874700669468318e+00
7.821338333899980455e+00
1.584283925171102680e+01
8.559335384375483358e+00
4.223742416388574838e+00
3.403266404826724933e+00
6.342099196813482109e+00
5.595236068895276915e+00
5.595236068895276915e+00
2.954469307488044816e+00
8.298326471176114438e+00
4.258325179379016667e+00
7.428473747831530360e+00
6.248911016240261240e+00
5.351635264103861367e+00
8.176932323446379769e+00
6.963396361610395324e+00
1.484527609114166147e+01
4.855237721608832935e+00
1.817568583453057940e+01
8.842825089051324028e+00
6.095535707019979377e+00
1.048469784442493591e+01
5.631656555184767043e+00
4.024370206076418377e+00
7.211102550927978250e+00
5.057008338270102321e+00
7.715496671562296349e+00
4.538232646698002526e+00
6.371464161050861108e+00
9.778888825764749271e+00
1.974459138318361795e+01
9.303762679690404269e+00
1.225107705015721749e+01
1.198035428895526699e+01
7.704544113703288843e+00
7.630348761506397182e+00
9.199033765685513231e+00
5.870453323400350421e+00
6.495810615739621596e+00
8.429050295785929237e+00
4.394946593026535453e+00
5.149325737954003834e+00
5.438136935875497180e+00
9.279846742029501883e+00
6.053832578531461728e+00
7.525955088890711409e+00
1.143950270869421360e+01
4.945929864264375198e+00
7.352701695446526742e+00
6.454627969311804492e+00
7.298097164482138410e+00
5.297378806751715352e+00
5.585696017507576272e+00
9.535897091167319317e+00
3.823901439919996648e+00
5.205125678918169463e+00
9.803400770480958926e+00
4.842405279289300424e+00
1.703016930822082742e+01
6.344201201797504019e+00
7.837233071832317322e+00
7.762015774841539262e+00
9.858104392946049899e+00
4.880801391392832755e+00
5.635601121442149086e+00
6.326663154196425332e+00
4.582090740650555105e+00
1.434712514756876445e+01
1.006777035892257466e+01
1.031633009682545321e+01
7.657675887630658096e+00
5.174295443181934573e+00
6.347702996622740734e+00
1.415375882544594255e+01
1.611155554942545720e+01
7.553071487076556956e+00
7.699927849589818685e+00
1.105018853534484613e+01
7.575985451118260272e+00
1.065207335060487992e+01
4.079215610874228126e+00
7.990549974118732024e+00
7.200617257491810363e+00
1.047451934723286193e+01
4.836895239257881229e+00
6.930127463955239264e+00
3.957552554574887527e+00
1.156546583584076870e+01
8.309566107137538182e+00
7.649546101276569310e+00
9.108238029388560975e+00
6.493073232299171771e+00
1.016180211489193397e+01
7.119925093238927083e+00
3.633180424916989892e+00
1.389228402947318131e+01
6.371464161050861108e+00
7.490438349433675036e+00
1.148138590163322625e+01
1.108873302050329102e+01
6.953815898882825586e+00
1.461262772019081169e+01
9.061763380024638437e+00
5.572152985057829966e+00
7.343629136121245793e+00
9.492921339374699841e+00
6.953815898882826474e+00
8.875935005520387833e+00
1.556006283906191534e+01
4.664761515876240772e+00
7.146094504459528096e+00
1.116223792774350088e+01
7.602338821412497616e+00
1.370871580013565350e+01
1.749844437530249408e+01
4.682829154356252133e+00
6.339996494916661618e+00
6.607739569794063073e+00
6.557099629832960908e+00
4.373658524495126265e+00
1.073726636015372726e+01
8.365537772446087317e+00
1.660441708301338082e+01
6.464948225280350513e+00
7.898241717130606077e+00
2.617123102441559368e+01
1.146395316730761316e+01
6.546924638501822713e+00
4.161196409153928855e+00
3.567756842735907430e+00
7.293833011524188059e+00
4.498888751680797604e+00
5.352465683111745420e+00
9.794329425177044968e+00
3.172100600898752010e+00
4.069397989875160881e+00
1.240967364599085698e+01
7.190734779330042237e+00
1.485844316654114827e+01
1.411130358573894839e+01
1.284194516245710993e+01
1.387788008146617358e+01
5.352465683111745420e+00
1.786193967319588083e+01
1.395452933240275506e+01
1.027272548493771787e+01
1.129877082793620779e+01
8.845840202540902197e+00
1.189509702916850209e+01
2.375280100441957742e+01
6.926920110858953983e+00
8.325062562327484983e+00
9.721911106133173774e+00
1.043370606362965525e+01
1.173977096123353725e+01
9.795690662508466318e+00
1.251488003227447088e+01
1.597776232420825693e+01
1.266210444155665904e+01
5.998518335574396509e+00
5.402057221302104750e+00
5.316640543300502841e+00
2.003951651667829736e+01
1.646005265281169727e+01
9.355687515564468981e+00
1.105139508538778692e+01
7.957107235393749534e+00
9.903983485895404115e+00
8.732060976017567810e+00
1.839371873463571561e+01
1.607676031488378854e+01
8.188338591490271767e+00
1.313451771309306970e+01
1.139590569751551996e+01
9.228939989691845369e+00
1.000311062731099732e+01
1.585349593412548685e+01
1.261145863446766135e+01
7.841768508017394446e+00
1.316291085673006656e+01
1.250315515735483984e+01
1.541773870146548653e+01
1.403171011989945960e+01
1.488026284116723019e+01
1.204141003186734693e+01
8.504639256834407135e+00
9.525171331209159931e+00
1.388460378340780110e+01
9.574038971208661764e+00
1.952388850158241951e+01
2.294863830382970349e+01
2.291859991845536371e+01
1.807343046820079735e+01
1.598415882470307992e+01
1.879527127290857180e+01
8.294576541331087682e+00
4.715930449020638626e+00
8.225704968099829983e+00
9.958580889531065239e+00
3.994640854389234619e+01
8.690735808255183770e+00
4.249967320135794147e+00
8.867919710958146240e+00
1.335598076601723072e+01
1.000977300219917865e+01
1.059853239316127649e+01
7.591223002037726708e+00
1.271219886565656232e+01
2.742375288362667263e+01
1.226847812711729802e+01
1.112754340464337410e+01
1.743865438233887133e+01
2.011853760976566363e+01
6.250333324444918404e+00
1.131292279750119256e+01
1.865428160563204685e+01
8.057019024152515030e+00
1.039230484541326405e+01
7.163487667020551619e+00
1.752281053053102156e+01
1.077569281093125575e+01
1.638074750702448767e+01
1.728274669528351737e+01
3.296220057378855017e+01
1.478828365069230522e+01
1.479939938721238057e+01
1.123961248837738580e+01
1.666719999146694065e+01
1.732897381074059240e+01
1.715368441148690692e+01
1.155777756414364532e+01
7.126164622166837326e+00
1.209113541217513621e+01
1.562561998769968774e+01
2.306936400414097932e+01
1.422985906075281193e+01
1.493184516394407169e+01
2.281481000480949817e+01
9.346657156438338276e+00
1.232810700076140087e+01
1.461810141191013024e+01
1.130899347127467891e+01
1.412893013170730683e+01
9.051457832243869461e+00
1.376791761870892294e+01
5.938200251104893468e+00
1.322052276660125969e+01
1.832957537242293355e+01
1.135879492825811177e+01
2.069288659311589385e+01
2.704268231271940337e+01
1.454128222987536034e+01
1.171437862913209216e+01
1.618723777136379383e+01
1.915503995181308738e+01
1.795129212310046540e+01
1.400317424332386373e+01
3.550211261319528688e+01
9.315697624022702072e+00
4.243216809083514818e+01
1.988254399103785630e+01
1.013815674677710810e+01
1.007438997326058150e+01
2.043352365327352871e+01
2.287783983586639991e+01
2.106139174466450470e+01
