1.000000000000000000e+00
9.950149729530859410e-01
9.900548088322935758e-01
9.851193836332611253e-01
9.802085739701018596e-01
9.753222570723184548e-01
9.704603107817338925e-01
9.656226135494376805e-01
9.608090444327470614e-01
9.560194830921834308e-01
9.512538097884636334e-01
9.465119053795070236e-01
9.417936513174566260e-01
9.370989296457147288e-01
9.324276229959952422e-01
9.277796145853886012e-01
9.231547882134424343e-01
9.185530282592566653e-01
9.139742196785926032e-01
9.094182480009973535e-01
9.048849993269415526e-01
9.003743603249724226e-01
8.958862182288799270e-01
8.914204608348779146e-01
8.869769764987989191e-01
8.825556541333031690e-01
8.781563832051010321e-01
8.737790537321904472e-01
8.694235562811064577e-01
8.650897819641859554e-01
8.607776224368453022e-01
8.564869698948717192e-01
8.522177170717282202e-01
8.479697572358718682e-01
8.437429841880854653e-01
8.395372922588227871e-01
8.353525763055663633e-01
8.311887317101995798e-01
8.270456543763905488e-01
8.229232407269904126e-01
8.188213877014428599e-01
8.147399927532088526e-01
8.106789538472020107e-01
8.066381694572382077e-01
8.026175385634972681e-01
7.986169606499973206e-01
7.946363357020823637e-01
7.906755642039211551e-01
7.867345471360202014e-01
7.828131859727471831e-01
7.789113826798691465e-01
7.750290397121004649e-01
7.711660600106644559e-01
7.673223470008677660e-01
7.634978045896847476e-01
7.596923371633559352e-01
7.559058495849976245e-01
7.521382471922228863e-01
7.483894357947760145e-01
7.446593216721764108e-01
7.409478115713770130e-01
7.372548127044319388e-01
7.335802327461771188e-01
7.299239798319222539e-01
7.262859625551540965e-01
7.226660899652511683e-01
7.190642715652102446e-01
7.154804173093836095e-01
7.119144376012283004e-01
7.083662432910661222e-01
7.048357456738540971e-01
7.013228564869681270e-01
6.978274879079955362e-01
6.943495525525398282e-01
6.908889634720359885e-01
6.874456341515767788e-01
6.840194785077496897e-01
6.806104108864853286e-01
6.772183460609155770e-01
6.738431992292431838e-01
6.704848860126214616e-01
6.671433224530450845e-01
6.638184250112512119e-01
6.605101105646303816e-01
6.572182964051491716e-01
6.539429002372822985e-01
6.506838401759548196e-01
6.474410347444956582e-01
6.442144028725997895e-01
6.410038638943025280e-01
6.378093375459624736e-01
6.346307439642541182e-01
6.314680036841724409e-01
6.283210376370459427e-01
6.251897671485594499e-01
6.220741139367875761e-01
6.189740001102377320e-01
6.158893481659030167e-01
6.128200809873238786e-01
6.097661218426611018e-01
6.067273943827771188e-01
6.037038226393269813e-01
6.006953310228597687e-01
5.977018443209283216e-01
5.947232876962093018e-01
5.917595866846316888e-01
5.888106671935159353e-01
5.858764554997213381e-01
5.829568782478026234e-01
5.800518624481764141e-01
5.771613354752963554e-01
5.742852250658376789e-01
5.714234593168904253e-01
5.685759666841617710e-01
5.657426759801873484e-01
5.629235163725522240e-01
5.601184173821193157e-01
5.573273088812678022e-01
5.545501210921398583e-01
5.517867845848958286e-01
5.490372302759795042e-01
5.463013894263895054e-01
5.435791936399625435e-01
5.408705748616619013e-01
5.381754653758771267e-01
5.354937978047307201e-01
5.328255051063937042e-01
5.301705205734097426e-01
5.275287778310270292e-01
5.249002108355396157e-01
5.222847538726355099e-01
5.196823415557546566e-01
5.170929088244532457e-01
5.145163909427785676e-01
5.119527234976490870e-01
5.094018423972453968e-01
5.068636838694067226e-01
5.043381844600380859e-01
5.018252810315224632e-01
4.993249107611434923e-01
4.968370111395138400e-01
4.943615199690136186e-01
4.918983753622346300e-01
4.894475157404333809e-01
4.870088798319917034e-01
4.845824066708848132e-01
4.821680355951573627e-01
4.797657062454067090e-01
4.773753585632738994e-01
4.749969327899424831e-01
4.726303694646442066e-01
4.702756094231727024e-01
4.679325937964042836e-01
4.656012640088262877e-01
4.632815617770724703e-01
4.609734291084663371e-01
4.586768082995709150e-01
4.563916419347464060e-01
4.541178728847146684e-01
4.518554443051309710e-01
4.496042996351629628e-01
4.473643825960767484e-01
4.451356371898296804e-01
4.429180076976704794e-01
4.407114386787463478e-01
4.385158749687168012e-01
4.363312616783748821e-01
4.341575441922744250e-01
4.319946681673652034e-01
4.298425795316337950e-01
4.277012244827523846e-01
4.255705494867330074e-01
4.234505012765899523e-01
4.213410268510075496e-01
4.192420734730151755e-01
4.171535886686691397e-01
4.150755202257406240e-01
4.130078161924101710e-01
4.109504248759693334e-01
4.089032948415280422e-01
4.068663749107288563e-01
4.048396141604673204e-01
4.028229619216191493e-01
4.008163677777734080e-01
3.988197815639719090e-01
3.968331533654553822e-01
3.948564335164153061e-01
3.928895725987526233e-01
3.909325214408418958e-01
3.889852311163021770e-01
3.870476529427739898e-01
3.851197384807021340e-01
3.832014395321245437e-01
3.812927081394675843e-01
3.793934965843471230e-01
3.775037573863753715e-01
3.756234433019738916e-01
3.737525073231925954e-01
3.718909026765346848e-01
3.700385828217869766e-01
3.681955014508566104e-01
3.663616124866134194e-01
3.645368700817375740e-01
3.627212286175741651e-01
3.609146427029917836e-01
3.591170671732486497e-01
3.573284570888628497e-01
3.555487677344890685e-01
3.537779546178008161e-01
3.520159734683779296e-01
3.502627802365997911e-01
3.485183310925445421e-01
3.467825824248924049e-01
3.450554908398366094e-01
3.433370131599973174e-01
3.416271064233432075e-01
3.399257278821166683e-01
3.382328350017657081e-01
3.365483854598799174e-01
3.348723371451333142e-01
3.332046481562305207e-01
3.315452768008599893e-01
3.298941815946515033e-01
3.282513212601387842e-01
3.266166547257279840e-01
3.249901411246705618e-01
3.233717397940418237e-01
3.217614102737241799e-01
3.201591123053958432e-01
3.185648058315239117e-01
3.169784509943637807e-01
3.154000081349616069e-01
3.138294377921640455e-01
3.122667007016304286e-01
3.107117577948523279e-01
3.091645701981758920e-01
3.076250992318306787e-01
3.060933064089624289e-01
3.045691534346707252e-01
3.030526022050518131e-01
3.015436148062460298e-01
3.000421535134897288e-01
2.985481807901724793e-01
2.970616592868982608e-01
2.955825518405522101e-01
2.941108214733710313e-01
2.926464313920190130e-01
2.911893449866676531e-01
2.897395258300811127e-01
2.882969376767048342e-01
2.868615444617599874e-01
2.854333103003413585e-01
2.840121994865205113e-01
2.825981764924531126e-01
2.811912059674905873e-01
2.797912527372966585e-01
2.783982818029675510e-01
2.770122583401574690e-01
2.756331476982074591e-01
2.742609153992798809e-01
2.728955271374955971e-01
2.715369487780771030e-01
2.701851463564944877e-01
2.688400860776170020e-01
2.675017343148674009e-01
2.661700576093821713e-01
2.648450226691740905e-01
2.635265963683007251e-01
2.622147457460358155e-01
2.609094380060456020e-01
2.596106405155685914e-01
2.583183208045997659e-01
2.570324465650791201e-01
2.557529856500836418e-01
2.544799060730238982e-01
2.532131760068441206e-01
2.519527637832266742e-01
2.506986378918003022e-01
2.494507669793523952e-01
2.482091198490451456e-01
2.469736654596356995e-01
2.457443729246998887e-01
2.445212115118604035e-01
2.433041506420180744e-01
2.420931598885879554e-01
2.408882089767379608e-01
2.396892677826326923e-01
2.384963063326797084e-01
2.373092948027807070e-01
2.361282035175855942e-01
2.349530029497507722e-01
2.337836637192007572e-01
2.326201565923939618e-01
2.314624524815915296e-01
2.303105224441304999e-01
2.291643376816998312e-01
2.280238695396208382e-01
2.268890895061305146e-01
2.257599692116690204e-01
2.246364804281700545e-01
2.235185950683556133e-01
2.224062851850334699e-01
2.212995229703985101e-01
2.201982807553378718e-01
2.191025310087386380e-01
2.180122463368002750e-01
2.169273994823490703e-01
2.158479633241572326e-01
2.147739108762644622e-01
2.137052152873037958e-01
2.126418498398296719e-01
2.115837879496506868e-01
2.105310031651643488e-01
2.094834691666963011e-01
2.084411597658419601e-01
2.074040489048120939e-01
2.063721106557810103e-01
2.053453192202389366e-01
2.043236489283463131e-01
2.033070742382928064e-01
2.022955697356580707e-01
2.012891101327769772e-01
2.002876702681069265e-01
1.992912251055992123e-01
1.982997497340728554e-01
1.973132193665919631e-01
1.963316093398459194e-01
1.953548951135329059e-01
1.943830522697464758e-01
1.934160565123648479e-01
1.924538836664437813e-01
1.914965096776119202e-01
1.905439106114698022e-01
1.895960626529910598e-01
1.886529421059274236e-01
1.877145253922160584e-01
1.867807890513902835e-01
1.858517097399929041e-01
1.849272642309927883e-01
1.840074294132039989e-01
1.830921822907083107e-01
1.821814999822798375e-01
1.812753597208135448e-01
1.803737388527556218e-01
1.794766148375374903e-01
1.785839652470119776e-01
1.776957677648929035e-01
1.768120001861968327e-01
1.759326404166883795e-01
1.750576664723274556e-01
1.741870564787199316e-01
1.733207886705705469e-01
1.724588413911390117e-01
1.716011930916984951e-01
1.707478223309967236e-01
1.698987077747203811e-01
1.690538281949612032e-01
1.682131624696858174e-01
1.673766895822071943e-01
1.665443886206596780e-01
1.657162387774757384e-01
1.648922193488663313e-01
1.640723097343027015e-01
1.632564894360018781e-01
1.624447380584138068e-01
1.616370353077118960e-01
1.608333609912851736e-01
1.600336950172339956e-01
1.592380173938672261e-01
1.584463082292029701e-01
1.576585477304708049e-01
1.568747162036172871e-01
1.560947940528133182e-01
1.553187617799645925e-01
1.545465999842238480e-01
1.537782893615060043e-01
1.530138107040054651e-01
1.522531448997158920e-01
1.514962729319526968e-01
1.507431758788771448e-01
1.499938349130237603e-01
1.492482313008293149e-01
1.485063464021647295e-01
1.477681616698688638e-01
1.470336586492849984e-01
1.463028189777992594e-01
1.455756243843819298e-01
1.448520566891302042e-01
1.441320978028140798e-01
1.434157297264238573e-01
1.427029345507203340e-01
1.419936944557869674e-01
1.412879917105844818e-01
1.405858086725074452e-01
1.398871277869434271e-01
1.391919315868337670e-01
1.385002026922373952e-01
1.378119238098957644e-01
1.371270777328010837e-01
1.364456473397657466e-01
1.357676155949943952e-01
1.350929655476581226e-01
1.344216803314705888e-01
1.337537431642663865e-01
1.330891373475816541e-01
1.324278462662363265e-01
1.317698533879188838e-01
1.311151422627730156e-01
1.304636965229866996e-01
1.298154998823823902e-01
1.291705361360103443e-01
1.285287891597432230e-01
1.278902429098733307e-01
1.272548814227111025e-01
1.266226888141862572e-01
1.259936492794506147e-01
1.253677470924831339e-01
1.247449666056965056e-01
1.241252922495461042e-01
1.235087085321407291e-01
1.228952000388554150e-01
1.222847514319458234e-01
1.216773474501649938e-01
1.210729729083816902e-01
1.204716126972010110e-01
1.198732517825862598e-01
1.192778752054834551e-01
1.186854680814471291e-01
1.180960156002683059e-01
1.175095030256043116e-01
1.169259156946102218e-01
1.163452390175723633e-01
1.157674584775434945e-01
1.151925596299801235e-01
1.146205281023810890e-01
1.140513495939283889e-01
1.134850098751296332e-01
1.129214947874624397e-01
1.123607902430202171e-01
1.118028822241601689e-01
1.112477567831527125e-01
1.106954000418329809e-01
1.101457981912536549e-01
1.095989374913398373e-01
1.090548042705454801e-01
1.085133849255118521e-01
1.079746659207270615e-01
1.074386337881879372e-01
1.069052751270631874e-01
1.063745766033585977e-01
1.058465249495834093e-01
1.053211069644187647e-01
1.047983095123876524e-01
1.042781195235265301e-01
1.037605239930586565e-01
1.032455099810687532e-01
1.027330646121797225e-01
1.022231750752305851e-01
1.017158286229564584e-01
1.012110125716695896e-01
1.007087143009423452e-01
1.002089212532918244e-01
9.971162093386584657e-02
9.921680091013047875e-02
9.872444881155936769e-02
9.823455232932437609e-02
9.774709921598799534e-02
9.726207728519699336e-02
9.677947441137779716e-02
9.629927852943340194e-02
9.582147763444184840e-02
9.534605978135581028e-02
9.487301308470420802e-02
9.440232571829494657e-02
9.393398591491944338e-02
9.346798196605816955e-02
9.300430222158811988e-02
9.254293508949155977e-02
9.208386903556609049e-02
9.162709258313656013e-02
9.117259431276780735e-02
9.072036286197941723e-02
9.027038692496150429e-02
8.982265525229232717e-02
8.937715665065665283e-02
8.893387998256627180e-02
8.849281416608137385e-02
8.805394817453360279e-02
8.761727103625031876e-02
8.718277183428028987e-02
8.675043970612081323e-02
8.632026384344625158e-02
8.589223349183758294e-02
8.546633795051371274e-02
8.504256657206391012e-02
8.462090876218171520e-02
8.420135397939987332e-02
8.378389173482696239e-02
8.336851159188507498e-02
8.295520316604911015e-02
8.254395612458685638e-02
8.213476018630082309e-02
8.172760512127126564e-02
8.132248075060032055e-02
8.091937694615768117e-02
8.051828363032718927e-02
8.011919077575509196e-02
7.972208840509918681e-02
7.932696659077961843e-02
7.893381545473036887e-02
7.854262516815259387e-02
7.815338595126870846e-02
7.776608807307809623e-02
7.738072185111359580e-02
7.699727765119955547e-02
7.661574588721102586e-02
7.623611702083406272e-02
7.585838156132720944e-02
7.548253006528432563e-02
7.510855313639835940e-02
7.473644142522671563e-02
7.436618562895717932e-02
7.399777649117557365e-02
7.363120480163422299e-02
7.326646139602187302e-02
7.290353715573433258e-02
7.254242300764672524e-02
7.218310992388651814e-02
7.182558892160786912e-02
7.146985106276716737e-02
7.111588745389937904e-02
7.076368924589586384e-02
7.041324763378303819e-02
7.006455385650238454e-02
6.971759919669132111e-02
6.937237498046525119e-02
6.902887257720077829e-02
6.868708339931997586e-02
6.834699890207555917e-02
6.800861058333740328e-02
6.767190998337987984e-02
6.733688868467051225e-02
6.700353831165935248e-02
6.667185053056970401e-02
6.634181704918974687e-02
6.601342961666532838e-02
6.568668002329346167e-02
6.536156010031733687e-02
6.503806171972188743e-02
6.471617679403082746e-02
6.439589727610421643e-02
6.407721515893742559e-02
6.376012247546090916e-02
6.344461129834107205e-02
6.313067373978208108e-02
6.281830195132859229e-02
6.250748812366964391e-02
6.219822448644331953e-02
6.189050330804263256e-02
6.158431689542206988e-02
6.127965759390537059e-02
6.097651778699410274e-02
6.067488989617735723e-02
6.037476638074212865e-02
6.007613973758490350e-02
5.977900250102400476e-02
5.948334724261312295e-02
5.918916657095535383e-02
5.889645313151858214e-02
5.860519960645155929e-02
5.831539871440104272e-02
5.802704321032960827e-02
5.774012588533462831e-02
5.745463956646802012e-02
5.717057711655698649e-02
5.688793143402546409e-02
5.660669545271666131e-02
5.632686214171641476e-02
5.604842450517732305e-02
5.577137558214403934e-02
5.549570844637902872e-02
5.522141620618954694e-02
5.494849200425527130e-02
5.467692901745697942e-02
5.440672045670584545e-02
5.413785956677377026e-02
5.387033962612448879e-02
5.360415394674558631e-02
5.333929587398119482e-02
5.307575878636570932e-02
5.281353609545817035e-02
5.255262124567770810e-02
5.229300771413947224e-02
5.203468901049164430e-02
5.177765867675315076e-02
5.152191028715231991e-02
5.126743744796605912e-02
5.101423379736012842e-02
5.076229300523007332e-02
5.051160877304299024e-02
5.026217483368001365e-02
5.001398495127966359e-02
4.976703292108194260e-02
4.952131256927322367e-02
4.927681775283195703e-02
4.903354235937497363e-02
4.879148030700476008e-02
4.855062554415737891e-02
4.831097204945127011e-02
4.807251383153655216e-02
4.783524492894536406e-02
4.759915940994274841e-02
4.736425137237849220e-02
4.713051494353939774e-02
4.689794428000255977e-02
4.666653356748926701e-02
4.643627702071968788e-02
4.620716888326814598e-02
4.597920342741926292e-02
4.575237495402476040e-02
4.552667779236102552e-02
4.530210629998723815e-02
4.507865486260440036e-02
4.485631789391490709e-02
4.463508983548301889e-02
4.441496515659571626e-02
4.419593835412456706e-02
4.397800395238810750e-02
4.376115650301491689e-02
4.354539058480751124e-02
4.333070080360666709e-02
4.311708179215668207e-02
4.290452820997113503e-02
4.269303474319941644e-02
4.248259610449382773e-02
4.227320703287745784e-02
4.206486229361258017e-02
4.185755667806989599e-02
4.165128500359820823e-02
4.144604211339490696e-02
4.124182287637703087e-02
4.103862218705305043e-02
4.083643496539513668e-02
4.063525615671221419e-02
4.043508073152356913e-02
4.023590368543319279e-02
4.003772003900452764e-02
3.984052483763609459e-02
3.964431315143757822e-02
3.944908007510661979e-02
3.925482072780615145e-02
3.906153025304235499e-02
3.886920381854330059e-02
3.867783661613808516e-02
3.848742386163672702e-02
3.829796079471042142e-02
3.810944267877263564e-02
3.792186480086062045e-02
3.773522247151770564e-02
3.754951102467590784e-02
3.736472581753939870e-02
3.718086223046834088e-02
3.699791566686353589e-02
3.681588155305132865e-02
3.663475533816940716e-02
3.645453249405294222e-02
3.627520851512146954e-02
3.609677891826617441e-02
3.591923924273784235e-02
3.574258505003531650e-02
3.556681192379460704e-02
3.539191546967838248e-02
3.521789131526619626e-02
3.504473510994510210e-02
3.487244252480097700e-02
3.470100925251019819e-02
3.453043100723204861e-02
3.436070352450149717e-02
3.419182256112261037e-02
3.402378389506256068e-02
3.385658332534591947e-02
3.369021667194974090e-02
3.352467977569899282e-02
3.335996849816269538e-02
3.319607872155030948e-02
3.303300634860888152e-02
3.287074730252059068e-02
3.270929752680084429e-02
3.254865298519683814e-02
3.238880966158667191e-02
3.222976355987890867e-02
3.207151070391274505e-02
3.191404713735852827e-02
3.175736892361889774e-02
3.160147214573032909e-02
3.144635290626529578e-02
3.129200732723470130e-02
3.113843154999104690e-02
3.098562173513187690e-02
3.083357406240389356e-02
