1.786666666666666714e+01
2.353333333333333499e+01
2.160000000000000142e+01
2.519999999999999929e+01
2.093333333333333357e+01
1.680000000000000071e+01
2.286666666666666714e+01
1.726666666666666572e+01
1.773333333333333428e+01
1.986666666666666714e+01
2.086666666666666714e+01
2.153333333333333499e+01
1.919999999999999929e+01
1.993333333333333357e+01
2.366666666666666785e+01
2.033333333333333215e+01
1.766666666666666785e+01
2.073333333333333428e+01
2.193333333333333357e+01
1.860000000000000142e+01
2.093333333333333357e+01
2.260000000000000142e+01
2.519999999999999929e+01
1.846666666666666501e+01
1.593333333333333357e+01
2.060000000000000142e+01
2.260000000000000142e+01
2.019999999999999929e+01
1.939999999999999858e+01
2.013333333333333286e+01
1.660000000000000142e+01
2.246666666666666501e+01
1.606666666666666643e+01
2.026666666666666572e+01
1.933333333333333215e+01
1.580000000000000071e+01
1.519999999999999929e+01
2.000000000000000000e+01
1.733333333333333215e+01
2.126666666666666572e+01
1.846666666666666501e+01
1.893333333333333357e+01
1.713333333333333286e+01
1.660000000000000142e+01
1.966666666666666785e+01
1.939999999999999858e+01
1.766666666666666785e+01
2.006666666666666643e+01
2.053333333333333499e+01
2.239999999999999858e+01
2.119999999999999929e+01
2.260000000000000142e+01
2.233333333333333215e+01
1.813333333333333286e+01
2.180000000000000071e+01
2.146666666666666501e+01
1.966666666666666785e+01
1.733333333333333215e+01
1.946666666666666501e+01
1.886666666666666714e+01
1.586666666666666714e+01
1.666666666666666785e+01
1.600000000000000000e+01
1.806666666666666643e+01
1.259999999999999964e+01
1.886666666666666714e+01
1.886666666666666714e+01
1.446666666666666679e+01
1.533333333333333393e+01
1.760000000000000142e+01
1.406666666666666643e+01
1.646666666666666501e+01
1.419999999999999929e+01
1.566666666666666607e+01
2.213333333333333286e+01
2.060000000000000142e+01
1.993333333333333357e+01
1.319999999999999929e+01
1.526666666666666750e+01
1.480000000000000071e+01
1.453333333333333321e+01
1.726666666666666572e+01
1.546666666666666679e+01
1.739999999999999858e+01
1.486666666666666714e+01
1.653333333333333499e+01
1.553333333333333321e+01
1.786666666666666714e+01
1.393333333333333357e+01
1.533333333333333393e+01
1.400000000000000000e+01
1.400000000000000000e+01
1.600000000000000000e+01
1.593333333333333357e+01
1.459999999999999964e+01
1.513333333333333286e+01
1.280000000000000071e+01
1.306666666666666643e+01
1.559999999999999964e+01
1.580000000000000071e+01
1.980000000000000071e+01
1.926666666666666572e+01
1.473333333333333250e+01
1.319999999999999929e+01
1.353333333333333321e+01
1.586666666666666714e+01
1.433333333333333393e+01
1.300000000000000000e+01
1.606666666666666643e+01
1.639999999999999858e+01
1.306666666666666643e+01
1.393333333333333357e+01
1.573333333333333250e+01
1.719999999999999929e+01
1.419999999999999929e+01
1.433333333333333393e+01
1.246666666666666679e+01
1.600000000000000000e+01
1.393333333333333357e+01
1.486666666666666714e+01
1.373333333333333250e+01
1.340000000000000036e+01
1.253333333333333321e+01
1.193333333333333357e+01
1.340000000000000036e+01
1.100000000000000000e+01
1.626666666666666572e+01
1.226666666666666750e+01
1.293333333333333357e+01
1.273333333333333250e+01
1.806666666666666643e+01
1.246666666666666679e+01
1.193333333333333357e+01
1.253333333333333321e+01
1.526666666666666750e+01
1.540000000000000036e+01
1.380000000000000071e+01
1.506666666666666643e+01
1.213333333333333286e+01
1.240000000000000036e+01
1.233333333333333393e+01
1.206666666666666643e+01
1.193333333333333357e+01
1.340000000000000036e+01
1.280000000000000071e+01
1.519999999999999929e+01
1.126666666666666750e+01
1.100000000000000000e+01
1.146666666666666679e+01
1.140000000000000036e+01
1.300000000000000000e+01
1.246666666666666679e+01
1.146666666666666679e+01
1.140000000000000036e+01
1.400000000000000000e+01
1.566666666666666607e+01
1.100000000000000000e+01
1.266666666666666607e+01
1.133333333333333393e+01
1.186666666666666714e+01
1.306666666666666643e+01
1.480000000000000071e+01
1.080000000000000071e+01
1.233333333333333393e+01
1.246666666666666679e+01
1.033333333333333393e+01
1.473333333333333250e+01
1.326666666666666750e+01
1.180000000000000071e+01
1.186666666666666714e+01
1.286666666666666714e+01
1.233333333333333393e+01
1.333333333333333393e+01
1.453333333333333321e+01
1.853333333333333499e+01
1.613333333333333286e+01
1.946666666666666501e+01
1.326666666666666750e+01
1.513333333333333286e+01
1.586666666666666714e+01
1.800000000000000000e+01
1.433333333333333393e+01
1.553333333333333321e+01
2.026666666666666572e+01
1.600000000000000000e+01
2.466666666666666785e+01
1.873333333333333428e+01
1.986666666666666714e+01
1.933333333333333215e+01
2.273333333333333428e+01
1.626666666666666572e+01
1.553333333333333321e+01
2.026666666666666572e+01
1.480000000000000071e+01
1.606666666666666643e+01
1.739999999999999858e+01
1.873333333333333428e+01
1.693333333333333357e+01
2.193333333333333357e+01
1.319999999999999929e+01
1.726666666666666572e+01
1.593333333333333357e+01
1.913333333333333286e+01
1.493333333333333357e+01
1.340000000000000036e+01
1.413333333333333286e+01
1.066666666666666607e+01
1.480000000000000071e+01
1.066666666666666607e+01
1.126666666666666750e+01
1.253333333333333321e+01
1.040000000000000036e+01
1.346666666666666679e+01
1.446666666666666679e+01
1.280000000000000071e+01
1.113333333333333286e+01
1.206666666666666643e+01
1.240000000000000036e+01
1.073333333333333250e+01
1.226666666666666750e+01
1.133333333333333393e+01
1.280000000000000071e+01
1.213333333333333286e+01
1.253333333333333321e+01
1.113333333333333286e+01
1.280000000000000071e+01
1.080000000000000071e+01
1.206666666666666643e+01
1.146666666666666679e+01
1.280000000000000071e+01
1.040000000000000036e+01
1.466666666666666607e+01
1.400000000000000000e+01
1.273333333333333250e+01
1.013333333333333286e+01
1.026666666666666750e+01
1.146666666666666679e+01
1.280000000000000071e+01
1.073333333333333250e+01
1.040000000000000036e+01
1.006666666666666643e+01
1.113333333333333286e+01
1.173333333333333250e+01
1.213333333333333286e+01
1.000000000000000000e+01
1.066666666666666607e+01
1.126666666666666750e+01
1.113333333333333286e+01
1.126666666666666750e+01
1.233333333333333393e+01
1.506666666666666643e+01
9.933333333333333570e+00
1.140000000000000036e+01
1.140000000000000036e+01
1.166666666666666607e+01
1.246666666666666679e+01
1.180000000000000071e+01
1.119999999999999929e+01
1.233333333333333393e+01
1.273333333333333250e+01
1.140000000000000036e+01
1.206666666666666643e+01
1.140000000000000036e+01
1.200000000000000000e+01
1.113333333333333286e+01
1.273333333333333250e+01
1.380000000000000071e+01
1.240000000000000036e+01
1.259999999999999964e+01
1.400000000000000000e+01
1.446666666666666679e+01
1.433333333333333393e+01
1.406666666666666643e+01
1.500000000000000000e+01
1.319999999999999929e+01
1.466666666666666607e+01
1.600000000000000000e+01
1.466666666666666607e+01
1.373333333333333250e+01
1.593333333333333357e+01
1.433333333333333393e+01
1.506666666666666643e+01
1.286666666666666714e+01
1.493333333333333357e+01
1.906666666666666643e+01
2.300000000000000000e+01
2.000000000000000000e+01
2.793333333333333357e+01
2.133333333333333215e+01
2.306666666666666643e+01
2.386666666666666714e+01
2.860000000000000142e+01
3.779999999999999716e+01
3.046666666666666501e+01
2.446666666666666501e+01
2.213333333333333286e+01
2.966666666666666785e+01
3.233333333333333570e+01
3.353333333333333144e+01
2.953333333333333499e+01
4.006666666666666998e+01
3.066666666666666785e+01
3.039999999999999858e+01
2.646666666666666501e+01
3.706666666666666998e+01
3.439999999999999858e+01
3.939999999999999858e+01
4.200000000000000000e+01
3.879999999999999716e+01
3.579999999999999716e+01
3.053333333333333499e+01
3.833333333333333570e+01
4.460000000000000142e+01
4.120000000000000284e+01
4.213333333333333286e+01
3.400000000000000000e+01
4.513333333333333286e+01
4.446666666666666856e+01
3.573333333333333428e+01
5.560000000000000142e+01
4.353333333333333144e+01
3.639999999999999858e+01
4.353333333333333144e+01
3.946666666666666856e+01
3.433333333333333570e+01
5.413333333333333286e+01
3.626666666666666572e+01
3.286666666666666714e+01
2.980000000000000071e+01
2.480000000000000071e+01
2.973333333333333428e+01
3.633333333333333570e+01
4.066666666666666430e+01
3.539999999999999858e+01
3.760000000000000142e+01
3.766666666666666430e+01
5.060000000000000142e+01
3.353333333333333144e+01
4.286666666666666714e+01
4.373333333333333428e+01
3.679999999999999716e+01
4.833333333333333570e+01
4.186666666666666714e+01
4.020000000000000284e+01
3.653333333333333144e+01
6.759999999999999432e+01
4.726666666666666572e+01
4.739999999999999858e+01
4.453333333333333144e+01
5.386666666666666714e+01
4.586666666666666714e+01
4.766666666666666430e+01
4.313333333333333286e+01
5.086666666666666714e+01
4.913333333333333286e+01
5.373333333333333428e+01
5.066666666666666430e+01
4.873333333333333428e+01
5.566666666666666430e+01
5.413333333333333286e+01
4.039999999999999858e+01
6.600000000000000000e+01
4.766666666666666430e+01
5.913333333333333286e+01
6.406666666666666288e+01
5.460000000000000142e+01
5.866666666666666430e+01
6.253333333333333144e+01
7.479999999999999716e+01
6.220000000000000284e+01
8.113333333333333997e+01
6.320000000000000284e+01
6.833333333333332860e+01
9.866666666666667140e+01
5.653333333333333144e+01
8.140000000000000568e+01
1.030000000000000000e+02
1.006666666666666714e+02
9.026666666666666572e+01
7.353333333333333144e+01
7.340000000000000568e+01
9.573333333333333428e+01
1.050666666666666629e+02
1.074000000000000057e+02
1.129333333333333371e+02
7.440000000000000568e+01
8.273333333333333428e+01
8.873333333333333428e+01
9.200000000000000000e+01
9.046666666666666856e+01
8.546666666666666856e+01
9.546666666666666856e+01
1.087333333333333343e+02
1.057333333333333343e+02
9.353333333333333144e+01
1.119333333333333371e+02
1.124666666666666686e+02
1.234000000000000057e+02
1.028666666666666600e+02
8.366666666666667140e+01
9.526666666666666572e+01
8.973333333333333428e+01
1.079333333333333371e+02
9.973333333333333428e+01
1.184666666666666686e+02
9.326666666666666572e+01
1.040666666666666629e+02
1.084000000000000057e+02
1.134666666666666686e+02
1.598666666666666742e+02
1.002666666666666657e+02
1.321999999999999886e+02
1.375333333333333314e+02
1.523333333333333428e+02
1.382666666666666799e+02
1.312666666666666799e+02
1.257999999999999972e+02
1.364000000000000057e+02
1.543333333333333428e+02
1.478666666666666742e+02
1.465999999999999943e+02
1.167333333333333343e+02
1.347333333333333201e+02
1.222000000000000028e+02
1.531333333333333258e+02
1.488666666666666742e+02
1.247999999999999972e+02
1.170000000000000000e+02
1.398000000000000114e+02
1.507333333333333201e+02
1.640000000000000000e+02
1.517333333333333201e+02
1.541999999999999886e+02
1.528666666666666742e+02
1.383333333333333428e+02
1.444000000000000057e+02
1.450666666666666629e+02
1.559333333333333371e+02
1.305333333333333314e+02
1.427333333333333201e+02
1.605999999999999943e+02
1.777333333333333201e+02
1.421333333333333258e+02
1.283333333333333428e+02
1.521333333333333258e+02
1.361999999999999886e+02
1.350000000000000000e+02
1.620000000000000000e+02
1.267999999999999972e+02
1.504666666666666686e+02
1.543333333333333428e+02
1.655999999999999943e+02
1.646666666666666572e+02
1.547333333333333201e+02
1.738000000000000114e+02
1.722666666666666799e+02
1.582666666666666799e+02
1.778000000000000114e+02
1.721999999999999886e+02
1.605333333333333314e+02
1.875999999999999943e+02
1.804666666666666686e+02
1.765333333333333314e+02
1.864000000000000057e+02
2.052666666666666799e+02
1.668666666666666742e+02
1.991999999999999886e+02
1.801333333333333258e+02
1.910666666666666629e+02
1.933333333333333428e+02
1.860666666666666629e+02
2.196666666666666572e+02
2.313333333333333428e+02
1.926666666666666572e+02
2.123333333333333428e+02
1.895999999999999943e+02
1.725999999999999943e+02
1.998000000000000114e+02
1.915999999999999943e+02
1.838000000000000114e+02
2.208000000000000114e+02
2.240666666666666629e+02
2.328666666666666742e+02
2.470000000000000000e+02
2.426666666666666572e+02
2.404666666666666686e+02
2.683999999999999773e+02
2.306666666666666572e+02
2.571999999999999886e+02
2.465333333333333314e+02
2.468000000000000114e+02
1.991333333333333258e+02
2.104000000000000057e+02
2.247333333333333201e+02
2.148666666666666742e+02
2.540666666666666629e+02
2.203333333333333428e+02
2.344666666666666686e+02
2.524000000000000057e+02
2.214000000000000057e+02
2.727333333333333485e+02
2.250666666666666629e+02
2.328000000000000114e+02
2.812666666666666515e+02
2.271999999999999886e+02
2.375333333333333314e+02
2.785333333333333599e+02
2.371333333333333258e+02
2.104000000000000057e+02
2.620666666666666629e+02
2.739333333333333371e+02
2.382666666666666799e+02
2.786000000000000227e+02
2.430000000000000000e+02
2.377333333333333201e+02
2.016666666666666572e+02
2.171333333333333258e+02
2.640000000000000000e+02
2.154666666666666686e+02
2.714666666666666401e+02
2.545333333333333314e+02
2.679333333333333371e+02
2.581333333333333258e+02
2.629333333333333371e+02
2.890666666666666629e+02
2.128000000000000114e+02
2.818666666666666742e+02
2.617333333333333485e+02
2.328666666666666742e+02
2.475333333333333314e+02
2.670000000000000000e+02
2.638000000000000114e+02
2.358000000000000114e+02
2.703333333333333144e+02
2.524000000000000057e+02
2.587333333333333485e+02
2.558000000000000114e+02
2.802666666666666515e+02
2.199333333333333371e+02
2.531333333333333258e+02
2.580666666666666629e+02
3.069333333333333371e+02
2.598000000000000114e+02
2.780666666666666629e+02
2.758666666666666742e+02
2.741333333333333258e+02
2.803333333333333144e+02
2.777333333333333485e+02
2.415999999999999943e+02
2.378000000000000114e+02
2.423333333333333428e+02
2.859333333333333371e+02
2.554000000000000057e+02
2.595333333333333599e+02
2.609333333333333371e+02
2.726666666666666856e+02
2.793333333333333144e+02
2.454000000000000057e+02
2.117333333333333201e+02
2.492666666666666799e+02
2.471999999999999886e+02
2.750666666666666629e+02
2.760666666666666629e+02
2.670000000000000000e+02
2.729333333333333371e+02
2.899333333333333371e+02
3.034666666666666401e+02
2.631333333333333258e+02
3.051999999999999886e+02
2.930000000000000000e+02
3.074666666666666401e+02
2.600666666666666629e+02
2.588000000000000114e+02
2.868000000000000114e+02
2.758000000000000114e+02
2.861333333333333258e+02
2.796666666666666856e+02
2.938666666666666742e+02
2.751333333333333258e+02
3.116000000000000227e+02
3.062666666666666515e+02
2.508666666666666742e+02
2.810000000000000000e+02
2.946000000000000227e+02
2.752666666666666515e+02
2.750666666666666629e+02
3.285333333333333599e+02
3.119333333333333371e+02
2.793999999999999773e+02
2.927333333333333485e+02
2.940000000000000000e+02
3.020666666666666629e+02
2.734666666666666401e+02
2.686000000000000227e+02
3.093333333333333144e+02
3.015333333333333599e+02
2.760000000000000000e+02
2.668000000000000114e+02
2.979333333333333371e+02
2.973333333333333144e+02
2.965333333333333599e+02
2.842666666666666515e+02
3.134666666666666401e+02
3.043333333333333144e+02
3.347333333333333485e+02
3.341999999999999886e+02
2.828000000000000114e+02
3.320000000000000000e+02
3.345333333333333599e+02
3.267333333333333485e+02
3.250000000000000000e+02
3.415333333333333599e+02
3.161999999999999886e+02
3.240000000000000000e+02
3.411999999999999886e+02
3.178666666666666742e+02
3.252666666666666515e+02
3.106000000000000227e+02
2.723333333333333144e+02
3.247333333333333485e+02
3.081333333333333258e+02
3.226000000000000227e+02
3.285333333333333599e+02
3.249333333333333371e+02
2.704666666666666401e+02
3.161999999999999886e+02
3.363999999999999773e+02
3.231333333333333258e+02
3.510000000000000000e+02
3.120666666666666629e+02
3.364666666666666401e+02
3.406666666666666856e+02
3.180000000000000000e+02
3.173999999999999773e+02
3.044666666666666401e+02
3.280000000000000000e+02
3.263999999999999773e+02
3.090666666666666629e+02
3.243999999999999773e+02
2.748666666666666742e+02
3.159333333333333371e+02
3.315333333333333599e+02
3.782666666666666515e+02
2.867333333333333485e+02
3.526666666666666856e+02
2.922666666666666515e+02
3.210000000000000000e+02
3.470666666666666629e+02
3.798666666666666742e+02
3.541999999999999886e+02
3.435333333333333599e+02
3.237333333333333485e+02
3.206666666666666856e+02
3.016000000000000227e+02
3.616000000000000227e+02
3.336666666666666856e+02
3.295333333333333599e+02
3.461999999999999886e+02
3.548000000000000114e+02
3.262666666666666515e+02
3.265333333333333599e+02
3.284666666666666401e+02
3.388666666666666742e+02
3.661333333333333258e+02
3.783333333333333144e+02
3.377333333333333485e+02
3.016000000000000227e+02
3.342666666666666515e+02
3.561333333333333258e+02
3.370666666666666629e+02
3.410666666666666629e+02
3.332666666666666515e+02
3.473999999999999773e+02
3.076666666666666856e+02
3.950000000000000000e+02
3.500666666666666629e+02
3.518000000000000114e+02
3.098000000000000114e+02
3.547333333333333485e+02
3.194666666666666401e+02
3.338666666666666742e+02
3.610000000000000000e+02
3.076000000000000227e+02
3.347333333333333485e+02
3.300000000000000000e+02
3.611333333333333258e+02
3.465333333333333599e+02
3.358666666666666742e+02
3.513333333333333144e+02
3.375333333333333599e+02
3.612666666666666515e+02
3.487333333333333485e+02
3.538000000000000114e+02
3.465333333333333599e+02
3.403999999999999773e+02
3.424666666666666401e+02
3.121999999999999886e+02
3.438000000000000114e+02
3.593333333333333144e+02
3.634666666666666401e+02
