7.570703768841808845e+00
1.212087272252107795e+01
1.670449041425688108e+01
1.240537517906384402e+01
1.051010096156179685e+01
6.431174076325410383e+00
9.534964895349933300e+00
6.667999866693326005e+00
7.343629136121246681e+00
1.534868796419492654e+01
9.831016676259322296e+00
9.171453295719034671e+00
6.305553108173778121e+00
8.955197125443724815e+00
1.002441464071039334e+01
1.194245461461848201e+01
7.888106377466153951e+00
1.104214149922418464e+01
6.587530307752333059e+00
9.163696488499240900e+00
1.129877082793620602e+01
9.877921508765563630e+00
2.132666562467435156e+01
7.050925865129738845e+00
4.739432689913658514e+00
9.163696488499242676e+00
1.378791741586330666e+01
8.930845424706443936e+00
9.286549412995119823e+00
7.392488680335524975e+00
6.118823416311342633e+00
1.479128872756603919e+01
8.857890393441444132e+00
1.241755030412824823e+01
1.558061473612500336e+01
7.756287771866126945e+00
6.813711665947324470e+00
9.295160030897800851e+00
8.836791775802396387e+00
9.841860709348726033e+00
8.015540461434207842e+00
1.034386560022680968e+01
8.309566107137538182e+00
5.851495535331117992e+00
1.449904211395436349e+01
7.931372306648242443e+00
9.596295581571510525e+00
8.535937102756921746e+00
9.776616092607003594e+00
1.083697374731525365e+01
9.431860898041277252e+00
1.228440746095092173e+01
1.384998997191775238e+01
8.468503737706889467e+00
1.086400785468542907e+01
1.307856601041906508e+01
8.553102101317133332e+00
7.621606713081493290e+00
7.561892767172926355e+00
1.147092944020763561e+01
8.808077101287329569e+00
6.739601043253392376e+00
5.278888771954441061e+00
9.433745574031320302e+00
4.868949236402723812e+00
9.265467548315568180e+00
9.054403471362551414e+00
6.354700797222652575e+00
6.982517852147286597e+00
1.033311827733203359e+01
5.221323799787005449e+00
5.976249288270658155e+00
4.430199393556306653e+00
7.077350414448114080e+00
1.405165075316380374e+01
1.194877957505842225e+01
1.028569664901486114e+01
5.179446559881341727e+00
4.057366414587450620e+00
4.534313619501853410e+00
5.031456603763521329e+00
5.615059117132150668e+00
8.285462503016285396e+00
8.179649544244952608e+00
5.560175856531477834e+00
6.878630354624061027e+00
7.535397947170555888e+00
1.398030360503264724e+01
5.495048275998633436e+00
6.446359868604572441e+00
4.320493798938573882e+00
5.391351098441528045e+00
5.633234713140695682e+00
7.224649164876835172e+00
5.200000000000000178e+00
8.040453276332677035e+00
3.124099870362661679e+00
4.945929864264375198e+00
7.570116687784056886e+00
7.231412955524897157e+00
9.606941934524915183e+00
1.326381878980894768e+01
4.218477871881700203e+00
4.607240678178932569e+00
5.389702115042062758e+00
7.526545614615572255e+00
4.482063017059096488e+00
5.266244708835066568e+00
5.297378806751714464e+00
5.724799850940933688e+00
5.144144459696113891e+00
4.479087208597553271e+00
6.526527066944222355e+00
9.819708074411716225e+00
4.664761515876240772e+00
4.584999697079839898e+00
2.872087897138402290e+00
8.173126696681020320e+00
6.485539470408165030e+00
8.253214861831452254e+00
5.078932521264242439e+00
2.984403904746585567e+00
3.480740661921763568e+00
2.954469307488045260e+00
4.855237721608832935e+00
1.932183566158591770e+00
9.929529473019130137e+00
3.295788558482206643e+00
4.725345372445160841e+00
3.335998934185814058e+00
7.150446761489025249e+00
5.389702115042062758e+00
5.347481234708126863e+00
4.842405279289299536e+00
9.567073162095548255e+00
5.314132102234569111e+00
3.919183588453085232e+00
4.479087208597553271e+00
2.963481436119049572e+00
4.095526014242045321e+00
6.331578704311341177e+00
4.281225162133952544e+00
2.954469307488044816e+00
6.681317235396026177e+00
4.150501977672901077e+00
1.008761617033479219e+01
2.908989897236190281e+00
2.804757862395017121e+00
2.825282680055611895e+00
3.843609414773220045e+00
4.016632088371218323e+00
2.552558629210219809e+00
2.093375795747677515e+00
3.440930106817050582e+00
5.019960159204453376e+00
9.822875795249011333e+00
2.280350850198276103e+00
3.379677828169753706e+00
3.047767853509989688e+00
2.472964932132188043e+00
7.169069364677367773e+00
7.695886347047146359e+00
2.856571371417140792e+00
4.221637386396682956e+00
3.095516470998373126e+00
2.299758441421378752e+00
8.330399483551527595e+00
4.122566622330748665e+00
3.636848452529561904e+00
4.096611065529923934e+00
4.964764736509565068e+00
4.361447262345633291e+00
3.893013685508382782e+00
8.114732829174901241e+00
1.284194516245711171e+01
1.315480478338195880e+01
1.820573780127816832e+01
3.696244340167762488e+00
6.344201201797504019e+00
9.742461473136835082e+00
9.906226997870245299e+00
4.628414655389274657e+00
7.172788083366808287e+00
1.481650731072910077e+01
6.142746399887703213e+00
1.780886171420159769e+01
1.069246879298176367e+01
1.401840060618741113e+01
9.082339395160747841e+00
3.076679306582919438e+01
8.481090076687602064e+00
1.005230763998440935e+01
2.413149164243455402e+01
7.006663495083329529e+00
7.361763073853679451e+00
1.677617358040861362e+01
1.268314717340385656e+01
7.987212001415485041e+00
1.902092415093324007e+01
4.182503237695499365e+00
1.024673389698178738e+01
9.469013793538492152e+00
1.786193967319587728e+01
1.004965449931267862e+01
5.547371750057259021e+00
6.868931665275336940e+00
3.418901707988823535e+00
8.787870428418177227e+00
2.241031508529548244e+00
4.739432689913659402e+00
5.377318621353540884e+00
3.115552385479446684e+00
6.075817274701037718e+00
8.341595903795759881e+00
6.764613810115106318e+00
2.156128217172830652e+00
3.820413008505174179e+00
5.964338465692011759e+00
4.024370206076418377e+00
6.961481323843527136e+00
3.197221015541813038e+00
6.803920438492307987e+00
5.226428566005236753e+00
4.842405279289300424e+00
2.186829262247563577e+00
4.679031238764423506e+00
2.688246020487460530e+00
2.792052212182923210e+00
3.343982987729186895e+00
7.175885543494499252e+00
3.946306289852997473e+00
9.299940262651631429e+00
7.624521842931091697e+00
7.706851208863159997e+00
2.526306042866189205e+00
2.112397269033980951e+00
3.138293945583952027e+00
5.729456053297440121e+00
2.515728301881761109e+00
2.550816862627866222e+00
1.730767331432956135e+00
5.667058809960908938e+00
3.974362282877033525e+00
4.659995231280345429e+00
2.309401076758502924e+00
1.619327706865482330e+00
4.122566622330748665e+00
3.947432358156656385e+00
3.641733408999376920e+00
4.060651288757616051e+00
6.884443009826979321e+00
1.806162291219209015e+00
4.239496825489239562e+00
3.912373533632322875e+00
7.372622027172936576e+00
5.783501438479019541e+00
4.214261501141095323e+00
3.102687007525358975e+00
5.055250296034366819e+00
5.615059117132150668e+00
2.800000000000000266e+00
5.105117258420438731e+00
4.715930449020638626e+00
3.444802848737016809e+00
3.159465496286076203e+00
4.823092599382912127e+00
4.415125517279586020e+00
4.601449047129973380e+00
5.817215828899595209e+00
4.898979485566355763e+00
6.581455428365032390e+00
5.120763831912405806e+00
4.809250345832381868e+00
6.976149845485450030e+00
4.749736834815166731e+00
8.088400473654987266e+00
1.153545259912530163e+01
7.086763875156433024e+00
6.717803873952326477e+00
8.590433956183794351e+00
8.576453553512404682e+00
8.417970196087784629e+00
5.377318621353541772e+00
8.144254962173574697e+00
1.126923047752398865e+01
1.570986950932438475e+01
1.450517149157499652e+01
2.681657862011649129e+01
1.012367961212171608e+01
1.227716941680324325e+01
1.081274967598693593e+01
1.767785809046635492e+01
4.288465148900399981e+01
2.224370073126821623e+01
1.277427971441921351e+01
7.060374557265987505e+00
1.233243239952641801e+01
3.007028803025042762e+01
3.277370219483230329e+01
1.308366241624348270e+01
2.498924212980902482e+01
2.110502836345457567e+01
1.062575487514495087e+01
1.472805335254987291e+01
2.563192453865989862e+01
2.676266055533342936e+01
2.535823337695273949e+01
3.150026454915365548e+01
2.474994949489796170e+01
1.963398414314663398e+01
1.730459155510146374e+01
2.199292815631626752e+01
4.235217428499588976e+01
3.842603284233229743e+01
2.202987870042764129e+01
2.376552124402071442e+01
3.983610868992546727e+01
2.794248060252028054e+01
1.837558767011880434e+01
3.176748862175499610e+01
2.792816181244698726e+01
1.807687288590959085e+01
2.322316850809887967e+01
1.683594039217556926e+01
1.741519132507274037e+01
4.444902198649094061e+01
2.034851891962219028e+01
2.082583865191401173e+01
2.052705531731231758e+01
1.434898370384932065e+01
1.475338002703862550e+01
3.228346670080866687e+01
2.526833767561469202e+01
1.372977300127961442e+01
2.251458786357562047e+01
2.296857756926961969e+01
2.808748238391377328e+01
1.319528535332054098e+01
2.766915651446971935e+01
2.636276835909983873e+01
2.085569466596593458e+01
3.505741322776428603e+01
2.347727033158288990e+01
2.106877626568124384e+01
1.997954509547757951e+01
4.892552162896852508e+01
3.662506731127678705e+01
2.884394794984440580e+01
2.694158289501359249e+01
4.660309956310726420e+01
3.437608988171219693e+01
3.381255519609378979e+01
2.754116111487595830e+01
2.172208297767248908e+01
2.588659026514607575e+01
3.221276489564691303e+01
2.894746198815287386e+01
2.745048066772035256e+01
3.836259752530958167e+01
4.015945993439432016e+01
1.760227258055050115e+01
5.844199403397070114e+01
2.382902058881611396e+01
3.640122098074306223e+01
5.441748085148945790e+01
2.535560424574154581e+01
2.349940897601942424e+01
5.211764469821030588e+01
4.556489877087405915e+01
3.964206520015491719e+01
4.940697206760285809e+01
3.163584464917392580e+01
5.665882298655895966e+01
1.213587885385955616e+02
2.498497326172051203e+01
4.782300701545230481e+01
9.114603666643986912e+01
1.115357441460907637e+02
7.636619380036925975e+01
5.196648492591697277e+01
5.302804289555983530e+01
8.605925607135792177e+01
8.034215719173975856e+01
1.127698541277765543e+02
8.316126234945905082e+01
6.340431110474008847e+01
4.845543198537072982e+01
6.262424095791944012e+01
4.325582812369526664e+01
6.330967979350041475e+01
8.118609623711576262e+01
7.655574584720744724e+01
8.441047854910483750e+01
8.639326105406344425e+01
7.423733711699405546e+01
1.351120358155490919e+02
1.046058421992874230e+02
1.303159238159327913e+02
1.033988179601466868e+02
3.965293880099626733e+01
6.050175387724080167e+01
6.089823934692657303e+01
9.365501706914703561e+01
9.982549217954745302e+01
7.620574489863317069e+01
7.187161392990203979e+01
1.009405545633446479e+02
8.826686807630596832e+01
8.900626694539860750e+01
1.483670523472857212e+02
1.102817402030917435e+02
9.057902626988214934e+01
1.167223866940509254e+02
1.151732993748502878e+02
9.925822663918368960e+01
8.218472418210630792e+01
7.043502916399859259e+01
9.228564352053898290e+01
1.127041357813555180e+02
1.038099973776878358e+02
1.195217135084667319e+02
9.144941528274281950e+01
1.073452167334695844e+02
6.924853789070206744e+01
1.004316461856299298e+02
1.290802678783847171e+02
1.051444720372878123e+02
9.678498506138922153e+01
1.119608264825991029e+02
8.760096397237239785e+01
1.528624654169012729e+02
1.246223450625484048e+02
8.826490431271838588e+01
1.327829641014070887e+02
1.025161233931304849e+02
1.165348588763608291e+02
9.640502522632773719e+01
1.053739162327291723e+02
1.133230583577568069e+02
9.649971790402061345e+01
1.071987562116899397e+02
1.163909885782495763e+02
8.356304339971241291e+01
7.619507129000463408e+01
1.034349178093269614e+02
7.832853886036686220e+01
6.534115599426341703e+01
1.054729033132838936e+02
7.662654022378059437e+01
6.775039155278408032e+01
8.182963331757565584e+01
6.662111777307052307e+01
1.100912752623426201e+02
1.089749002701488507e+02
8.669963475509378270e+01
6.397443934016843059e+01
1.158236974409334437e+02
8.410723314119105964e+01
1.217501266255330563e+02
6.450619263984575014e+01
8.716941359597797145e+01
7.197579840165411724e+01
7.650173563753672568e+01
7.151764351076826642e+01
1.077636096071190366e+02
8.286926785941550122e+01
7.343223633618502788e+01
6.490594905108639523e+01
1.103409665033295255e+02
7.129905718560067385e+01
7.759936998598779212e+01
1.085520868318779009e+02
1.232816107761232729e+02
1.245544949900332767e+02
9.837863363330249911e+01
1.038773635912399413e+02
1.301362363064184819e+02
1.151799751114171215e+02
9.315993416342313083e+01
6.629751126550678464e+01
7.402720220747684721e+01
7.217798987379893561e+01
8.174013022309721066e+01
7.232242621298965446e+01
8.555673880855648861e+01
1.118587601496736710e+02
9.904530949688295038e+01
1.154288621715653278e+02
6.975022102712888739e+01
1.269744681247200759e+02
1.251618685276523451e+02
1.131446664918658769e+02
1.071956466777763666e+02
1.135702230144660518e+02
9.199483077265205111e+01
1.028885913122646514e+02
1.056236505502226777e+02
8.055546053634243719e+01
9.815823959301634716e+01
7.303861992124440405e+01
9.963163263854617924e+01
8.813055971429861302e+01
1.147839710064083647e+02
1.146963914960807358e+02
9.437669203781196359e+01
1.032910881387590365e+02
1.419651913518083290e+02
8.754874197966651650e+01
1.042949663214864842e+02
9.744910922573323830e+01
1.130483475725713021e+02
8.008118103247201702e+01
1.023971353765979870e+02
6.604241061620933806e+01
1.007706747466190507e+02
7.868813266447629928e+01
7.142722792387290554e+01
8.941066304790869879e+01
8.781105979443717047e+01
9.186211890049612805e+01
9.208392307503457630e+01
1.060663104959450607e+02
9.992721795831648990e+01
1.449208826298757629e+02
1.189742082227161575e+02
1.237272268608112995e+02
1.147024362814011482e+02
9.471111632514715950e+01
1.137464236312020915e+02
1.066944963695670481e+02
7.896074974314770145e+01
8.812581914512908554e+01
1.110778705833584752e+02
7.374068679425822381e+01
6.170445688927178196e+01
1.308319362982737175e+02
8.819463324564217999e+01
8.656363105959813709e+01
1.040124778839325472e+02
7.704446046854302210e+01
9.945817658135950978e+01
1.161851778651457607e+02
7.529780873305676892e+01
1.016631474800753807e+02
1.101531459176521111e+02
1.089616854168881162e+02
9.548519373296690560e+01
1.231153749763024337e+02
8.971941447275129633e+01
1.260641106738948025e+02
9.825793719706423701e+01
7.324339939923292775e+01
8.811189855329793374e+01
6.926843116135628975e+01
9.480609450639529712e+01
1.173556796902286976e+02
1.295570230524853628e+02
8.983451452532038672e+01
6.572413728777443964e+01
1.354225321806612214e+02
1.099916360456557669e+02
1.087360514681717234e+02
1.053840384287656491e+02
1.185720596655609000e+02
1.190111852819818807e+02
1.133569387181726711e+02
1.001358188772739908e+02
8.820496332721620547e+01
1.176623417524344006e+02
1.260587164776795532e+02
1.334705294146322956e+02
1.240169164088333389e+02
1.383421844557906297e+02
9.139088211267758766e+01
1.004570886830126426e+02
9.736109193215851576e+01
1.232962106293439604e+02
8.943665666579646256e+01
1.401802966024667683e+02
1.102722691039471243e+02
1.344517096292279348e+02
1.258908875000710736e+02
1.082410889326845904e+02
9.310195128638999051e+01
1.029799117411848499e+02
1.080274450724855768e+02
1.084858618540785784e+02
1.033289031308385830e+02
9.088219480917774717e+01
1.146586043677296516e+02
1.158608360635004857e+02
9.827272708584456495e+01
1.046619107199727949e+02
9.898403911742538241e+01
1.148248908362448759e+02
9.688816003803330545e+01
9.678360742742889045e+01
1.090383418802762066e+02
1.090562342198841179e+02
1.196219972338792985e+02
1.385875735971864060e+02
1.145533160682056462e+02
1.040018375906032873e+02
1.056671924277140846e+02
1.171816064443942054e+02
1.127624050825451292e+02
1.330234064616699925e+02
1.020568469040661626e+02
1.071994195672511978e+02
1.230297886240925322e+02
1.136086851140058371e+02
1.271879798653246354e+02
1.151458205928465333e+02
1.093105667353344188e+02
1.147560891630592295e+02
1.454362938043855706e+02
1.242660944192832631e+02
1.344746816318968001e+02
1.044417966567450833e+02
1.194166189811489005e+02
1.039954272498982846e+02
1.097000759647260537e+02
9.598185013613540661e+01
1.273522499037828339e+02
1.317648747664650557e+02
9.528777466181063005e+01
1.428415439102597588e+02
1.008284792220046455e+02
1.111257545906138375e+02
1.271877702017332012e+02
1.038074285502835465e+02
1.177526597953901444e+02
1.171534606118544559e+02
1.036138986815957992e+02
1.238116131691835875e+02
1.261031323956704853e+02
1.145587476654081769e+02
1.394075400479551661e+02
1.204296751912362708e+02
1.121272293225671177e+02
1.031862178566283035e+02
1.313376649031884540e+02
1.172453078900056482e+02
1.223107881132686003e+02
1.159239214120862869e+02
1.242231683525885586e+02
1.078152741188989978e+02
1.076323784411033415e+02
1.234789410745366212e+02
1.079278771525997769e+02
1.106591563716662847e+02
1.156018838754609277e+02
9.656408350014109487e+01
1.060313161287739661e+02
1.023587156360740238e+02
8.591054779375011208e+01
1.140800109085237182e+02
1.192114088499921962e+02
1.082578403627192216e+02
1.127170301635422334e+02
1.179270207468255478e+02
1.097833421891601091e+02
1.036641157242412845e+02
9.384445759991487535e+01
1.153525995468772152e+02
1.157430871465860918e+02
1.266195350910224562e+02
1.238377791934091334e+02
1.050738576219392115e+02
1.142082697920290286e+02
1.200835634973505535e+02
1.043222358315277347e+02
1.253580472087851376e+02
1.043677259607692207e+02
9.881767723101637557e+01
1.200646862690645094e+02
1.042664535377190731e+02
1.160834182818545344e+02
1.079780636158207017e+02
1.221670259203449120e+02
1.267458699743528427e+02
1.264515717577286580e+02
1.145214972541545819e+02
1.193859102053318253e+02
1.195000697349866243e+02
1.225473332589856454e+02
9.755536319900043907e+01
1.022440652991110710e+02
1.010007700740719940e+02
1.185961588285594104e+02
9.849092456781093574e+01
1.061812705811256592e+02
1.080976102110187043e+02
1.138840736109409733e+02
1.009942572624800192e+02
9.795227863040700811e+01
1.398409572812390707e+02
1.376368167800074502e+02
8.418128585908443995e+01
9.289482702975924155e+01
