2.419999999999999929e+01
2.666666666666666785e+01
2.306666666666666643e+01
1.613333333333333286e+01
2.146666666666666501e+01
1.933333333333333215e+01
1.760000000000000142e+01
1.893333333333333357e+01
2.260000000000000142e+01
1.619999999999999929e+01
2.293333333333333357e+01
2.313333333333333286e+01
1.766666666666666785e+01
1.886666666666666714e+01
1.926666666666666572e+01
1.800000000000000000e+01
2.280000000000000071e+01
2.613333333333333286e+01
1.693333333333333357e+01
1.900000000000000000e+01
1.786666666666666714e+01
2.146666666666666501e+01
2.839999999999999858e+01
1.793333333333333357e+01
1.813333333333333286e+01
1.846666666666666501e+01
2.093333333333333357e+01
1.966666666666666785e+01
2.319999999999999929e+01
2.400000000000000000e+01
1.806666666666666643e+01
2.086666666666666714e+01
2.173333333333333428e+01
1.833333333333333215e+01
2.586666666666666714e+01
2.346666666666666501e+01
2.300000000000000000e+01
2.080000000000000071e+01
2.273333333333333428e+01
1.926666666666666572e+01
1.666666666666666785e+01
1.639999999999999858e+01
1.533333333333333393e+01
1.919999999999999929e+01
1.906666666666666643e+01
1.613333333333333286e+01
2.273333333333333428e+01
2.206666666666666643e+01
1.633333333333333215e+01
1.453333333333333321e+01
1.766666666666666785e+01
1.666666666666666785e+01
2.073333333333333428e+01
1.980000000000000071e+01
1.700000000000000000e+01
1.713333333333333286e+01
1.419999999999999929e+01
1.466666666666666607e+01
2.273333333333333428e+01
1.500000000000000000e+01
1.673333333333333428e+01
2.039999999999999858e+01
2.400000000000000000e+01
2.013333333333333286e+01
2.093333333333333357e+01
2.213333333333333286e+01
1.786666666666666714e+01
1.333333333333333393e+01
2.066666666666666785e+01
1.893333333333333357e+01
1.533333333333333393e+01
1.733333333333333215e+01
1.673333333333333428e+01
1.340000000000000036e+01
1.966666666666666785e+01
1.819999999999999929e+01
2.039999999999999858e+01
1.760000000000000142e+01
2.493333333333333357e+01
1.606666666666666643e+01
1.953333333333333499e+01
1.566666666666666607e+01
1.666666666666666785e+01
1.693333333333333357e+01
1.433333333333333393e+01
1.893333333333333357e+01
1.326666666666666750e+01
1.666666666666666785e+01
1.800000000000000000e+01
1.993333333333333357e+01
1.846666666666666501e+01
1.786666666666666714e+01
2.106666666666666643e+01
1.833333333333333215e+01
1.500000000000000000e+01
1.900000000000000000e+01
1.373333333333333250e+01
1.619999999999999929e+01
1.586666666666666714e+01
1.546666666666666679e+01
1.359999999999999964e+01
1.793333333333333357e+01
2.100000000000000000e+01
1.680000000000000071e+01
1.646666666666666501e+01
1.880000000000000071e+01
1.780000000000000071e+01
2.046666666666666501e+01
1.746666666666666501e+01
1.880000000000000071e+01
1.680000000000000071e+01
1.913333333333333286e+01
1.739999999999999858e+01
1.746666666666666501e+01
1.693333333333333357e+01
1.366666666666666607e+01
1.513333333333333286e+01
1.619999999999999929e+01
1.553333333333333321e+01
2.413333333333333286e+01
1.606666666666666643e+01
1.739999999999999858e+01
1.626666666666666572e+01
1.513333333333333286e+01
1.393333333333333357e+01
1.760000000000000142e+01
1.586666666666666714e+01
1.486666666666666714e+01
2.053333333333333499e+01
1.553333333333333321e+01
1.626666666666666572e+01
1.700000000000000000e+01
1.853333333333333499e+01
1.300000000000000000e+01
1.600000000000000000e+01
1.613333333333333286e+01
1.933333333333333215e+01
1.333333333333333393e+01
1.459999999999999964e+01
1.926666666666666572e+01
1.459999999999999964e+01
1.593333333333333357e+01
1.540000000000000036e+01
1.986666666666666714e+01
1.600000000000000000e+01
1.660000000000000142e+01
1.540000000000000036e+01
1.519999999999999929e+01
2.100000000000000000e+01
1.653333333333333499e+01
1.626666666666666572e+01
2.326666666666666572e+01
1.786666666666666714e+01
1.813333333333333286e+01
2.233333333333333215e+01
1.613333333333333286e+01
1.906666666666666643e+01
1.826666666666666572e+01
1.746666666666666501e+01
1.839999999999999858e+01
1.739999999999999858e+01
1.660000000000000142e+01
1.906666666666666643e+01
1.960000000000000142e+01
1.613333333333333286e+01
1.666666666666666785e+01
1.686666666666666714e+01
2.160000000000000142e+01
1.519999999999999929e+01
2.326666666666666572e+01
1.513333333333333286e+01
1.580000000000000071e+01
1.693333333333333357e+01
1.866666666666666785e+01
1.606666666666666643e+01
1.766666666666666785e+01
2.233333333333333215e+01
2.053333333333333499e+01
2.039999999999999858e+01
1.873333333333333428e+01
2.260000000000000142e+01
1.600000000000000000e+01
1.706666666666666643e+01
2.786666666666666714e+01
1.513333333333333286e+01
2.560000000000000142e+01
1.253333333333333321e+01
1.913333333333333286e+01
1.800000000000000000e+01
2.153333333333333499e+01
1.546666666666666679e+01
2.146666666666666501e+01
1.933333333333333215e+01
1.686666666666666714e+01
2.006666666666666643e+01
1.540000000000000036e+01
1.500000000000000000e+01
1.680000000000000071e+01
1.726666666666666572e+01
1.873333333333333428e+01
1.786666666666666714e+01
1.593333333333333357e+01
1.780000000000000071e+01
1.313333333333333286e+01
1.566666666666666607e+01
1.680000000000000071e+01
1.413333333333333286e+01
1.433333333333333393e+01
1.573333333333333250e+01
1.660000000000000142e+01
1.493333333333333357e+01
1.373333333333333250e+01
1.673333333333333428e+01
1.706666666666666643e+01
1.693333333333333357e+01
1.686666666666666714e+01
1.719999999999999929e+01
1.693333333333333357e+01
1.980000000000000071e+01
1.386666666666666714e+01
1.419999999999999929e+01
1.706666666666666643e+01
1.546666666666666679e+01
1.633333333333333215e+01
1.353333333333333321e+01
1.553333333333333321e+01
1.626666666666666572e+01
1.739999999999999858e+01
1.893333333333333357e+01
1.719999999999999929e+01
1.346666666666666679e+01
1.453333333333333321e+01
1.633333333333333215e+01
1.880000000000000071e+01
1.700000000000000000e+01
1.459999999999999964e+01
1.526666666666666750e+01
1.873333333333333428e+01
1.700000000000000000e+01
1.900000000000000000e+01
1.273333333333333250e+01
1.680000000000000071e+01
2.439999999999999858e+01
1.426666666666666750e+01
1.540000000000000036e+01
1.906666666666666643e+01
1.380000000000000071e+01
1.639999999999999858e+01
1.666666666666666785e+01
2.226666666666666572e+01
2.313333333333333286e+01
2.226666666666666572e+01
2.193333333333333357e+01
2.053333333333333499e+01
2.500000000000000000e+01
2.133333333333333215e+01
2.253333333333333499e+01
1.719999999999999929e+01
2.293333333333333357e+01
1.653333333333333499e+01
2.300000000000000000e+01
1.960000000000000142e+01
2.493333333333333357e+01
2.326666666666666572e+01
1.533333333333333393e+01
1.733333333333333215e+01
2.013333333333333286e+01
2.126666666666666572e+01
2.626666666666666572e+01
1.973333333333333428e+01
1.533333333333333393e+01
1.839999999999999858e+01
1.960000000000000142e+01
1.833333333333333215e+01
1.880000000000000071e+01
2.093333333333333357e+01
2.373333333333333428e+01
2.533333333333333215e+01
1.913333333333333286e+01
3.279999999999999716e+01
2.346666666666666501e+01
2.726666666666666572e+01
3.439999999999999858e+01
3.186666666666666714e+01
3.193333333333333357e+01
2.266666666666666785e+01
2.380000000000000071e+01
2.846666666666666501e+01
2.560000000000000142e+01
3.186666666666666714e+01
3.193333333333333357e+01
3.746666666666666856e+01
3.820000000000000284e+01
4.160000000000000142e+01
3.239999999999999858e+01
3.933333333333333570e+01
4.113333333333333286e+01
3.379999999999999716e+01
3.700000000000000000e+01
3.366666666666666430e+01
2.573333333333333428e+01
2.753333333333333499e+01
3.373333333333333428e+01
3.879999999999999716e+01
4.126666666666666572e+01
3.393333333333333002e+01
3.466666666666666430e+01
3.733333333333333570e+01
3.466666666666666430e+01
2.826666666666666572e+01
3.313333333333333286e+01
3.346666666666666856e+01
3.466666666666666430e+01
4.526666666666666572e+01
3.793333333333333002e+01
3.900000000000000000e+01
3.713333333333333286e+01
4.673333333333333428e+01
3.113333333333333286e+01
2.860000000000000142e+01
4.260000000000000142e+01
3.466666666666666430e+01
4.613333333333333286e+01
3.406666666666666998e+01
3.766666666666666430e+01
3.846666666666666856e+01
2.773333333333333428e+01
3.366666666666666430e+01
4.120000000000000284e+01
4.239999999999999858e+01
3.260000000000000142e+01
4.533333333333333570e+01
2.946666666666666501e+01
4.560000000000000142e+01
3.300000000000000000e+01
2.766666666666666785e+01
3.493333333333333002e+01
4.566666666666666430e+01
4.806666666666666998e+01
4.373333333333333428e+01
4.400000000000000000e+01
4.953333333333333144e+01
4.506666666666666998e+01
4.373333333333333428e+01
4.026666666666666572e+01
4.113333333333333286e+01
3.800000000000000000e+01
5.513333333333333286e+01
3.920000000000000284e+01
3.393333333333333002e+01
5.800000000000000000e+01
3.406666666666666998e+01
4.733333333333333570e+01
5.460000000000000142e+01
3.753333333333333144e+01
5.653333333333333144e+01
4.493333333333333002e+01
4.606666666666666998e+01
5.220000000000000284e+01
4.473333333333333428e+01
6.126666666666666572e+01
4.360000000000000142e+01
6.200000000000000000e+01
7.553333333333333144e+01
5.726666666666666572e+01
6.840000000000000568e+01
5.626666666666666572e+01
6.706666666666666288e+01
4.293333333333333002e+01
7.473333333333333428e+01
6.653333333333333144e+01
6.679999999999999716e+01
5.373333333333333428e+01
5.153333333333333144e+01
5.833333333333333570e+01
6.106666666666666998e+01
7.086666666666666003e+01
8.526666666666666572e+01
6.966666666666667140e+01
5.379999999999999716e+01
7.913333333333333997e+01
8.140000000000000568e+01
7.040000000000000568e+01
6.386666666666666714e+01
8.846666666666666856e+01
7.593333333333333712e+01
8.226666666666666572e+01
6.993333333333333712e+01
7.413333333333333997e+01
7.966666666666667140e+01
9.066666666666667140e+01
8.013333333333333997e+01
9.486666666666666003e+01
8.679999999999999716e+01
8.140000000000000568e+01
7.193333333333333712e+01
1.083333333333333286e+02
1.122666666666666657e+02
9.479999999999999716e+01
1.002666666666666657e+02
9.186666666666666003e+01
1.030000000000000000e+02
1.062666666666666657e+02
1.272000000000000028e+02
1.210000000000000000e+02
1.257999999999999972e+02
1.506666666666666572e+02
1.130000000000000000e+02
1.337333333333333201e+02
1.226666666666666714e+02
1.377333333333333201e+02
1.266666666666666714e+02
1.714000000000000057e+02
1.521999999999999886e+02
1.484666666666666686e+02
1.294666666666666686e+02
1.505999999999999943e+02
1.359333333333333371e+02
1.518666666666666742e+02
1.384666666666666686e+02
1.634000000000000057e+02
1.755999999999999943e+02
1.481333333333333258e+02
1.741999999999999886e+02
1.589333333333333371e+02
1.770000000000000000e+02
1.324000000000000057e+02
1.798666666666666742e+02
1.664666666666666686e+02
1.631999999999999886e+02
1.878000000000000114e+02
1.768666666666666742e+02
1.741333333333333258e+02
1.958000000000000114e+02
1.815333333333333314e+02
1.453333333333333428e+02
1.828000000000000114e+02
2.060666666666666629e+02
1.880666666666666629e+02
1.937333333333333201e+02
1.720000000000000000e+02
1.727333333333333201e+02
1.797333333333333201e+02
2.180666666666666629e+02
1.824666666666666686e+02
2.296666666666666572e+02
1.872666666666666799e+02
2.156666666666666572e+02
2.149333333333333371e+02
2.107333333333333201e+02
2.082666666666666799e+02
1.948000000000000114e+02
2.100000000000000000e+02
2.403333333333333428e+02
2.057333333333333201e+02
1.991333333333333258e+02
2.279333333333333371e+02
2.500000000000000000e+02
2.168666666666666742e+02
2.362666666666666799e+02
2.130666666666666629e+02
2.001333333333333258e+02
2.118000000000000114e+02
2.187333333333333201e+02
2.099333333333333371e+02
2.184666666666666686e+02
2.547333333333333201e+02
2.456666666666666572e+02
2.441333333333333258e+02
2.315333333333333314e+02
2.545999999999999943e+02
2.528666666666666742e+02
2.413333333333333428e+02
2.335333333333333314e+02
2.400666666666666629e+02
2.331999999999999886e+02
2.182666666666666799e+02
2.563333333333333144e+02
2.303333333333333428e+02
2.473333333333333428e+02
2.261999999999999886e+02
2.478000000000000114e+02
2.830666666666666629e+02
2.875333333333333599e+02
2.590000000000000000e+02
3.106000000000000227e+02
3.430666666666666629e+02
2.876000000000000227e+02
3.096666666666666856e+02
2.851333333333333258e+02
2.813999999999999773e+02
2.965333333333333599e+02
2.850000000000000000e+02
3.106666666666666856e+02
3.220666666666666629e+02
3.160000000000000000e+02
3.023333333333333144e+02
2.825333333333333599e+02
2.950000000000000000e+02
3.189333333333333371e+02
2.971333333333333258e+02
3.026666666666666856e+02
2.972666666666666515e+02
2.809333333333333371e+02
3.055333333333333599e+02
2.947333333333333485e+02
2.890666666666666629e+02
2.968666666666666742e+02
3.038666666666666742e+02
3.301999999999999886e+02
3.126666666666666856e+02
3.007333333333333485e+02
3.223999999999999773e+02
2.780000000000000000e+02
3.027333333333333485e+02
3.096666666666666856e+02
2.891333333333333258e+02
3.152666666666666515e+02
2.976666666666666856e+02
3.013333333333333144e+02
3.215333333333333599e+02
3.078000000000000114e+02
2.855333333333333599e+02
3.002666666666666515e+02
2.988000000000000114e+02
3.191999999999999886e+02
2.995333333333333599e+02
3.193999999999999773e+02
3.100000000000000000e+02
3.141999999999999886e+02
2.821333333333333258e+02
2.828666666666666742e+02
2.773333333333333144e+02
3.043999999999999773e+02
3.031999999999999886e+02
3.166666666666666856e+02
2.929333333333333371e+02
2.969333333333333371e+02
3.148666666666666742e+02
2.942666666666666515e+02
3.320666666666666629e+02
2.976000000000000227e+02
2.776666666666666856e+02
3.108000000000000114e+02
2.902666666666666515e+02
2.823333333333333144e+02
2.803333333333333144e+02
3.224666666666666401e+02
3.352666666666666515e+02
3.038000000000000114e+02
2.988666666666666742e+02
2.830666666666666629e+02
2.944666666666666401e+02
3.183333333333333144e+02
3.160000000000000000e+02
2.933333333333333144e+02
3.080666666666666629e+02
2.955333333333333599e+02
3.007333333333333485e+02
2.948000000000000114e+02
3.074666666666666401e+02
3.122666666666666515e+02
3.246666666666666856e+02
3.243999999999999773e+02
3.344666666666666401e+02
3.678666666666666742e+02
3.029333333333333371e+02
3.098000000000000114e+02
2.906000000000000227e+02
3.330000000000000000e+02
3.193333333333333144e+02
3.491999999999999886e+02
3.286000000000000227e+02
3.384666666666666401e+02
3.008000000000000114e+02
3.488666666666666742e+02
3.368666666666666742e+02
3.235333333333333599e+02
3.618666666666666742e+02
3.201333333333333258e+02
3.390666666666666629e+02
3.757333333333333485e+02
3.123333333333333144e+02
3.150000000000000000e+02
3.333999999999999773e+02
3.373999999999999773e+02
3.601999999999999886e+02
3.394666666666666401e+02
3.465333333333333599e+02
3.816666666666666856e+02
3.416666666666666856e+02
3.413333333333333144e+02
3.404666666666666401e+02
3.444666666666666401e+02
3.443999999999999773e+02
3.358666666666666742e+02
3.382666666666666515e+02
3.394666666666666401e+02
3.563333333333333144e+02
3.443999999999999773e+02
3.487333333333333485e+02
3.486000000000000227e+02
3.223999999999999773e+02
3.410000000000000000e+02
3.358666666666666742e+02
3.326000000000000227e+02
3.320666666666666629e+02
3.476000000000000227e+02
3.355333333333333599e+02
3.314666666666666401e+02
3.404666666666666401e+02
3.303999999999999773e+02
3.428666666666666742e+02
3.369333333333333371e+02
3.761999999999999886e+02
3.421999999999999886e+02
3.446666666666666856e+02
3.336666666666666856e+02
3.491333333333333258e+02
3.051333333333333258e+02
3.310666666666666629e+02
3.351999999999999886e+02
3.401333333333333258e+02
3.736666666666666856e+02
3.663999999999999773e+02
3.560666666666666629e+02
3.116666666666666856e+02
3.521333333333333258e+02
3.205333333333333599e+02
3.197333333333333485e+02
3.197333333333333485e+02
3.784666666666666401e+02
3.206666666666666856e+02
3.236000000000000227e+02
3.510666666666666629e+02
3.514666666666666401e+02
3.333999999999999773e+02
3.212666666666666515e+02
3.283999999999999773e+02
3.332666666666666515e+02
3.346666666666666856e+02
3.398666666666666742e+02
3.607333333333333485e+02
3.363333333333333144e+02
3.220000000000000000e+02
3.378000000000000114e+02
3.290666666666666629e+02
3.524666666666666401e+02
3.391999999999999886e+02
3.129333333333333371e+02
3.434666666666666401e+02
3.270000000000000000e+02
3.570000000000000000e+02
3.478666666666666742e+02
3.364666666666666401e+02
3.253999999999999773e+02
3.404666666666666401e+02
3.508000000000000114e+02
3.361333333333333258e+02
3.065333333333333599e+02
3.217333333333333485e+02
3.267333333333333485e+02
3.554666666666666401e+02
3.452666666666666515e+02
3.405333333333333599e+02
3.430666666666666629e+02
3.335333333333333599e+02
3.584666666666666401e+02
3.458666666666666742e+02
3.420666666666666629e+02
3.478666666666666742e+02
3.074666666666666401e+02
3.326000000000000227e+02
3.156000000000000227e+02
3.458000000000000114e+02
3.202666666666666515e+02
3.281333333333333258e+02
3.477333333333333485e+02
3.491333333333333258e+02
3.497333333333333485e+02
3.348666666666666742e+02
3.110666666666666629e+02
3.516666666666666856e+02
3.439333333333333371e+02
3.301333333333333258e+02
3.266000000000000227e+02
3.401999999999999886e+02
3.371999999999999886e+02
3.639333333333333371e+02
3.406000000000000227e+02
3.680666666666666629e+02
3.519333333333333371e+02
3.335333333333333599e+02
3.422666666666666515e+02
3.403999999999999773e+02
3.548666666666666742e+02
3.392666666666666515e+02
3.623333333333333144e+02
3.418666666666666742e+02
3.408666666666666742e+02
