1.900000000000000000e+01
2.173333333333333428e+01
2.286666666666666714e+01
1.953333333333333499e+01
2.473333333333333428e+01
2.073333333333333428e+01
2.433333333333333215e+01
2.066666666666666785e+01
1.913333333333333286e+01
2.419999999999999929e+01
1.819999999999999929e+01
2.206666666666666643e+01
1.919999999999999929e+01
2.506666666666666643e+01
1.693333333333333357e+01
1.780000000000000071e+01
1.826666666666666572e+01
1.519999999999999929e+01
1.639999999999999858e+01
1.886666666666666714e+01
1.900000000000000000e+01
2.113333333333333286e+01
2.100000000000000000e+01
1.746666666666666501e+01
2.026666666666666572e+01
2.026666666666666572e+01
1.653333333333333499e+01
2.266666666666666785e+01
1.580000000000000071e+01
1.800000000000000000e+01
1.466666666666666607e+01
1.846666666666666501e+01
1.846666666666666501e+01
2.146666666666666501e+01
1.619999999999999929e+01
1.473333333333333250e+01
2.200000000000000000e+01
1.900000000000000000e+01
1.713333333333333286e+01
1.966666666666666785e+01
2.719999999999999929e+01
1.973333333333333428e+01
2.293333333333333357e+01
1.913333333333333286e+01
1.839999999999999858e+01
2.219999999999999929e+01
2.519999999999999929e+01
1.540000000000000036e+01
1.713333333333333286e+01
1.900000000000000000e+01
1.846666666666666501e+01
2.066666666666666785e+01
1.813333333333333286e+01
1.526666666666666750e+01
1.493333333333333357e+01
2.473333333333333428e+01
1.993333333333333357e+01
1.540000000000000036e+01
2.333333333333333215e+01
1.446666666666666679e+01
1.866666666666666785e+01
1.793333333333333357e+01
1.586666666666666714e+01
1.666666666666666785e+01
1.946666666666666501e+01
1.706666666666666643e+01
1.553333333333333321e+01
1.860000000000000142e+01
1.713333333333333286e+01
1.773333333333333428e+01
1.806666666666666643e+01
1.540000000000000036e+01
1.613333333333333286e+01
1.960000000000000142e+01
1.773333333333333428e+01
1.713333333333333286e+01
1.493333333333333357e+01
1.693333333333333357e+01
2.106666666666666643e+01
1.593333333333333357e+01
1.486666666666666714e+01
1.513333333333333286e+01
1.440000000000000036e+01
1.373333333333333250e+01
1.506666666666666643e+01
1.819999999999999929e+01
1.546666666666666679e+01
1.660000000000000142e+01
2.193333333333333357e+01
1.733333333333333215e+01
1.393333333333333357e+01
1.806666666666666643e+01
1.666666666666666785e+01
1.646666666666666501e+01
2.006666666666666643e+01
1.673333333333333428e+01
1.380000000000000071e+01
1.486666666666666714e+01
1.646666666666666501e+01
1.440000000000000036e+01
1.766666666666666785e+01
1.533333333333333393e+01
1.473333333333333250e+01
1.673333333333333428e+01
1.813333333333333286e+01
1.519999999999999929e+01
1.580000000000000071e+01
1.446666666666666679e+01
1.619999999999999929e+01
1.453333333333333321e+01
1.500000000000000000e+01
2.226666666666666572e+01
1.406666666666666643e+01
1.593333333333333357e+01
1.913333333333333286e+01
1.513333333333333286e+01
1.606666666666666643e+01
2.113333333333333286e+01
1.466666666666666607e+01
1.613333333333333286e+01
1.860000000000000142e+01
1.786666666666666714e+01
1.346666666666666679e+01
1.553333333333333321e+01
1.980000000000000071e+01
1.453333333333333321e+01
1.919999999999999929e+01
1.593333333333333357e+01
1.400000000000000000e+01
1.519999999999999929e+01
1.639999999999999858e+01
1.386666666666666714e+01
1.500000000000000000e+01
1.493333333333333357e+01
1.746666666666666501e+01
1.766666666666666785e+01
1.366666666666666607e+01
1.380000000000000071e+01
1.860000000000000142e+01
1.600000000000000000e+01
1.926666666666666572e+01
2.546666666666666501e+01
1.626666666666666572e+01
1.886666666666666714e+01
1.980000000000000071e+01
1.833333333333333215e+01
1.786666666666666714e+01
1.559999999999999964e+01
2.233333333333333215e+01
1.860000000000000142e+01
2.419999999999999929e+01
2.033333333333333215e+01
2.060000000000000142e+01
1.733333333333333215e+01
1.780000000000000071e+01
1.713333333333333286e+01
1.519999999999999929e+01
1.886666666666666714e+01
1.980000000000000071e+01
2.339999999999999858e+01
2.133333333333333215e+01
1.926666666666666572e+01
1.839999999999999858e+01
1.873333333333333428e+01
2.086666666666666714e+01
1.600000000000000000e+01
1.580000000000000071e+01
1.413333333333333286e+01
2.073333333333333428e+01
2.153333333333333499e+01
1.733333333333333215e+01
1.660000000000000142e+01
1.666666666666666785e+01
1.786666666666666714e+01
2.533333333333333215e+01
1.986666666666666714e+01
2.393333333333333357e+01
1.793333333333333357e+01
2.226666666666666572e+01
2.433333333333333215e+01
2.273333333333333428e+01
1.766666666666666785e+01
1.753333333333333499e+01
2.333333333333333215e+01
1.800000000000000000e+01
1.686666666666666714e+01
1.673333333333333428e+01
2.066666666666666785e+01
1.626666666666666572e+01
1.960000000000000142e+01
2.260000000000000142e+01
1.513333333333333286e+01
2.400000000000000000e+01
1.873333333333333428e+01
1.980000000000000071e+01
1.633333333333333215e+01
1.846666666666666501e+01
2.066666666666666785e+01
2.039999999999999858e+01
1.673333333333333428e+01
1.660000000000000142e+01
2.113333333333333286e+01
2.066666666666666785e+01
2.233333333333333215e+01
1.866666666666666785e+01
1.393333333333333357e+01
1.773333333333333428e+01
1.486666666666666714e+01
2.086666666666666714e+01
2.333333333333333215e+01
2.073333333333333428e+01
2.066666666666666785e+01
1.559999999999999964e+01
1.773333333333333428e+01
1.719999999999999929e+01
1.886666666666666714e+01
1.639999999999999858e+01
1.853333333333333499e+01
2.113333333333333286e+01
1.819999999999999929e+01
1.766666666666666785e+01
2.033333333333333215e+01
1.939999999999999858e+01
1.646666666666666501e+01
2.113333333333333286e+01
1.900000000000000000e+01
1.566666666666666607e+01
2.386666666666666714e+01
1.493333333333333357e+01
1.833333333333333215e+01
1.613333333333333286e+01
1.833333333333333215e+01
1.860000000000000142e+01
1.739999999999999858e+01
1.646666666666666501e+01
2.000000000000000000e+01
1.433333333333333393e+01
1.819999999999999929e+01
1.706666666666666643e+01
2.006666666666666643e+01
2.800000000000000000e+01
2.526666666666666572e+01
1.633333333333333215e+01
2.119999999999999929e+01
1.846666666666666501e+01
1.966666666666666785e+01
2.566666666666666785e+01
2.546666666666666501e+01
2.526666666666666572e+01
2.186666666666666714e+01
2.786666666666666714e+01
2.433333333333333215e+01
2.226666666666666572e+01
2.413333333333333286e+01
2.400000000000000000e+01
2.460000000000000142e+01
2.500000000000000000e+01
1.906666666666666643e+01
3.046666666666666501e+01
3.066666666666666785e+01
2.686666666666666714e+01
2.360000000000000142e+01
3.213333333333333286e+01
3.139999999999999858e+01
3.420000000000000284e+01
2.839999999999999858e+01
3.226666666666666572e+01
2.880000000000000071e+01
2.113333333333333286e+01
2.113333333333333286e+01
2.460000000000000142e+01
2.660000000000000142e+01
2.846666666666666501e+01
2.926666666666666572e+01
3.026666666666666572e+01
2.593333333333333357e+01
3.060000000000000142e+01
3.033333333333333215e+01
3.733333333333333570e+01
2.539999999999999858e+01
2.360000000000000142e+01
3.786666666666666714e+01
2.333333333333333215e+01
3.920000000000000284e+01
2.846666666666666501e+01
3.073333333333333428e+01
3.119999999999999929e+01
3.479999999999999716e+01
2.673333333333333428e+01
3.220000000000000284e+01
3.546666666666666856e+01
2.966666666666666785e+01
2.773333333333333428e+01
2.960000000000000142e+01
2.846666666666666501e+01
3.733333333333333570e+01
2.680000000000000071e+01
2.426666666666666572e+01
3.766666666666666430e+01
3.239999999999999858e+01
3.473333333333333428e+01
2.413333333333333286e+01
3.839999999999999858e+01
2.913333333333333286e+01
2.573333333333333428e+01
3.013333333333333286e+01
3.260000000000000142e+01
3.946666666666666856e+01
4.546666666666666856e+01
4.093333333333333002e+01
3.113333333333333286e+01
2.480000000000000071e+01
2.733333333333333215e+01
3.939999999999999858e+01
2.913333333333333286e+01
4.339999999999999858e+01
2.666666666666666785e+01
4.286666666666666714e+01
3.526666666666666572e+01
4.939999999999999858e+01
5.333333333333333570e+01
3.566666666666666430e+01
3.913333333333333286e+01
3.386666666666666714e+01
4.186666666666666714e+01
4.413333333333333286e+01
2.806666666666666643e+01
3.433333333333333570e+01
4.560000000000000142e+01
4.513333333333333286e+01
3.113333333333333286e+01
3.453333333333333144e+01
4.193333333333333002e+01
4.139999999999999858e+01
3.546666666666666856e+01
4.613333333333333286e+01
4.453333333333333144e+01
5.939999999999999858e+01
4.826666666666666572e+01
4.733333333333333570e+01
3.779999999999999716e+01
5.993333333333333002e+01
4.593333333333333002e+01
4.666666666666666430e+01
4.193333333333333002e+01
4.053333333333333144e+01
4.653333333333333144e+01
3.826666666666666572e+01
4.633333333333333570e+01
5.286666666666666714e+01
5.439999999999999858e+01
6.473333333333333428e+01
8.013333333333333997e+01
6.286666666666666714e+01
5.039999999999999858e+01
4.773333333333333428e+01
5.626666666666666572e+01
4.520000000000000284e+01
5.573333333333333428e+01
6.400000000000000000e+01
6.093333333333333002e+01
5.966666666666666430e+01
5.026666666666666572e+01
4.639999999999999858e+01
6.626666666666666572e+01
5.873333333333333428e+01
6.726666666666666572e+01
5.853333333333333144e+01
4.579999999999999716e+01
5.179999999999999716e+01
4.933333333333333570e+01
6.913333333333333997e+01
5.246666666666666856e+01
7.673333333333333428e+01
7.526666666666666572e+01
6.813333333333333997e+01
7.433333333333332860e+01
6.806666666666666288e+01
7.653333333333333144e+01
8.100000000000000000e+01
7.979999999999999716e+01
6.753333333333333144e+01
6.286666666666666714e+01
7.433333333333332860e+01
7.333333333333332860e+01
7.073333333333333428e+01
9.986666666666666003e+01
7.359999999999999432e+01
8.526666666666666572e+01
7.220000000000000284e+01
7.459999999999999432e+01
8.693333333333333712e+01
7.493333333333333712e+01
1.012666666666666657e+02
9.159999999999999432e+01
8.320000000000000284e+01
8.713333333333333997e+01
9.186666666666666003e+01
1.027333333333333343e+02
9.466666666666667140e+01
8.946666666666666856e+01
9.113333333333333997e+01
8.159999999999999432e+01
8.686666666666666003e+01
1.058666666666666600e+02
1.080666666666666629e+02
8.466666666666667140e+01
9.166666666666667140e+01
1.052666666666666657e+02
1.160000000000000000e+02
1.050666666666666629e+02
1.049333333333333371e+02
9.806666666666666288e+01
1.143333333333333286e+02
1.145999999999999943e+02
1.269333333333333371e+02
1.169333333333333371e+02
1.225333333333333314e+02
1.332666666666666799e+02
1.093333333333333286e+02
1.020000000000000000e+02
1.074000000000000057e+02
1.171333333333333400e+02
1.140000000000000000e+02
9.826666666666666572e+01
1.288000000000000114e+02
1.228666666666666600e+02
9.700000000000000000e+01
1.107333333333333343e+02
1.421999999999999886e+02
1.395999999999999943e+02
1.335999999999999943e+02
1.234666666666666686e+02
1.239333333333333371e+02
1.326666666666666572e+02
1.275333333333333314e+02
1.398000000000000114e+02
1.257333333333333343e+02
1.294666666666666686e+02
1.381333333333333258e+02
1.579333333333333371e+02
1.669333333333333371e+02
1.573333333333333428e+02
1.634666666666666686e+02
1.688666666666666742e+02
1.780000000000000000e+02
2.123333333333333428e+02
1.745333333333333314e+02
1.984000000000000057e+02
1.579333333333333371e+02
1.834000000000000057e+02
1.798666666666666742e+02
2.016666666666666572e+02
1.820666666666666629e+02
1.653333333333333428e+02
1.856666666666666572e+02
1.763333333333333428e+02
2.138666666666666742e+02
1.969333333333333371e+02
1.615333333333333314e+02
2.320666666666666629e+02
1.865999999999999943e+02
2.271999999999999886e+02
1.970666666666666629e+02
1.744666666666666686e+02
2.002666666666666799e+02
1.760000000000000000e+02
1.998000000000000114e+02
2.105999999999999943e+02
2.196666666666666572e+02
1.983333333333333428e+02
2.173333333333333428e+02
1.941999999999999886e+02
2.003333333333333428e+02
2.080000000000000000e+02
1.932666666666666799e+02
1.905999999999999943e+02
2.336666666666666572e+02
2.239333333333333371e+02
2.189333333333333371e+02
2.014666666666666686e+02
2.154666666666666686e+02
2.541333333333333258e+02
2.658000000000000114e+02
2.371999999999999886e+02
2.511999999999999886e+02
2.324666666666666686e+02
2.400666666666666629e+02
2.628000000000000114e+02
2.384000000000000057e+02
2.498000000000000114e+02
2.430666666666666629e+02
2.275333333333333314e+02
2.656666666666666856e+02
2.495333333333333314e+02
2.615333333333333599e+02
2.408000000000000114e+02
2.647333333333333485e+02
2.558666666666666742e+02
2.628666666666666742e+02
2.888000000000000114e+02
2.435999999999999943e+02
2.774666666666666401e+02
2.720000000000000000e+02
2.640666666666666629e+02
2.491999999999999886e+02
2.646000000000000227e+02
2.730000000000000000e+02
2.776666666666666856e+02
2.663999999999999773e+02
2.439333333333333371e+02
2.702666666666666515e+02
2.938666666666666742e+02
2.806666666666666856e+02
2.638666666666666742e+02
2.522666666666666799e+02
2.370666666666666629e+02
2.686000000000000227e+02
2.755333333333333599e+02
2.304000000000000057e+02
2.848000000000000114e+02
2.535333333333333314e+02
2.538000000000000114e+02
2.560666666666666629e+02
2.464000000000000057e+02
2.781999999999999886e+02
2.445333333333333314e+02
2.541999999999999886e+02
2.794666666666666401e+02
2.632666666666666515e+02
2.935333333333333599e+02
2.735333333333333599e+02
2.810000000000000000e+02
2.716000000000000227e+02
2.650666666666666629e+02
2.749333333333333371e+02
2.426666666666666572e+02
2.894666666666666401e+02
2.701999999999999886e+02
2.511333333333333258e+02
2.467333333333333201e+02
2.540666666666666629e+02
2.518000000000000114e+02
2.822666666666666515e+02
2.690000000000000000e+02
2.770000000000000000e+02
2.726000000000000227e+02
2.916666666666666856e+02
2.548000000000000114e+02
2.714666666666666401e+02
2.557333333333333201e+02
2.638666666666666742e+02
2.524000000000000057e+02
2.783333333333333144e+02
2.718000000000000114e+02
2.494000000000000057e+02
3.010000000000000000e+02
2.611999999999999886e+02
2.516666666666666572e+02
2.677333333333333485e+02
2.914666666666666401e+02
2.634666666666666401e+02
2.738000000000000114e+02
2.619333333333333371e+02
2.502666666666666799e+02
2.352666666666666799e+02
2.429333333333333371e+02
2.630666666666666629e+02
2.620666666666666629e+02
2.658000000000000114e+02
2.903999999999999773e+02
2.477333333333333201e+02
2.768000000000000114e+02
2.547333333333333201e+02
2.798666666666666742e+02
2.653333333333333144e+02
2.566000000000000227e+02
2.510666666666666629e+02
2.576000000000000227e+02
2.169333333333333371e+02
2.489333333333333371e+02
2.565333333333333599e+02
2.295333333333333314e+02
2.659333333333333371e+02
2.766666666666666856e+02
2.427333333333333201e+02
2.560666666666666629e+02
2.758000000000000114e+02
2.398000000000000114e+02
2.550666666666666629e+02
2.421333333333333258e+02
2.541333333333333258e+02
2.431333333333333258e+02
2.530000000000000000e+02
2.448666666666666742e+02
2.497333333333333201e+02
2.753333333333333144e+02
2.753333333333333144e+02
2.524000000000000057e+02
2.410000000000000000e+02
2.866000000000000227e+02
2.620000000000000000e+02
2.489333333333333371e+02
2.509333333333333371e+02
2.548000000000000114e+02
2.461999999999999886e+02
2.753999999999999773e+02
2.740000000000000000e+02
2.563333333333333144e+02
2.427333333333333201e+02
2.416666666666666572e+02
2.707333333333333485e+02
2.448666666666666742e+02
2.494666666666666686e+02
2.742666666666666515e+02
2.862666666666666515e+02
2.400666666666666629e+02
2.637333333333333485e+02
2.554000000000000057e+02
2.493333333333333428e+02
2.567333333333333485e+02
2.585333333333333599e+02
2.620666666666666629e+02
2.800666666666666629e+02
2.582666666666666515e+02
2.618000000000000114e+02
2.962666666666666515e+02
2.495999999999999943e+02
2.553333333333333428e+02
2.573333333333333144e+02
2.545333333333333314e+02
2.381999999999999886e+02
2.355999999999999943e+02
2.550666666666666629e+02
2.445999999999999943e+02
2.613333333333333144e+02
2.865333333333333599e+02
2.770666666666666629e+02
2.618000000000000114e+02
2.738666666666666742e+02
2.549333333333333371e+02
2.910666666666666629e+02
2.670666666666666629e+02
2.749333333333333371e+02
2.893333333333333144e+02
2.616666666666666856e+02
2.641333333333333258e+02
2.801999999999999886e+02
2.628000000000000114e+02
2.718666666666666742e+02
2.672666666666666515e+02
2.688666666666666742e+02
2.643333333333333144e+02
2.951333333333333258e+02
2.676000000000000227e+02
2.591333333333333258e+02
2.942666666666666515e+02
2.831999999999999886e+02
2.856666666666666856e+02
2.505999999999999943e+02
2.856000000000000227e+02
2.855333333333333599e+02
3.076000000000000227e+02
2.586666666666666856e+02
2.551333333333333258e+02
2.847333333333333485e+02
2.925333333333333599e+02
2.776000000000000227e+02
2.852666666666666515e+02
3.042666666666666515e+02
3.063999999999999773e+02
2.828666666666666742e+02
2.842666666666666515e+02
2.878666666666666742e+02
2.500666666666666629e+02
2.679333333333333371e+02
2.751333333333333258e+02
3.240666666666666629e+02
2.836666666666666856e+02
3.039333333333333371e+02
2.640666666666666629e+02
2.786666666666666856e+02
2.813333333333333144e+02
2.653333333333333144e+02
2.623333333333333144e+02
2.968000000000000114e+02
2.611333333333333258e+02
3.061999999999999886e+02
2.926000000000000227e+02
2.771333333333333258e+02
2.853333333333333144e+02
3.235333333333333599e+02
3.000666666666666629e+02
3.045333333333333599e+02
2.907333333333333485e+02
2.863999999999999773e+02
2.608666666666666742e+02
2.890666666666666629e+02
2.809333333333333371e+02
2.648000000000000114e+02
