1.953333333333333499e+01
1.780000000000000071e+01
2.146666666666666501e+01
2.153333333333333499e+01
1.813333333333333286e+01
2.073333333333333428e+01
1.960000000000000142e+01
2.706666666666666643e+01
2.000000000000000000e+01
2.213333333333333286e+01
3.139999999999999858e+01
2.073333333333333428e+01
2.393333333333333357e+01
2.066666666666666785e+01
2.593333333333333357e+01
1.866666666666666785e+01
1.546666666666666679e+01
1.693333333333333357e+01
2.139999999999999858e+01
2.706666666666666643e+01
2.073333333333333428e+01
1.873333333333333428e+01
1.919999999999999929e+01
2.293333333333333357e+01
1.886666666666666714e+01
2.433333333333333215e+01
1.766666666666666785e+01
2.186666666666666714e+01
1.786666666666666714e+01
1.633333333333333215e+01
2.213333333333333286e+01
1.893333333333333357e+01
2.446666666666666501e+01
1.853333333333333499e+01
1.846666666666666501e+01
1.433333333333333393e+01
1.793333333333333357e+01
1.873333333333333428e+01
1.806666666666666643e+01
2.260000000000000142e+01
2.319999999999999929e+01
1.686666666666666714e+01
2.519999999999999929e+01
1.666666666666666785e+01
1.853333333333333499e+01
2.200000000000000000e+01
1.200000000000000000e+01
1.386666666666666714e+01
1.906666666666666643e+01
1.540000000000000036e+01
1.833333333333333215e+01
2.433333333333333215e+01
1.806666666666666643e+01
1.613333333333333286e+01
1.500000000000000000e+01
2.146666666666666501e+01
1.500000000000000000e+01
1.326666666666666750e+01
1.839999999999999858e+01
1.986666666666666714e+01
1.600000000000000000e+01
2.319999999999999929e+01
1.666666666666666785e+01
1.700000000000000000e+01
1.633333333333333215e+01
1.973333333333333428e+01
1.719999999999999929e+01
1.306666666666666643e+01
1.886666666666666714e+01
1.739999999999999858e+01
1.573333333333333250e+01
1.293333333333333357e+01
1.519999999999999929e+01
1.473333333333333250e+01
1.706666666666666643e+01
2.100000000000000000e+01
1.619999999999999929e+01
1.493333333333333357e+01
1.486666666666666714e+01
2.060000000000000142e+01
1.540000000000000036e+01
1.453333333333333321e+01
1.586666666666666714e+01
1.639999999999999858e+01
1.313333333333333286e+01
1.480000000000000071e+01
1.566666666666666607e+01
1.686666666666666714e+01
1.619999999999999929e+01
1.906666666666666643e+01
1.893333333333333357e+01
1.419999999999999929e+01
1.440000000000000036e+01
1.593333333333333357e+01
1.366666666666666607e+01
1.700000000000000000e+01
1.580000000000000071e+01
1.660000000000000142e+01
1.453333333333333321e+01
1.880000000000000071e+01
1.660000000000000142e+01
1.806666666666666643e+01
1.780000000000000071e+01
1.606666666666666643e+01
1.566666666666666607e+01
1.706666666666666643e+01
1.526666666666666750e+01
1.519999999999999929e+01
1.526666666666666750e+01
1.459999999999999964e+01
1.466666666666666607e+01
1.413333333333333286e+01
1.459999999999999964e+01
1.446666666666666679e+01
2.033333333333333215e+01
1.480000000000000071e+01
2.139999999999999858e+01
1.540000000000000036e+01
1.833333333333333215e+01
1.839999999999999858e+01
1.753333333333333499e+01
1.700000000000000000e+01
1.813333333333333286e+01
1.340000000000000036e+01
1.900000000000000000e+01
1.619999999999999929e+01
2.180000000000000071e+01
1.993333333333333357e+01
1.586666666666666714e+01
1.733333333333333215e+01
1.860000000000000142e+01
1.653333333333333499e+01
1.593333333333333357e+01
1.586666666666666714e+01
1.593333333333333357e+01
1.913333333333333286e+01
1.873333333333333428e+01
1.853333333333333499e+01
1.319999999999999929e+01
1.826666666666666572e+01
1.726666666666666572e+01
2.086666666666666714e+01
1.860000000000000142e+01
1.673333333333333428e+01
1.846666666666666501e+01
1.726666666666666572e+01
1.773333333333333428e+01
1.493333333333333357e+01
1.746666666666666501e+01
1.800000000000000000e+01
1.506666666666666643e+01
1.986666666666666714e+01
1.813333333333333286e+01
1.586666666666666714e+01
1.719999999999999929e+01
1.433333333333333393e+01
2.293333333333333357e+01
1.786666666666666714e+01
1.839999999999999858e+01
2.093333333333333357e+01
2.039999999999999858e+01
1.366666666666666607e+01
2.026666666666666572e+01
1.786666666666666714e+01
1.606666666666666643e+01
1.359999999999999964e+01
1.853333333333333499e+01
1.686666666666666714e+01
1.613333333333333286e+01
1.666666666666666785e+01
1.733333333333333215e+01
1.573333333333333250e+01
2.046666666666666501e+01
1.559999999999999964e+01
2.273333333333333428e+01
1.526666666666666750e+01
1.359999999999999964e+01
1.800000000000000000e+01
1.493333333333333357e+01
1.819999999999999929e+01
1.973333333333333428e+01
1.513333333333333286e+01
1.526666666666666750e+01
1.559999999999999964e+01
1.313333333333333286e+01
1.433333333333333393e+01
1.973333333333333428e+01
1.566666666666666607e+01
1.246666666666666679e+01
1.453333333333333321e+01
1.666666666666666785e+01
1.760000000000000142e+01
1.819999999999999929e+01
1.373333333333333250e+01
1.926666666666666572e+01
1.580000000000000071e+01
1.326666666666666750e+01
1.666666666666666785e+01
1.486666666666666714e+01
1.586666666666666714e+01
1.919999999999999929e+01
1.559999999999999964e+01
1.313333333333333286e+01
1.526666666666666750e+01
1.800000000000000000e+01
1.846666666666666501e+01
1.906666666666666643e+01
1.719999999999999929e+01
1.980000000000000071e+01
2.046666666666666501e+01
1.919999999999999929e+01
1.933333333333333215e+01
2.000000000000000000e+01
1.660000000000000142e+01
2.393333333333333357e+01
1.973333333333333428e+01
1.706666666666666643e+01
1.833333333333333215e+01
2.206666666666666643e+01
2.439999999999999858e+01
2.180000000000000071e+01
1.906666666666666643e+01
2.780000000000000071e+01
2.639999999999999858e+01
2.360000000000000142e+01
1.973333333333333428e+01
1.540000000000000036e+01
2.039999999999999858e+01
1.780000000000000071e+01
2.633333333333333215e+01
2.373333333333333428e+01
2.073333333333333428e+01
1.939999999999999858e+01
1.853333333333333499e+01
4.079999999999999716e+01
2.273333333333333428e+01
2.353333333333333499e+01
3.293333333333333002e+01
2.686666666666666714e+01
3.726666666666666572e+01
3.220000000000000284e+01
2.706666666666666643e+01
2.393333333333333357e+01
2.666666666666666785e+01
2.966666666666666785e+01
3.373333333333333428e+01
3.279999999999999716e+01
2.246666666666666501e+01
2.260000000000000142e+01
3.019999999999999929e+01
2.526666666666666572e+01
2.219999999999999929e+01
2.760000000000000142e+01
3.220000000000000284e+01
2.526666666666666572e+01
3.160000000000000142e+01
3.080000000000000071e+01
3.306666666666666998e+01
3.180000000000000071e+01
4.073333333333333428e+01
3.260000000000000142e+01
3.019999999999999929e+01
3.913333333333333286e+01
2.746666666666666501e+01
2.573333333333333428e+01
3.326666666666666572e+01
4.579999999999999716e+01
3.233333333333333570e+01
2.719999999999999929e+01
4.206666666666666998e+01
3.846666666666666856e+01
3.119999999999999929e+01
4.966666666666666430e+01
4.273333333333333428e+01
4.986666666666666714e+01
3.993333333333333002e+01
4.326666666666666572e+01
4.320000000000000284e+01
2.233333333333333215e+01
3.820000000000000284e+01
4.313333333333333286e+01
4.473333333333333428e+01
3.920000000000000284e+01
4.973333333333333428e+01
3.113333333333333286e+01
4.353333333333333144e+01
4.406666666666666998e+01
3.606666666666666998e+01
3.706666666666666998e+01
3.060000000000000142e+01
3.093333333333333357e+01
3.053333333333333499e+01
4.713333333333333286e+01
4.606666666666666998e+01
3.686666666666666714e+01
5.553333333333333144e+01
3.286666666666666714e+01
4.426666666666666572e+01
3.693333333333333002e+01
4.379999999999999716e+01
4.553333333333333144e+01
4.046666666666666856e+01
3.566666666666666430e+01
3.853333333333333144e+01
4.000000000000000000e+01
3.180000000000000071e+01
4.320000000000000284e+01
3.726666666666666572e+01
4.033333333333333570e+01
4.266666666666666430e+01
4.079999999999999716e+01
5.700000000000000000e+01
4.266666666666666430e+01
4.020000000000000284e+01
4.993333333333333002e+01
4.239999999999999858e+01
3.166666666666666785e+01
3.193333333333333357e+01
3.279999999999999716e+01
4.226666666666666572e+01
3.779999999999999716e+01
3.579999999999999716e+01
4.806666666666666998e+01
3.360000000000000142e+01
5.013333333333333286e+01
4.600000000000000000e+01
4.033333333333333570e+01
4.193333333333333002e+01
2.680000000000000071e+01
4.360000000000000142e+01
3.313333333333333286e+01
4.813333333333333286e+01
4.553333333333333144e+01
5.860000000000000142e+01
5.453333333333333144e+01
5.366666666666666430e+01
6.420000000000000284e+01
5.000000000000000000e+01
6.753333333333333144e+01
5.213333333333333286e+01
6.146666666666666856e+01
5.360000000000000142e+01
6.033333333333333570e+01
5.120000000000000284e+01
6.146666666666666856e+01
6.820000000000000284e+01
6.820000000000000284e+01
6.786666666666666003e+01
5.533333333333333570e+01
6.793333333333333712e+01
6.206666666666666998e+01
5.579999999999999716e+01
6.526666666666666572e+01
4.720000000000000284e+01
4.213333333333333286e+01
6.946666666666666856e+01
4.273333333333333428e+01
5.446666666666666856e+01
6.593333333333333712e+01
7.979999999999999716e+01
6.606666666666666288e+01
5.433333333333333570e+01
6.446666666666666856e+01
8.973333333333333428e+01
1.004666666666666686e+02
8.146666666666666856e+01
7.653333333333333144e+01
7.386666666666666003e+01
7.720000000000000284e+01
9.453333333333333144e+01
7.286666666666666003e+01
9.453333333333333144e+01
9.813333333333333997e+01
8.153333333333333144e+01
1.085333333333333314e+02
9.273333333333333428e+01
8.640000000000000568e+01
1.056666666666666714e+02
1.090666666666666629e+02
9.140000000000000568e+01
1.060666666666666629e+02
1.124000000000000057e+02
9.693333333333333712e+01
1.027999999999999972e+02
1.155333333333333314e+02
1.311999999999999886e+02
1.157333333333333343e+02
1.145333333333333314e+02
1.198666666666666600e+02
1.030000000000000000e+02
1.268666666666666600e+02
1.029333333333333371e+02
1.132000000000000028e+02
1.308666666666666742e+02
1.283333333333333428e+02
1.305999999999999943e+02
1.182666666666666657e+02
1.340000000000000000e+02
1.226666666666666714e+02
1.188666666666666600e+02
1.338666666666666742e+02
1.081333333333333400e+02
1.318666666666666742e+02
1.233333333333333286e+02
1.162666666666666657e+02
1.262666666666666657e+02
1.454666666666666686e+02
1.436666666666666572e+02
1.564000000000000057e+02
1.635999999999999943e+02
1.427333333333333201e+02
1.620000000000000000e+02
1.571333333333333258e+02
1.667333333333333201e+02
1.642666666666666799e+02
1.580666666666666629e+02
1.510666666666666629e+02
1.456666666666666572e+02
1.836666666666666572e+02
1.885333333333333314e+02
1.670666666666666629e+02
1.827333333333333201e+02
1.824666666666666686e+02
1.925999999999999943e+02
1.893333333333333428e+02
1.860000000000000000e+02
1.840666666666666629e+02
1.946666666666666572e+02
1.739333333333333371e+02
2.094666666666666686e+02
2.080666666666666629e+02
2.205333333333333314e+02
1.785999999999999943e+02
2.260000000000000000e+02
1.850000000000000000e+02
2.018666666666666742e+02
2.208000000000000114e+02
1.807333333333333201e+02
2.021999999999999886e+02
1.964666666666666686e+02
2.135333333333333314e+02
2.167333333333333201e+02
2.266666666666666572e+02
2.210666666666666629e+02
2.420666666666666629e+02
2.576000000000000227e+02
2.222666666666666799e+02
1.948000000000000114e+02
2.484666666666666686e+02
2.479333333333333371e+02
2.569333333333333371e+02
2.220666666666666629e+02
2.061333333333333258e+02
2.530666666666666629e+02
2.364666666666666686e+02
2.464000000000000057e+02
2.538666666666666742e+02
2.651333333333333258e+02
2.379333333333333371e+02
2.503333333333333428e+02
2.344000000000000057e+02
2.370000000000000000e+02
2.556666666666666572e+02
2.538666666666666742e+02
2.401999999999999886e+02
2.401999999999999886e+02
2.250000000000000000e+02
2.679333333333333371e+02
2.182666666666666799e+02
3.031999999999999886e+02
2.467333333333333201e+02
2.632666666666666515e+02
2.510000000000000000e+02
3.056666666666666856e+02
2.528666666666666742e+02
2.579333333333333371e+02
2.338666666666666742e+02
2.584666666666666401e+02
2.338666666666666742e+02
3.124666666666666401e+02
2.790000000000000000e+02
2.846000000000000227e+02
2.601333333333333258e+02
2.783999999999999773e+02
2.733999999999999773e+02
2.611333333333333258e+02
2.714666666666666401e+02
2.613333333333333144e+02
2.523333333333333428e+02
2.575333333333333599e+02
2.797333333333333485e+02
2.676000000000000227e+02
3.281333333333333258e+02
2.920000000000000000e+02
3.038666666666666742e+02
2.623333333333333144e+02
2.953999999999999773e+02
3.021999999999999886e+02
2.765333333333333599e+02
2.932666666666666515e+02
2.550666666666666629e+02
2.864666666666666401e+02
2.693333333333333144e+02
2.872666666666666515e+02
2.932666666666666515e+02
3.088666666666666742e+02
2.830000000000000000e+02
2.987333333333333485e+02
3.088000000000000114e+02
2.686000000000000227e+02
2.931999999999999886e+02
2.936000000000000227e+02
3.106666666666666856e+02
3.103333333333333144e+02
2.850000000000000000e+02
2.901333333333333258e+02
3.110000000000000000e+02
3.108000000000000114e+02
2.777333333333333485e+02
2.916000000000000227e+02
2.792666666666666515e+02
2.655333333333333599e+02
2.672666666666666515e+02
2.541999999999999886e+02
2.789333333333333371e+02
2.828000000000000114e+02
2.582666666666666515e+02
2.953333333333333144e+02
2.675333333333333599e+02
2.751333333333333258e+02
2.690666666666666629e+02
2.807333333333333485e+02
2.814666666666666401e+02
2.578666666666666742e+02
2.806000000000000227e+02
2.806666666666666856e+02
2.866666666666666856e+02
3.033999999999999773e+02
2.773333333333333144e+02
2.630000000000000000e+02
2.905333333333333599e+02
2.701999999999999886e+02
2.678000000000000114e+02
2.862666666666666515e+02
2.754666666666666401e+02
2.579333333333333371e+02
2.649333333333333371e+02
3.030666666666666629e+02
2.784666666666666401e+02
2.660666666666666629e+02
2.703333333333333144e+02
2.666000000000000227e+02
2.891999999999999886e+02
2.524666666666666686e+02
2.860666666666666629e+02
2.636666666666666856e+02
2.850000000000000000e+02
3.030000000000000000e+02
2.941999999999999886e+02
2.783999999999999773e+02
2.971999999999999886e+02
2.455333333333333314e+02
2.820000000000000000e+02
2.718666666666666742e+02
2.681999999999999886e+02
2.750666666666666629e+02
2.773333333333333144e+02
2.691333333333333258e+02
2.567333333333333485e+02
2.843999999999999773e+02
2.821999999999999886e+02
2.881333333333333258e+02
2.836000000000000227e+02
2.710666666666666629e+02
2.749333333333333371e+02
2.731333333333333258e+02
2.797333333333333485e+02
2.902666666666666515e+02
2.853333333333333144e+02
2.789333333333333371e+02
2.869333333333333371e+02
2.897333333333333485e+02
2.706666666666666856e+02
2.867333333333333485e+02
2.561999999999999886e+02
2.723999999999999773e+02
2.834666666666666401e+02
2.835333333333333599e+02
2.736666666666666856e+02
2.636000000000000227e+02
2.903333333333333144e+02
2.440666666666666629e+02
2.832666666666666515e+02
2.891333333333333258e+02
2.600666666666666629e+02
2.603333333333333144e+02
2.808000000000000114e+02
2.809333333333333371e+02
2.817333333333333485e+02
2.843999999999999773e+02
2.767333333333333485e+02
2.733333333333333144e+02
3.000000000000000000e+02
2.900000000000000000e+02
3.210000000000000000e+02
2.789333333333333371e+02
2.621333333333333258e+02
3.035333333333333599e+02
2.880666666666666629e+02
2.861999999999999886e+02
3.012666666666666515e+02
3.024666666666666401e+02
2.966666666666666856e+02
2.711999999999999886e+02
3.261333333333333258e+02
3.161333333333333258e+02
2.884666666666666401e+02
2.772666666666666515e+02
2.929333333333333371e+02
2.920000000000000000e+02
2.880666666666666629e+02
2.990666666666666629e+02
2.788000000000000114e+02
2.827333333333333485e+02
2.845333333333333599e+02
2.661999999999999886e+02
2.918000000000000114e+02
2.828666666666666742e+02
3.203999999999999773e+02
2.954666666666666401e+02
2.845333333333333599e+02
3.032666666666666515e+02
2.919333333333333371e+02
2.806666666666666856e+02
2.808666666666666742e+02
2.681999999999999886e+02
2.616666666666666856e+02
2.941999999999999886e+02
3.163999999999999773e+02
2.860666666666666629e+02
2.813999999999999773e+02
2.846666666666666856e+02
2.940000000000000000e+02
3.136666666666666856e+02
2.839333333333333371e+02
2.966666666666666856e+02
2.991333333333333258e+02
3.203999999999999773e+02
2.816000000000000227e+02
2.788000000000000114e+02
2.740000000000000000e+02
3.050000000000000000e+02
2.763333333333333144e+02
2.831999999999999886e+02
3.100666666666666629e+02
3.056666666666666856e+02
3.156000000000000227e+02
3.192666666666666515e+02
2.959333333333333371e+02
2.951999999999999886e+02
2.866000000000000227e+02
3.022666666666666515e+02
3.006000000000000227e+02
3.063999999999999773e+02
2.780666666666666629e+02
3.170000000000000000e+02
3.162666666666666515e+02
2.983999999999999773e+02
3.188666666666666742e+02
3.085333333333333599e+02
2.911999999999999886e+02
3.331333333333333258e+02
3.180000000000000000e+02
2.678666666666666742e+02
3.148666666666666742e+02
3.303999999999999773e+02
3.118000000000000114e+02
3.298666666666666742e+02
2.998666666666666742e+02
2.940666666666666629e+02
3.286666666666666856e+02
3.019333333333333371e+02
3.069333333333333371e+02
3.113333333333333144e+02
2.959333333333333371e+02
3.103999999999999773e+02
2.919333333333333371e+02
2.879333333333333371e+02
3.053999999999999773e+02
3.083333333333333144e+02
2.786000000000000227e+02
2.856000000000000227e+02
3.244666666666666401e+02
2.816000000000000227e+02
2.923333333333333144e+02
2.621333333333333258e+02
2.962666666666666515e+02
2.903333333333333144e+02
3.081333333333333258e+02
3.078666666666666742e+02
