2.400000000000000000e+01
2.433333333333333215e+01
2.239999999999999858e+01
2.180000000000000071e+01
3.066666666666666785e+01
2.473333333333333428e+01
2.913333333333333286e+01
2.300000000000000000e+01
2.639999999999999858e+01
1.973333333333333428e+01
1.726666666666666572e+01
1.886666666666666714e+01
2.000000000000000000e+01
1.926666666666666572e+01
1.866666666666666785e+01
1.800000000000000000e+01
2.213333333333333286e+01
2.319999999999999929e+01
1.900000000000000000e+01
1.519999999999999929e+01
1.926666666666666572e+01
2.266666666666666785e+01
1.839999999999999858e+01
2.306666666666666643e+01
2.419999999999999929e+01
2.133333333333333215e+01
2.126666666666666572e+01
2.233333333333333215e+01
2.180000000000000071e+01
2.039999999999999858e+01
1.726666666666666572e+01
2.300000000000000000e+01
1.733333333333333215e+01
1.546666666666666679e+01
2.600000000000000000e+01
1.646666666666666501e+01
1.926666666666666572e+01
1.726666666666666572e+01
1.753333333333333499e+01
1.686666666666666714e+01
1.793333333333333357e+01
1.993333333333333357e+01
1.513333333333333286e+01
1.826666666666666572e+01
1.706666666666666643e+01
2.119999999999999929e+01
1.540000000000000036e+01
1.660000000000000142e+01
1.826666666666666572e+01
1.486666666666666714e+01
1.660000000000000142e+01
1.846666666666666501e+01
2.133333333333333215e+01
2.160000000000000142e+01
1.933333333333333215e+01
1.680000000000000071e+01
1.753333333333333499e+01
1.973333333333333428e+01
1.573333333333333250e+01
1.833333333333333215e+01
1.846666666666666501e+01
1.760000000000000142e+01
2.153333333333333499e+01
1.753333333333333499e+01
1.786666666666666714e+01
1.580000000000000071e+01
1.673333333333333428e+01
1.653333333333333499e+01
2.186666666666666714e+01
1.706666666666666643e+01
1.893333333333333357e+01
1.400000000000000000e+01
1.486666666666666714e+01
1.286666666666666714e+01
1.433333333333333393e+01
2.080000000000000071e+01
1.373333333333333250e+01
1.826666666666666572e+01
1.473333333333333250e+01
1.746666666666666501e+01
1.700000000000000000e+01
1.440000000000000036e+01
1.519999999999999929e+01
1.459999999999999964e+01
1.580000000000000071e+01
1.619999999999999929e+01
2.146666666666666501e+01
1.613333333333333286e+01
1.913333333333333286e+01
1.639999999999999858e+01
1.533333333333333393e+01
1.419999999999999929e+01
2.539999999999999858e+01
1.653333333333333499e+01
1.719999999999999929e+01
1.753333333333333499e+01
1.559999999999999964e+01
1.673333333333333428e+01
1.593333333333333357e+01
1.866666666666666785e+01
1.533333333333333393e+01
1.846666666666666501e+01
1.819999999999999929e+01
1.466666666666666607e+01
1.413333333333333286e+01
1.926666666666666572e+01
1.860000000000000142e+01
1.819999999999999929e+01
1.900000000000000000e+01
1.639999999999999858e+01
1.459999999999999964e+01
1.419999999999999929e+01
1.653333333333333499e+01
1.380000000000000071e+01
1.913333333333333286e+01
1.680000000000000071e+01
1.639999999999999858e+01
1.733333333333333215e+01
2.086666666666666714e+01
1.680000000000000071e+01
1.440000000000000036e+01
1.739999999999999858e+01
1.673333333333333428e+01
1.346666666666666679e+01
1.786666666666666714e+01
1.573333333333333250e+01
1.386666666666666714e+01
1.626666666666666572e+01
1.433333333333333393e+01
1.393333333333333357e+01
1.573333333333333250e+01
1.933333333333333215e+01
1.666666666666666785e+01
1.600000000000000000e+01
1.413333333333333286e+01
1.353333333333333321e+01
2.100000000000000000e+01
1.673333333333333428e+01
1.766666666666666785e+01
1.459999999999999964e+01
2.133333333333333215e+01
2.066666666666666785e+01
1.606666666666666643e+01
1.559999999999999964e+01
1.713333333333333286e+01
1.746666666666666501e+01
1.639999999999999858e+01
1.586666666666666714e+01
1.993333333333333357e+01
1.540000000000000036e+01
1.966666666666666785e+01
1.746666666666666501e+01
2.006666666666666643e+01
2.100000000000000000e+01
2.286666666666666714e+01
1.786666666666666714e+01
2.493333333333333357e+01
1.939999999999999858e+01
1.986666666666666714e+01
1.573333333333333250e+01
1.533333333333333393e+01
1.860000000000000142e+01
1.893333333333333357e+01
1.813333333333333286e+01
1.866666666666666785e+01
2.233333333333333215e+01
2.406666666666666643e+01
1.373333333333333250e+01
2.119999999999999929e+01
2.260000000000000142e+01
2.413333333333333286e+01
1.719999999999999929e+01
2.786666666666666714e+01
2.393333333333333357e+01
1.939999999999999858e+01
2.053333333333333499e+01
2.066666666666666785e+01
2.139999999999999858e+01
1.786666666666666714e+01
1.953333333333333499e+01
1.873333333333333428e+01
1.513333333333333286e+01
1.786666666666666714e+01
1.800000000000000000e+01
2.413333333333333286e+01
2.393333333333333357e+01
2.100000000000000000e+01
2.006666666666666643e+01
2.139999999999999858e+01
1.846666666666666501e+01
2.866666666666666785e+01
2.480000000000000071e+01
1.739999999999999858e+01
1.293333333333333357e+01
1.506666666666666643e+01
1.693333333333333357e+01
1.673333333333333428e+01
1.693333333333333357e+01
1.753333333333333499e+01
1.380000000000000071e+01
1.919999999999999929e+01
1.746666666666666501e+01
1.366666666666666607e+01
1.406666666666666643e+01
1.773333333333333428e+01
1.766666666666666785e+01
1.440000000000000036e+01
1.253333333333333321e+01
2.246666666666666501e+01
2.153333333333333499e+01
1.900000000000000000e+01
1.359999999999999964e+01
1.559999999999999964e+01
1.426666666666666750e+01
1.566666666666666607e+01
1.393333333333333357e+01
1.753333333333333499e+01
1.666666666666666785e+01
1.553333333333333321e+01
1.933333333333333215e+01
1.540000000000000036e+01
1.673333333333333428e+01
1.900000000000000000e+01
1.319999999999999929e+01
1.546666666666666679e+01
1.486666666666666714e+01
1.813333333333333286e+01
1.440000000000000036e+01
1.506666666666666643e+01
1.693333333333333357e+01
1.739999999999999858e+01
1.746666666666666501e+01
1.846666666666666501e+01
2.539999999999999858e+01
1.526666666666666750e+01
1.886666666666666714e+01
1.473333333333333250e+01
1.866666666666666785e+01
1.766666666666666785e+01
1.519999999999999929e+01
2.006666666666666643e+01
1.646666666666666501e+01
1.913333333333333286e+01
1.746666666666666501e+01
1.893333333333333357e+01
1.980000000000000071e+01
2.293333333333333357e+01
1.786666666666666714e+01
1.860000000000000142e+01
2.339999999999999858e+01
2.086666666666666714e+01
2.200000000000000000e+01
2.873333333333333428e+01
3.086666666666666714e+01
2.800000000000000000e+01
2.300000000000000000e+01
2.300000000000000000e+01
2.586666666666666714e+01
2.473333333333333428e+01
2.519999999999999929e+01
3.093333333333333357e+01
2.660000000000000142e+01
3.026666666666666572e+01
2.719999999999999929e+01
2.746666666666666501e+01
2.319999999999999929e+01
2.913333333333333286e+01
2.746666666666666501e+01
1.753333333333333499e+01
2.126666666666666572e+01
2.700000000000000000e+01
2.706666666666666643e+01
2.486666666666666714e+01
2.733333333333333215e+01
3.413333333333333286e+01
2.480000000000000071e+01
2.393333333333333357e+01
2.480000000000000071e+01
2.553333333333333499e+01
2.553333333333333499e+01
2.839999999999999858e+01
2.726666666666666572e+01
3.286666666666666714e+01
3.366666666666666430e+01
2.233333333333333215e+01
3.039999999999999858e+01
3.026666666666666572e+01
3.720000000000000284e+01
3.000000000000000000e+01
3.693333333333333002e+01
3.700000000000000000e+01
3.306666666666666998e+01
3.560000000000000142e+01
2.633333333333333215e+01
2.780000000000000071e+01
2.833333333333333215e+01
4.453333333333333144e+01
3.226666666666666572e+01
3.226666666666666572e+01
3.986666666666666714e+01
3.706666666666666998e+01
2.386666666666666714e+01
3.320000000000000284e+01
4.266666666666666430e+01
3.893333333333333002e+01
4.126666666666666572e+01
3.080000000000000071e+01
3.946666666666666856e+01
4.533333333333333570e+01
4.926666666666666572e+01
2.673333333333333428e+01
2.453333333333333499e+01
4.906666666666666998e+01
3.860000000000000142e+01
3.933333333333333570e+01
4.733333333333333570e+01
3.860000000000000142e+01
4.646666666666666856e+01
3.686666666666666714e+01
4.460000000000000142e+01
4.039999999999999858e+01
6.253333333333333144e+01
4.446666666666666856e+01
4.220000000000000284e+01
4.186666666666666714e+01
3.080000000000000071e+01
3.879999999999999716e+01
4.020000000000000284e+01
5.566666666666666430e+01
4.020000000000000284e+01
4.633333333333333570e+01
3.866666666666666430e+01
3.146666666666666501e+01
5.093333333333333002e+01
4.179999999999999716e+01
5.253333333333333144e+01
5.346666666666666856e+01
4.813333333333333286e+01
4.060000000000000142e+01
5.113333333333333286e+01
6.233333333333333570e+01
4.979999999999999716e+01
4.613333333333333286e+01
5.560000000000000142e+01
4.920000000000000284e+01
4.939999999999999858e+01
4.893333333333333002e+01
5.333333333333333570e+01
4.079999999999999716e+01
4.820000000000000284e+01
5.200000000000000000e+01
4.526666666666666572e+01
7.766666666666667140e+01
5.326666666666666572e+01
5.300000000000000000e+01
5.806666666666666998e+01
6.693333333333333712e+01
7.526666666666666572e+01
5.113333333333333286e+01
6.500000000000000000e+01
7.933333333333332860e+01
7.213333333333333997e+01
5.900000000000000000e+01
6.186666666666666714e+01
5.586666666666666714e+01
8.446666666666666856e+01
6.793333333333333712e+01
7.293333333333333712e+01
7.279999999999999716e+01
9.500000000000000000e+01
8.873333333333333428e+01
9.733333333333332860e+01
8.866666666666667140e+01
1.046666666666666714e+02
9.793333333333333712e+01
9.693333333333333712e+01
1.215333333333333314e+02
1.134000000000000057e+02
1.074000000000000057e+02
1.027333333333333343e+02
8.946666666666666856e+01
1.086666666666666714e+02
1.130666666666666629e+02
1.162666666666666657e+02
1.404000000000000057e+02
1.154000000000000057e+02
1.427333333333333201e+02
1.205333333333333314e+02
1.506666666666666572e+02
1.155999999999999943e+02
1.205333333333333314e+02
1.330000000000000000e+02
1.302666666666666799e+02
1.501333333333333258e+02
1.412666666666666799e+02
1.393333333333333428e+02
1.574666666666666686e+02
1.438000000000000114e+02
1.423333333333333428e+02
1.550666666666666629e+02
1.595333333333333314e+02
1.454666666666666686e+02
1.646666666666666572e+02
1.614000000000000057e+02
1.675999999999999943e+02
1.547333333333333201e+02
1.481333333333333258e+02
1.826666666666666572e+02
1.558666666666666742e+02
1.735333333333333314e+02
1.781333333333333258e+02
1.588000000000000114e+02
1.777333333333333201e+02
1.903333333333333428e+02
2.066666666666666572e+02
1.628000000000000114e+02
1.644000000000000057e+02
1.952666666666666799e+02
1.810000000000000000e+02
2.094666666666666686e+02
2.228000000000000114e+02
1.773333333333333428e+02
1.971333333333333258e+02
1.721333333333333258e+02
2.110666666666666629e+02
1.789333333333333371e+02
2.018666666666666742e+02
1.891999999999999886e+02
1.957333333333333201e+02
1.861333333333333258e+02
1.898000000000000114e+02
1.842666666666666799e+02
1.934000000000000057e+02
1.895999999999999943e+02
2.050666666666666629e+02
1.853333333333333428e+02
1.840666666666666629e+02
2.058666666666666742e+02
1.901333333333333258e+02
1.661999999999999886e+02
1.894666666666666686e+02
1.986666666666666572e+02
2.234666666666666686e+02
2.115333333333333314e+02
2.075333333333333314e+02
2.461999999999999886e+02
2.060666666666666629e+02
2.076666666666666572e+02
2.061333333333333258e+02
2.371333333333333258e+02
2.238000000000000114e+02
2.574666666666666401e+02
2.109333333333333371e+02
2.305333333333333314e+02
2.623333333333333144e+02
2.414000000000000057e+02
2.471999999999999886e+02
2.402666666666666799e+02
2.347333333333333201e+02
2.383333333333333428e+02
2.119333333333333371e+02
2.305999999999999943e+02
2.508000000000000114e+02
2.286666666666666572e+02
2.648000000000000114e+02
2.511999999999999886e+02
2.620000000000000000e+02
2.698666666666666742e+02
2.460000000000000000e+02
2.498666666666666742e+02
2.381333333333333258e+02
2.481999999999999886e+02
2.763999999999999773e+02
2.480000000000000000e+02
2.570666666666666629e+02
2.637333333333333485e+02
2.874666666666666401e+02
2.484666666666666686e+02
2.661333333333333258e+02
2.678000000000000114e+02
2.846666666666666856e+02
2.806000000000000227e+02
2.674666666666666401e+02
2.796000000000000227e+02
2.740666666666666629e+02
2.960666666666666629e+02
2.714666666666666401e+02
3.074666666666666401e+02
2.975333333333333599e+02
2.945333333333333599e+02
3.026666666666666856e+02
2.757333333333333485e+02
2.890000000000000000e+02
2.866000000000000227e+02
2.998666666666666742e+02
2.988000000000000114e+02
3.041333333333333258e+02
2.822666666666666515e+02
3.088000000000000114e+02
2.678000000000000114e+02
3.041999999999999886e+02
2.710666666666666629e+02
2.772666666666666515e+02
2.901333333333333258e+02
3.003999999999999773e+02
2.786666666666666856e+02
3.053999999999999773e+02
3.034666666666666401e+02
2.940000000000000000e+02
2.956000000000000227e+02
2.949333333333333371e+02
3.079333333333333371e+02
2.728000000000000114e+02
2.816000000000000227e+02
2.762666666666666515e+02
2.805333333333333599e+02
2.979333333333333371e+02
2.842666666666666515e+02
2.844666666666666401e+02
3.293999999999999773e+02
3.032666666666666515e+02
2.958666666666666742e+02
2.676000000000000227e+02
2.916666666666666856e+02
2.760000000000000000e+02
2.648666666666666742e+02
2.875333333333333599e+02
2.791333333333333258e+02
2.924666666666666401e+02
2.661333333333333258e+02
2.469333333333333371e+02
2.432666666666666799e+02
2.525999999999999943e+02
2.876666666666666856e+02
3.062666666666666515e+02
2.930666666666666629e+02
2.690666666666666629e+02
2.780666666666666629e+02
2.698666666666666742e+02
2.666666666666666856e+02
2.778000000000000114e+02
2.831999999999999886e+02
2.671999999999999886e+02
2.811333333333333258e+02
2.544000000000000057e+02
2.908000000000000114e+02
2.768000000000000114e+02
2.632666666666666515e+02
2.718000000000000114e+02
3.120000000000000000e+02
2.750000000000000000e+02
2.777333333333333485e+02
2.500666666666666629e+02
2.685333333333333599e+02
2.868000000000000114e+02
2.776000000000000227e+02
2.563999999999999773e+02
2.582666666666666515e+02
2.641999999999999886e+02
2.943999999999999773e+02
2.815333333333333599e+02
3.091333333333333258e+02
2.863999999999999773e+02
3.078000000000000114e+02
2.544000000000000057e+02
2.668666666666666742e+02
2.886666666666666856e+02
2.774666666666666401e+02
2.739333333333333371e+02
2.701999999999999886e+02
3.026000000000000227e+02
3.259333333333333371e+02
2.696000000000000227e+02
2.603999999999999773e+02
3.077333333333333485e+02
2.911999999999999886e+02
2.512666666666666799e+02
3.015333333333333599e+02
2.776666666666666856e+02
2.771999999999999886e+02
2.792666666666666515e+02
2.926000000000000227e+02
3.206666666666666856e+02
2.696000000000000227e+02
2.769333333333333371e+02
2.853999999999999773e+02
2.733999999999999773e+02
2.923333333333333144e+02
2.871999999999999886e+02
3.007333333333333485e+02
2.730666666666666629e+02
2.675333333333333599e+02
3.238000000000000114e+02
2.593999999999999773e+02
2.899333333333333371e+02
2.986666666666666856e+02
2.784666666666666401e+02
2.782666666666666515e+02
2.995333333333333599e+02
2.908666666666666742e+02
2.953333333333333144e+02
2.948000000000000114e+02
2.598000000000000114e+02
3.211999999999999886e+02
2.755333333333333599e+02
2.720666666666666629e+02
2.636000000000000227e+02
3.010000000000000000e+02
2.886666666666666856e+02
2.878000000000000114e+02
2.628666666666666742e+02
2.883333333333333144e+02
2.867333333333333485e+02
2.680666666666666629e+02
2.786000000000000227e+02
2.648000000000000114e+02
2.673999999999999773e+02
2.789333333333333371e+02
2.911999999999999886e+02
2.757333333333333485e+02
2.540666666666666629e+02
2.772666666666666515e+02
2.773333333333333144e+02
2.918666666666666742e+02
2.856666666666666856e+02
2.963999999999999773e+02
2.819333333333333371e+02
2.870666666666666629e+02
2.739333333333333371e+02
2.888000000000000114e+02
2.861333333333333258e+02
2.693333333333333144e+02
2.690000000000000000e+02
2.661333333333333258e+02
2.967333333333333485e+02
2.743333333333333144e+02
2.947333333333333485e+02
2.553333333333333428e+02
2.663999999999999773e+02
2.808666666666666742e+02
2.997333333333333485e+02
2.773333333333333144e+02
3.101999999999999886e+02
2.737333333333333485e+02
2.783333333333333144e+02
2.848666666666666742e+02
2.858000000000000114e+02
3.076666666666666856e+02
2.944666666666666401e+02
2.630000000000000000e+02
2.850000000000000000e+02
3.131999999999999886e+02
2.841333333333333258e+02
2.958000000000000114e+02
2.810000000000000000e+02
2.803333333333333144e+02
3.133333333333333144e+02
2.695333333333333599e+02
2.863333333333333144e+02
2.910666666666666629e+02
3.060666666666666629e+02
2.983333333333333144e+02
2.931999999999999886e+02
2.725333333333333599e+02
2.917333333333333485e+02
3.198000000000000114e+02
3.186000000000000227e+02
3.306000000000000227e+02
3.302666666666666515e+02
3.029333333333333371e+02
3.158000000000000114e+02
2.699333333333333371e+02
3.337333333333333485e+02
2.811333333333333258e+02
2.957333333333333485e+02
2.920666666666666629e+02
3.230666666666666629e+02
2.816666666666666856e+02
2.916666666666666856e+02
2.780666666666666629e+02
2.591333333333333258e+02
2.760666666666666629e+02
3.439333333333333371e+02
3.334666666666666401e+02
2.726000000000000227e+02
2.918666666666666742e+02
2.977333333333333485e+02
2.910000000000000000e+02
2.989333333333333371e+02
3.118000000000000114e+02
3.501333333333333258e+02
3.069333333333333371e+02
3.026000000000000227e+02
2.967333333333333485e+02
2.965333333333333599e+02
3.041333333333333258e+02
3.099333333333333371e+02
3.145333333333333599e+02
3.173333333333333144e+02
3.246666666666666856e+02
