8.678453523269888947e+00
7.764878191789831519e+00
1.117656277911753726e+01
9.858104392946049899e+00
9.803854117415026437e+00
1.074223233576501890e+01
8.762039336440652804e+00
1.920231467529081115e+01
8.485281374238569541e+00
1.520467764282499523e+01
1.993924104205908066e+01
1.155547008515399554e+01
2.042373347086396151e+01
8.055363982396380962e+00
1.710542474057734452e+01
1.067499674733231707e+01
5.031456603763521329e+00
1.093292682171104957e+01
1.476843480761135474e+01
1.727991769527724131e+01
1.016180211489193574e+01
1.077321782116291438e+01
7.713192162349733039e+00
1.220091071282067041e+01
1.076331217092995551e+01
2.463240864299623567e+01
1.007086005375023774e+01
1.425420016073235274e+01
7.597075460699041827e+00
7.639080805669983043e+00
1.419326914029635844e+01
8.932835807041097809e+00
1.108672880319328158e+01
1.028828891939222778e+01
9.756137669294249193e+00
4.784233364802441990e+00
8.314378442727326401e+00
1.115028649357893897e+01
7.343629136121246681e+00
1.945867415832846703e+01
1.064706532336493261e+01
7.246761728907302746e+00
1.398189305256385140e+01
4.908043285148257162e+00
1.080041151479372807e+01
1.872253544083528709e+01
3.577708763999663422e+00
4.224794538067961902e+00
8.652295777550731870e+00
6.129709074118716572e+00
9.910712498212335575e+00
1.441604044882721070e+01
8.713718430663735859e+00
6.097722707882199167e+00
5.125101625008685602e+00
7.649546101276568422e+00
5.633234713140695682e+00
5.131168374638361840e+00
9.141845182091705269e+00
1.147092944020763383e+01
6.335087476375786508e+00
1.475669339655737211e+01
6.915361322607967764e+00
1.009290179614696648e+01
5.815687596683836169e+00
8.119660638776037942e+00
7.431464638055318872e+00
3.974362282877034858e+00
8.349584154648395540e+00
8.081254028099021269e+00
1.256167009420146741e+01
3.108411527166604404e+00
5.576139644353728997e+00
7.243080989621904386e+00
1.085336609331665336e+01
1.077651768120543352e+01
7.687218829546440091e+00
5.915704147061070728e+00
4.349201714746691039e+00
1.320504953922299229e+01
6.926278462012144921e+00
3.981066300488964593e+00
5.771962885843563207e+00
1.055651457631731738e+01
5.302410353372846608e+00
5.821798118565546964e+00
7.471427053931680717e+00
8.114732829174901241e+00
8.447484832777149677e+00
1.104817732579551937e+01
6.707872654989476047e+00
1.085786964985918956e+01
5.339163480046913435e+00
6.923069325731822765e+00
4.975495508545411560e+00
5.738757124441957735e+00
5.491812087098392858e+00
1.052489113166180701e+01
6.375648115202790400e+00
1.059056183589898126e+01
4.868949236402723812e+00
7.270641114937680172e+00
6.513575566972925834e+00
7.224649164876836061e+00
8.715248450592532947e+00
6.423567717571149416e+00
7.343629136121246681e+00
5.294021785624485332e+00
6.038395666252934113e+00
3.808761828556186391e+00
7.086763875156434800e+00
4.978174587358524583e+00
4.936935621752964742e+00
5.097275960964074315e+00
1.279930553671652227e+01
5.503937984146745066e+00
1.058804357124897066e+01
4.827697864061779143e+00
8.259674462242578841e+00
7.821338333899980455e+00
1.001243671085559939e+01
4.396968652757639262e+00
8.484233743964283647e+00
3.072458299147443395e+00
6.366579406033771704e+00
6.123180001709351394e+00
1.119047213779055383e+01
1.438734011398755719e+01
5.402057221302105638e+00
8.638415492567038001e+00
1.198777154715031479e+01
5.976249288270659044e+00
6.526527066944221467e+00
6.417337627258068444e+00
6.201791855764123618e+00
9.127735510823894671e+00
1.128696396536976465e+01
1.070119411820734889e+01
2.454927018602929500e+00
7.741375129063885474e+00
6.454627969311804492e+00
1.309893973656731703e+01
7.106804251326095390e+00
7.514134828589531523e+00
1.058216528987438387e+01
8.266129014774019623e+00
8.675380235022682740e+00
5.195724738239657192e+00
7.031990393116936744e+00
1.305373509766457651e+01
4.918897798852457370e+00
7.446401069569707154e+00
8.065289138579528228e+00
8.228946199578386356e+00
6.635259351876658940e+00
6.331578704311342065e+00
1.779687862769448969e+01
6.162971866090435569e+00
1.020326745051146133e+01
1.734922348566515993e+01
1.190965994476752421e+01
4.391911757866828303e+00
2.067032225733847284e+01
1.093536566476961269e+01
5.824850975680742060e+00
6.322446783748624455e+00
8.460627767619978812e+00
6.621849355647475122e+00
7.553071487076557844e+00
7.124293337276024651e+00
9.624043964063247358e+00
5.982938705649218925e+00
8.333599995733470323e+00
6.560487786742689842e+00
1.424765087849767653e+01
5.221323799787005449e+00
4.062839729384690735e+00
1.171893055416463092e+01
1.040170926124911155e+01
8.810599676904329769e+00
8.119660638776037942e+00
6.227537412350264034e+00
4.725345372445159953e+00
8.784835418682204633e+00
3.575223380744512625e+00
4.570436400267363197e+00
6.835853193924579685e+00
8.435375246872871102e+00
4.014418457953225605e+00
6.344201201797504019e+00
7.568942389058651798e+00
6.631239200431042313e+00
8.650240844431248632e+00
5.118159391378463319e+00
1.230970710004462099e+01
4.901700385240480351e+00
3.855155278613588976e+00
4.376706016578626901e+00
6.323149707402333952e+00
7.464285334548482531e+00
1.223764683262268171e+01
5.713142742834279808e+00
4.964764736509565068e+00
6.990151802516325397e+00
7.229568912920511181e+00
1.530083512608235274e+01
1.022719685718210769e+01
5.166559138666016793e+00
1.561281524901899331e+01
1.237668058173201047e+01
1.359999999999999787e+01
8.971560003081341605e+00
9.777525249264252594e+00
6.258860386151246402e+00
1.270415505083102836e+01
1.103005993738122115e+01
7.397897599243240307e+00
8.178562764256865236e+00
1.516780215529666798e+01
1.847448691213552152e+01
1.453822547630899997e+01
1.309690379016693029e+01
1.653763384929456137e+01
2.789695323866030563e+01
1.355876100534263351e+01
1.036961372901078171e+01
5.148462553682087162e+00
1.321009714826755932e+01
5.764257685657943497e+00
2.173680953794481852e+01
1.463542126334447424e+01
9.929529473019130137e+00
6.385400013572628986e+00
8.381461023526201259e+00
2.613860491048951573e+01
1.458522844829277609e+01
1.104455622568069728e+01
1.920578616516965909e+01
1.777213799431258323e+01
2.260521080537749583e+01
2.513483638299640788e+01
1.274606693149781833e+01
1.327386739257084614e+01
1.844149909548811195e+01
1.817935336828262649e+01
2.577975088234088119e+01
1.784077726258957952e+01
9.485895963071818926e+00
7.012370022562509853e+00
1.834920525072771014e+01
1.149763260656538577e+01
1.101029820970652295e+01
1.335065541462290817e+01
2.932848444771737562e+01
1.379597364773102619e+01
1.502353708907016205e+01
3.049415244490873889e+01
2.314149711857227487e+01
1.501199520383616637e+01
1.726447862584393533e+01
1.958843196038587209e+01
1.563415065383043512e+01
2.126614419420899083e+01
1.613223136732451479e+01
1.208010301648495499e+01
1.922660194163862712e+01
2.976620007099775478e+01
1.462721967960950487e+01
1.356564287701348448e+01
2.980708342361295493e+01
2.340617202553396936e+01
1.642843064121869290e+01
3.344581023420157351e+01
3.290687196046172858e+01
3.916097831033108889e+01
2.679917079977579064e+01
3.305846672521612817e+01
3.260102247885281912e+01
1.276279314605109683e+01
1.748980655505753035e+01
4.014285601310510998e+01
2.204681886854024597e+01
2.239999999999999858e+01
4.075858464449203211e+01
2.146273255876074870e+01
2.585051041834356056e+01
2.626649746138393837e+01
2.247210616643565828e+01
1.380080512949234617e+01
1.725804160384370078e+01
1.394975109296060367e+01
1.920717458543956724e+01
3.875713554373640335e+01
3.674682148008027838e+01
2.063610643723492544e+01
3.776394517996703826e+01
1.551715896104123082e+01
2.516999977927868315e+01
2.071864431429388276e+01
2.751532906096769437e+01
3.975737527665639703e+01
2.239900791453843709e+01
1.866785710489795136e+01
2.100116398890520841e+01
2.124774497838927445e+01
2.121697433660134635e+01
3.360595185380113747e+01
1.931654443447090586e+01
2.922936118965920116e+01
3.001703220210522716e+01
2.832242927434015201e+01
3.398823325799680362e+01
3.919807251497054068e+01
2.334152237251603879e+01
3.829615588483464705e+01
2.905580836941213008e+01
1.736151555084469678e+01
2.122723617326465728e+01
1.563841424185969231e+01
2.019724953771896381e+01
2.267803636414170043e+01
1.778088861671429299e+01
4.121563888730695169e+01
1.981514572240133631e+01
3.210579733042339967e+01
3.076578185798848253e+01
1.748014746950252629e+01
5.447747750727410221e+01
1.320202004745233459e+01
3.372793105622302079e+01
1.980527426946895275e+01
6.222525389439743293e+01
4.453293412994726452e+01
3.974216903995049677e+01
4.601574609727510534e+01
3.361877782166125428e+01
3.060108930523007587e+01
3.069853416695982773e+01
5.331774772270695451e+01
5.028832424684238589e+01
6.457643188931666600e+01
3.115937526117406975e+01
3.449379976491749034e+01
4.881830257871188650e+01
4.665599878067366291e+01
6.310013206536628161e+01
7.401819596108333599e+01
4.873584124873829637e+01
7.401771559716107163e+01
5.811421704043014813e+01
5.964390627344553764e+01
4.691439011646640012e+01
5.292947089182820264e+01
2.987797405001438733e+01
2.711178505537561989e+01
6.741203321531121162e+01
3.919433065579198683e+01
4.623831984644579052e+01
7.990282987618287791e+01
6.459845199383650538e+01
6.389414857576726803e+01
3.908224945192154109e+01
4.196485301879286567e+01
1.114740428181476659e+02
1.025090998670632985e+02
7.871286778891717972e+01
4.859748507438996512e+01
6.172397337249837079e+01
6.819892472270610995e+01
6.431471233102284657e+01
7.948238099660130729e+01
8.083882455575140114e+01
7.180145464326533045e+01
6.772677133568052454e+01
1.335663963061900574e+02
7.814300281464034015e+01
7.497003845981851100e+01
1.192094328855266667e+02
1.109134597582978472e+02
6.414338105629710185e+01
9.800439899424017653e+01
8.597348428440014345e+01
7.024193113012262302e+01
7.217959083656080566e+01
7.745352728500419914e+01
1.002385155516580824e+02
8.686270136766924566e+01
7.034189521346593210e+01
1.035334835800584017e+02
7.210917648491995635e+01
8.125832606912078404e+01
6.360027952419356723e+01
6.969189335927099194e+01
7.693795480053319125e+01
7.983037572809543292e+01
7.508288753104798730e+01
7.281251418693233290e+01
6.865857557508748243e+01
9.133941585585539258e+01
7.158385913660207223e+01
8.405781079444999193e+01
7.294643392395698811e+01
8.356304339971242712e+01
9.483576446795915160e+01
9.281125410686405530e+01
1.135402816429286332e+02
1.132630370224794802e+02
9.903041059302049121e+01
8.506530824411716196e+01
9.597902548647455490e+01
1.231641001085769034e+02
1.240816935194981454e+02
9.419898560435186141e+01
1.009735718998898335e+02
1.132033372103294369e+02
1.251508245633599046e+02
9.859646150964151445e+01
9.030811456096044765e+01
7.947550286443966172e+01
1.319615432195641347e+02
9.855317797457821882e+01
1.230346653951189779e+02
1.389661189722956181e+02
1.214939230304682098e+02
1.043440889024811469e+02
1.016930020535664312e+02
8.314282223312417841e+01
1.234669546432926808e+02
1.160031417199072621e+02
1.145320139621329645e+02
8.373328025476024550e+01
9.277202643517543379e+01
1.203659974134445036e+02
1.123708147162776498e+02
5.417748609893227751e+01
1.160579548712146192e+02
1.029201632334500260e+02
1.073663303316681805e+02
9.461515030198211207e+01
6.952780419052190553e+01
9.779356943185079842e+01
1.152200599818548028e+02
7.009295415533733831e+01
9.710232861379908798e+01
1.014189112323513058e+02
1.121884129489315711e+02
9.503996820051844452e+01
7.866909600768694588e+01
1.074329972070447781e+02
1.084702519382874613e+02
1.013663104235765786e+02
7.196709124469477104e+01
8.379567742763080673e+01
1.065548163570698961e+02
1.110782707023395375e+02
1.119361722887944097e+02
1.296121736394986783e+02
8.780043026976323972e+01
1.042979492714129179e+02
8.877662354972105163e+01
7.558906446481968544e+01
9.037772586944934972e+01
9.187721274735221755e+01
1.117114537050202898e+02
8.757564349368684020e+01
8.031039783241021723e+01
6.741908730718128595e+01
7.607843905397172080e+01
7.009561723499948016e+01
9.616804736155005173e+01
7.757015462720754329e+01
9.713321894296628045e+01
9.342305211598829828e+01
1.217438111591532106e+02
7.389981205809810660e+01
1.098850712739855737e+02
5.284047270374816918e+01
5.592240656083708927e+01
1.022903492786858948e+02
9.665599941142930618e+01
6.757612990792927121e+01
1.018474676497489924e+02
7.065113036761847809e+01
9.035028131297286791e+01
8.286921422739970922e+01
8.135016219337788357e+01
9.616573656395965486e+01
1.065493104414831720e+02
6.481837873799545946e+01
8.895307127294081795e+01
1.162786691052528738e+02
6.932128100374372082e+01
8.514291253859921937e+01
6.862166810369252801e+01
9.603670594563772056e+01
7.854821590731530989e+01
7.854748033302320209e+01
8.600790661328760223e+01
9.360688483700805307e+01
5.899544238517262329e+01
5.180150147974048735e+01
7.740358877697826756e+01
8.329198974424585344e+01
6.467402020045521738e+01
8.186368072730557799e+01
8.700334604038066288e+01
1.051177117965061711e+02
1.025062382925492415e+02
1.041090453963215197e+02
6.540315996443392521e+01
5.645198549800234389e+01
8.979146210340194045e+01
1.022973878237150132e+02
8.274915239579328841e+01
8.714967967047651598e+01
6.136108068003873228e+01
1.031658858344171819e+02
1.066828321083887658e+02
6.940842087880179179e+01
9.983172508443061588e+01
9.463929181664218504e+01
7.030018176047309453e+01
7.270072596305730883e+01
4.311875075494032217e+01
6.982403279355580139e+01
8.897130623596200394e+01
6.817083116863268799e+01
6.565532897048207417e+01
7.314266121005503862e+01
9.492514009587881674e+01
8.268935172613755924e+01
8.070808853860656029e+01
7.587346191009227425e+01
7.758768516258807324e+01
7.432343730838431384e+01
8.546630265133087789e+01
6.547637402571675125e+01
6.377125789361013375e+01
5.247687321308522712e+01
5.340911283042748181e+01
8.574681076025834159e+01
4.217613859360132267e+01
5.593710754052268896e+01
1.018099318446988377e+02
6.500242730510574063e+01
6.167167547225838575e+01
5.883589229562361567e+01
1.029242223947091759e+02
8.920378666601298789e+01
7.325614119118083067e+01
7.103488970608425745e+01
5.199333290592809931e+01
6.230484197342396868e+01
4.398464378494941229e+01
7.532106094726907486e+01
6.601986233113655089e+01
7.625833287800968208e+01
8.742768440259641238e+01
8.144298619279624063e+01
5.799172354741665458e+01
7.448686685136739527e+01
4.522516506941191494e+01
9.419766451457276446e+01
7.629055569917477442e+01
6.836880380212406294e+01
8.648812378330077877e+01
9.535664050756447807e+01
7.014353537964532848e+01
4.710480041590477640e+01
8.342725374040948338e+01
7.574536289437129710e+01
7.550529046953525381e+01
6.882906362867360883e+01
5.309798071071587344e+01
8.223338062422637051e+01
7.545406255169801568e+01
8.310833625789626922e+01
7.441367855143002430e+01
5.673055222325581326e+01
8.285848712647901948e+01
1.037480709325345600e+02
8.459508785318973878e+01
5.188662854938853997e+01
1.004526201195811979e+02
5.024499975121902651e+01
8.018545171455149045e+01
9.335728264159267553e+01
8.519379215777533432e+01
8.583446601194391690e+01
5.970348956858942557e+01
7.138782965059395735e+01
5.164038040999396628e+01
6.506147520273080431e+01
1.063985380016515450e+02
7.437155967766770459e+01
5.032384016436831331e+01
7.008490089408226709e+01
8.673904669883236807e+01
4.738279106267262364e+01
6.752954908778822585e+01
7.914582883653579870e+01
6.323255139210780840e+01
9.509153484932294020e+01
9.238903253813914773e+01
9.781342784437455862e+01
4.999528866692229911e+01
7.500743666834347323e+01
7.641541438450462920e+01
7.604513279771573764e+01
8.777638254868637091e+01
1.218460595268563509e+02
8.520239954889115097e+01
5.695339225093523083e+01
6.541274085884695921e+01
1.133018779877701405e+02
9.213024596853207981e+01
7.693275563041329690e+01
5.685240149330154225e+01
4.665971376775568302e+01
8.390550240200778376e+01
8.089043344068706176e+01
7.137363347592412310e+01
7.986421810381250452e+01
6.578800971470577963e+01
6.355980560770218091e+01
5.272469377183079331e+01
7.734528643255083580e+01
7.222914154888516691e+01
8.547810635868501095e+01
8.066628099081356140e+01
7.454561616144096092e+01
7.799783472778088367e+01
7.604951603323250708e+01
7.317801734279373704e+01
7.190722417733067573e+01
5.705459373851211780e+01
5.633431951799502713e+01
9.407103698801240910e+01
8.883903046146627958e+01
5.900222218037404076e+01
7.989977054618701402e+01
8.340237140247006664e+01
8.263655365514706830e+01
9.274169624404237311e+01
8.387011121702148841e+01
7.566211440050797421e+01
7.540545220487854294e+01
7.510685721024411521e+01
6.827962116668975057e+01
5.922859669675338523e+01
6.104643041707407036e+01
9.295088308707275360e+01
5.141033186259569021e+01
8.875524397652982600e+01
9.059541317797986437e+01
6.218538592163131540e+01
8.303637757031552269e+01
8.153483236561469027e+01
8.002121940807671763e+01
8.808268842400303811e+01
3.149349139107952311e+01
7.402834292050278009e+01
8.842231995750091755e+01
8.028598881498564310e+01
6.895260852369708005e+01
7.852133468045484221e+01
9.073512121677153175e+01
8.798318021076528339e+01
7.795884954398840705e+01
9.120955115678523839e+01
7.657519180517930124e+01
7.755330783116575333e+01
1.047371312699878558e+02
5.258753548978017278e+01
9.385156128459216518e+01
9.125188582526207881e+01
7.641047048670750996e+01
6.783987683426974513e+01
6.004094898946515002e+01
8.317008009027178161e+01
8.511299678793024270e+01
1.026687012785406949e+02
9.778784291629619929e+01
7.580296095067058104e+01
8.557294484174825300e+01
7.879830793445587744e+01
7.444950563226655049e+01
6.978296512919339989e+01
7.754121484733136072e+01
5.533132526476801161e+01
5.345378065830953318e+01
4.902353176451760675e+01
7.874589230909479909e+01
5.275578957169850725e+01
5.219791396427851993e+01
3.901259056025659788e+01
6.223446704912711169e+01
7.192279811637537534e+01
7.098062333404017465e+01
8.490454771225284958e+01
