1.002663120561105181e+01
1.002973357350809991e+01
1.324571209444357933e+01
5.806509756777780140e+00
1.256697612351073445e+01
1.396408090622349363e+01
1.079917692336884549e+01
1.001776200333964617e+01
8.106513156441280898e+00
1.463876133193424600e+01
6.316116950574405919e+00
1.444283751745326327e+01
8.541662601625048978e+00
2.095858349751295435e+01
6.865048352989867375e+00
8.101028741256671495e+00
7.749982078832326593e+00
6.997142273814360713e+00
7.273696905059122919e+00
7.041464494139142438e+00
5.059644256269407059e+00
1.092316600421121287e+01
9.387935520301219583e+00
8.436955743763400406e+00
1.115626381107143850e+01
1.336396481421421178e+01
6.859219262342389989e+00
1.125857697737842678e+01
5.957628163399705024e+00
8.091147425839345431e+00
3.977715704047013023e+00
8.678453523269888947e+00
6.701906859659835014e+00
1.192681386158469792e+01
5.946427498927402411e+00
6.169458827338279328e+00
1.180395413975051611e+01
6.801960501698511408e+00
1.209885210349404083e+01
1.361208613287797675e+01
2.313784778236731299e+01
1.236913721952972445e+01
8.103222952765289477e+00
9.590736271122368706e+00
7.282856582413249846e+00
1.047027538638151967e+01
1.821428011204395503e+01
4.046397574798271890e+00
1.249995555547654291e+01
1.004655828298096054e+01
1.033999785084869139e+01
1.017622501498249932e+01
1.023631878275692486e+01
8.535937102756921746e+00
3.923717058549909265e+00
1.175566057504024542e+01
6.999682532483566533e+00
6.280127387243033432e+00
1.786119319144782835e+01
4.602414825091521777e+00
6.073622386096199754e+00
9.051457832243869461e+00
9.069117315863152839e+00
7.647802879839993295e+00
1.041707999179979183e+01
8.659997433923150467e+00
7.022503510540635929e+00
9.112628599915614913e+00
8.163877074582204685e+00
1.023371334799294097e+01
1.081028317030697572e+01
5.263712251507168816e+00
8.365537772446085540e+00
6.311893535223800811e+00
1.018146464032666643e+01
7.107429602574728555e+00
5.543364401596641677e+00
5.434049032617288333e+00
1.133411761992181788e+01
5.458530530788991086e+00
7.517682858138906354e+00
8.389411315594331953e+00
5.450382249591919859e+00
4.552898954390365738e+00
6.060436361260539861e+00
5.230678732248809304e+00
4.145144415122617332e+00
5.251031644670725029e+00
1.136348929197756874e+01
7.507033738804932632e+00
5.409456740026877597e+00
1.125739263279418978e+01
1.016311413341840186e+01
7.144850515503377686e+00
1.141032670678431948e+01
8.241898378946981296e+00
3.673327283721576464e+00
4.645667037382492204e+00
7.347259504211228531e+00
6.983790756697493052e+00
6.719788356455548062e+00
4.496912521077347513e+00
5.915704147061071616e+00
5.824850975680742060e+00
9.576823876189617835e+00
5.268775948927796549e+00
7.119925093238927083e+00
7.154175160158033009e+00
6.987608079068735378e+00
7.060374557265987505e+00
9.295160030897800851e+00
1.327386739257084614e+01
4.538232646698002526e+00
6.318930992572152405e+00
9.415353890793955571e+00
7.356327586204653102e+00
4.625533002320440623e+00
1.699359356411180855e+01
6.847546194724712265e+00
5.426683046658325793e+00
6.458069887099911810e+00
7.588295080070504461e+00
3.792390040887437586e+00
5.783501438479019541e+00
1.087627387175099258e+01
5.874994089831543143e+00
1.172006825918689010e+01
8.880440429518246859e+00
3.444802848737016809e+00
6.675327707311453196e+00
6.631239200431042313e+00
3.363860216411429960e+00
6.966586921393670195e+00
6.005182946607223293e+00
1.124198479905671455e+01
5.274677451960662289e+00
4.437216344611663033e+00
5.503937984146745066e+00
1.349962962454896598e+01
7.474400756359446341e+00
1.507521881175268952e+01
2.379598472198385295e+01
8.496796782055904274e+00
1.030771016709767984e+01
1.150188390366262325e+01
8.371910707173654487e+00
7.753422183497784559e+00
6.437390775772431795e+00
1.659584954807141699e+01
1.040384544291196178e+01
2.148239589369242353e+01
1.261568688401688121e+01
8.073000268384321387e+00
5.974017817925294516e+00
1.123209686567917842e+01
8.357564770247902786e+00
5.114684741017769376e+00
8.539060578046951733e+00
1.733282050523418505e+01
1.207642331156042204e+01
8.761024800533069978e+00
1.236374628590469804e+01
8.654863757833895832e+00
8.306356334492010163e+00
1.229561800895840307e+01
7.118052168020874149e+00
5.856051001599399619e+00
4.910759162854105853e+00
1.232594373218087291e+01
1.036575558697429855e+01
7.955431408094026047e+00
9.534498763263156818e+00
5.861361237422205051e+00
7.675646914466268456e+00
1.944107907384658418e+01
9.401181958787002912e+00
1.249782203248052248e+01
6.942301891703900552e+00
1.352758498607772886e+01
1.848482861399826049e+01
1.178398159461487893e+01
8.482662055955993097e+00
9.965719018493125247e+00
1.054935490392132280e+01
8.633268983029159571e+00
8.373503182990710059e+00
8.185081279715891611e+00
8.096638534327412984e+00
7.505257416563997808e+00
8.700957801682907444e+00
1.741952927033333864e+01
4.514667454223203258e+00
1.635848403734282641e+01
8.812617217502539901e+00
1.400571312000927726e+01
6.289320754704402994e+00
1.192681386158469614e+01
1.123486636423514362e+01
7.752848938723536421e+00
7.575985451118261160e+00
6.721111019268565023e+00
1.128341949745535011e+01
1.173409088463562533e+01
1.186966254317657032e+01
1.236482466066093622e+01
4.106363625182531507e+00
6.071426704014652564e+00
5.748816303282692886e+00
9.443633952151163413e+00
1.185842410365821920e+01
1.857046639754161177e+01
1.029347150166334934e+01
9.624967532412773252e+00
1.081028317030697572e+01
8.142071808411747824e+00
1.031417578976731519e+01
7.587709360098958022e+00
8.436955743763400406e+00
1.154046022575452568e+01
1.066583330077870606e+01
5.198290317231448299e+00
1.210325943243756619e+01
8.420609637470832354e+00
6.152145064031641297e+00
1.369119749652633189e+01
1.570562531918632843e+01
5.723246941689268397e+00
2.369491272169806706e+01
6.874752520798273814e+00
9.148163142887696608e+00
6.259570450296267019e+00
1.257334040296725952e+01
1.053755189785559310e+01
1.032666451474046809e+01
8.032157590308816708e+00
1.126646942628139136e+01
4.011095721731019914e+00
1.008100524088082572e+01
9.139414034219528915e+00
9.739723929466492791e+00
1.879361593733361246e+01
1.647004014027355723e+01
6.982517852147286597e+00
7.704544113703289732e+00
1.184830039382114109e+01
9.802494013713493715e+00
1.455411358421467760e+01
1.241969761664465288e+01
1.678279542335609165e+01
1.058846332361573417e+01
1.915852000778997777e+01
1.548619456878358491e+01
9.916092420348293857e+00
1.091095270308183807e+01
1.614930339054907904e+01
1.397521615813747076e+01
1.345610146612556868e+01
1.051644215291253204e+01
1.510349481264371363e+01
2.406842098869157098e+01
1.554291549942359474e+01
1.780561709124398817e+01
2.196320154763922972e+01
2.221651037704466702e+01
2.941473553623534798e+01
2.359604486631886999e+01
2.076685393173993077e+01
1.430244734302489995e+01
1.151732993748502842e+01
1.657655640421804222e+01
1.726576574226195859e+01
1.237632147826377782e+01
1.305305413388844471e+01
1.087177793902890244e+01
2.745048066772035256e+01
1.292783388232107811e+01
1.805842370381940754e+01
3.228346670080866687e+01
2.837996163179616360e+01
1.252091583444810752e+01
8.452218643646174812e+00
2.608158141081343473e+01
1.232702541392511186e+01
2.427673783686762476e+01
2.257983367717505274e+01
1.573728763866957436e+01
2.173844520659193691e+01
2.636209399877027693e+01
1.871707479519406192e+01
1.112474718813870389e+01
2.568752399295986777e+01
1.683514841699419762e+01
1.792378928190750287e+01
1.703251791916470026e+01
1.479579519848648061e+01
2.906238500574621142e+01
1.274467208941315377e+01
1.155547008515399554e+01
2.388770022882534150e+01
2.402998127340094570e+01
1.561822297474616406e+01
8.920886851777810378e+00
2.122514232382592780e+01
2.154334132755537823e+01
1.099373558997223732e+01
2.928678124266228266e+01
1.842751565820345050e+01
1.711088022932257502e+01
2.694158289501359249e+01
2.732390081147923411e+01
2.314264942097646482e+01
1.093739761856844517e+01
1.387884080974424350e+01
2.222251110923335915e+01
1.260617132818507713e+01
2.958558207415677543e+01
9.944289260117532336e+00
2.950676005407724745e+01
2.531789002969156499e+01
2.966209702633985756e+01
2.958302816744012276e+01
1.756764703146731321e+01
2.483510060825649646e+01
1.935929291638055361e+01
2.629795091299362397e+01
4.105909021019449057e+01
1.196364864449340537e+01
2.139054827617925980e+01
2.717057231638671411e+01
3.664763142262933826e+01
2.013245031176174393e+01
2.082583865191400818e+01
2.324784338862902189e+01
2.657517638699694373e+01
2.626751267673096990e+01
3.577497573568554401e+01
3.755683101055726070e+01
3.315579386271223683e+01
4.993658200379979917e+01
3.872581682661953550e+01
2.861980666135488249e+01
5.606361466128355886e+01
3.676133234195348365e+01
4.379903601171555039e+01
3.600641918078250114e+01
3.718936526601239478e+01
3.119159430929357768e+01
2.393175482259687570e+01
2.830233598525433081e+01
3.843933170883986605e+01
4.730863205237144342e+01
6.731267009676227531e+01
5.516504529339410823e+01
4.264405650914973478e+01
4.366814246869983407e+01
4.497327601538001574e+01
4.048780337610602231e+01
2.725484666378929788e+01
5.630093743052201916e+01
6.240512799442046088e+01
6.152881890265369691e+01
5.423119233635033254e+01
3.163640659465329108e+01
4.884096641140509121e+01
4.786016668959224774e+01
5.107702244867276420e+01
7.846482580678356555e+01
3.882416200712586374e+01
4.540513920985890195e+01
5.836916994441499895e+01
5.112294548982438869e+01
6.668319795037494657e+01
6.356924483497415679e+01
6.171598028243757028e+01
5.991378991703180645e+01
5.845666961281854412e+01
5.816031483943516633e+01
5.976561627632470675e+01
5.914486922426623750e+01
6.759487160034159103e+01
5.865401378706604163e+01
4.801647865287731065e+01
5.114928043373522115e+01
6.596126809642828448e+01
6.040051508242476785e+01
4.692187360093608106e+01
7.209240983318254337e+01
7.583473258782329651e+01
8.981942378399502047e+01
4.496843337275605279e+01
6.390597259515993755e+01
6.583764542839875844e+01
4.705665615923945921e+01
8.465495982056941671e+01
6.991308890329477777e+01
6.565891663234577891e+01
7.509182526894804255e+01
6.908146559598232272e+01
7.823167872131823231e+01
7.601286440830627100e+01
6.774153493651849089e+01
6.259911252477058241e+01
6.752066350384895088e+01
6.665419883414864444e+01
9.281585113665781250e+01
7.645257062751753097e+01
6.605519577511589091e+01
6.911986368299315586e+01
7.633650648426493035e+01
1.052584121737228884e+02
9.888475896494644246e+01
7.827597900306892598e+01
7.578695284956521050e+01
9.134233532279664303e+01
8.961978948126728994e+01
8.625193073523372789e+01
9.178051112421536573e+01
1.063690848988662907e+02
9.458574005748552338e+01
6.898953221725420804e+01
6.699950248571502698e+01
8.684146475042898317e+01
8.098877837220550191e+01
8.831836351140873376e+01
7.503818287304730461e+01
9.669139913491099492e+01
7.301494519769376268e+01
7.283680388375096015e+01
7.673110335595481502e+01
1.149522799541908427e+02
7.433420029389790784e+01
9.121461871140319033e+01
7.922362161768560895e+01
7.532548631697567032e+01
9.502958603625620526e+01
8.386645468971620687e+01
6.067860688359064625e+01
6.119310055517333780e+01
7.868576039467934891e+01
7.226789666849927585e+01
9.265165346009152358e+01
8.379854148823567073e+01
7.464821200508124832e+01
1.194542404251751719e+02
9.120882023625175350e+01
8.404760555780278253e+01
1.350963442222705737e+02
9.849390280057383507e+01
1.031916017254634141e+02
8.860734857912306950e+01
8.749841903333643245e+01
1.227381313565140033e+02
1.150870202161052731e+02
1.009260235133744885e+02
7.741719590777117332e+01
7.690137984602242227e+01
7.110055477201910890e+01
1.005676334060262604e+02
1.084407467493448962e+02
6.209762922652970474e+01
7.216598152099705032e+01
7.771726534904153993e+01
9.634811881920684584e+01
9.767801981794858079e+01
8.553429461657795230e+01
6.621426499545916045e+01
6.853903996993246039e+01
1.022755754485563102e+02
6.452885659403344221e+01
9.068088123867248385e+01
7.662607621140179504e+01
1.029023269362208737e+02
8.237653387545104522e+01
8.188501423066101381e+01
6.371289770002093888e+01
6.598834913999759522e+01
8.322403498989939408e+01
7.299010587439610731e+01
5.447747750727410221e+01
6.765842314318463480e+01
4.404220198350163429e+01
6.034552363035904676e+01
9.576768186026478702e+01
8.211390462846918581e+01
7.095933107538900231e+01
6.769165384299604682e+01
6.250959037530872564e+01
8.004371028104303321e+01
7.158975718168998981e+01
5.470502719129203228e+01
7.500773293467814540e+01
8.043586817389919474e+01
4.495162832299725864e+01
7.340269447067700526e+01
6.941168649602329310e+01
5.022332348841742800e+01
6.806682990512584297e+01
1.069750542052782691e+02
8.036406051352943791e+01
7.475994173946961041e+01
8.842262153996566099e+01
9.045794603018575231e+01
6.978334726534372123e+01
9.746452346024851465e+01
8.123420188292340072e+01
7.961507394959826911e+01
8.102082036941698107e+01
8.012323841017244774e+01
8.757371498089798934e+01
6.196967000073503584e+01
6.657173240614635290e+01
8.320213672469930088e+01
1.066694999623707929e+02
1.047712852943125199e+02
6.855155399810828953e+01
7.022009842076712971e+01
8.725630190549117060e+01
8.870310028403741853e+01
1.044278804832417364e+02
5.825438467045491819e+01
8.720259934963712567e+01
7.024325985854839871e+01
8.494876887473610338e+01
7.233115204084306527e+01
7.467601132001270514e+01
8.926455063461642681e+01
6.238789056290401902e+01
7.495527555371491246e+01
7.934554527858230699e+01
7.592405562285395604e+01
1.095608608136236910e+02
7.933966361298881509e+01
9.317009534537713478e+01
6.068805483783444288e+01
9.760291434628828711e+01
6.323444912036124066e+01
5.846898513077016446e+01
8.236493320717393374e+01
6.413236312502448300e+01
4.431232584983801104e+01
4.799787032312533341e+01
7.633039295646844380e+01
7.013054493823167945e+01
7.760366543462292555e+01
5.236792911697005337e+01
9.156709743861783579e+01
8.373036088142301026e+01
9.126566836561393359e+01
6.225238951237133023e+01
8.709754429501570883e+01
8.476671254422667801e+01
7.662277004186738338e+01
5.522897790109826133e+01
1.070044651197115115e+02
8.166778230530486837e+01
6.265545999086325679e+01
8.837797614036354332e+01
7.807705595542564936e+01
7.361944187660093064e+01
7.521122847613173690e+01
8.046106028522257247e+01
6.719708988407823824e+01
7.852914533258761765e+01
1.060116136195568970e+02
6.295126863076090729e+01
4.578277211159479521e+01
4.797008326956384394e+01
8.757432398952458641e+01
8.038861168653734524e+01
6.149710020263827914e+01
8.034575284356976965e+01
4.877768159950021953e+01
8.843845317507536663e+01
7.453184256111983075e+01
8.873696461390196077e+01
5.682917873377684970e+01
7.885750862579077136e+01
6.199727592581969304e+01
8.183707391315176949e+01
4.768013795654911746e+01
5.625236785139704665e+01
7.730102773501066338e+01
5.563436188384137893e+01
6.729384980978738895e+01
6.852509678131720250e+01
4.843616646909850232e+01
8.050214627918660426e+01
8.625017874377613225e+01
7.630395358913804671e+01
7.305109323084920447e+01
4.833337931032295387e+01
4.463760248440271283e+01
6.373368200741443701e+01
5.857872196170437462e+01
8.151471578119431172e+01
7.385523377226259356e+01
9.631799185798858787e+01
8.857739867232247377e+01
5.676947536602159516e+01
6.336244944760264275e+01
9.132710441046512528e+01
6.163873241179877738e+01
6.882583494266927460e+01
7.289487102822957354e+01
5.420233697298792208e+01
4.544623196701790846e+01
7.114098677977415264e+01
8.301485810785118247e+01
5.388093870336294344e+01
4.793254519518955448e+01
4.620341497720222890e+01
7.900756644496497927e+01
5.601174480013594348e+01
6.389247912617641134e+01
7.695840146179983776e+01
8.481467378283601022e+01
5.187609168864679532e+01
8.026245836144208567e+01
6.201698692025167503e+01
7.525039682435051702e+01
5.483972607112070108e+01
6.868562844988430527e+01
7.460604682076530025e+01
8.485082334439792362e+01
5.673266744615094836e+01
5.569224961039611088e+01
1.005189644903996395e+02
6.396332282383919221e+01
5.986726057611863894e+01
4.941075006739143305e+01
5.234738664813067288e+01
3.803892742967392593e+01
4.716326253911336153e+01
5.861111005792521667e+01
4.946891279716316348e+01
8.109144358205878689e+01
8.567058356804211883e+01
5.935482756739804699e+01
7.494193307710533247e+01
8.564645676007593522e+01
7.020015827775763739e+01
9.024962911588920633e+01
7.150521348514075726e+01
7.542543043003172443e+01
8.058839177504964368e+01
6.530305420796861426e+01
7.336290312927614821e+01
5.910352499357941269e+01
6.524946998507600426e+01
7.853820018875457265e+01
5.906546274168085375e+01
5.803202181171663909e+01
8.068429559434447640e+01
9.398075453103270149e+01
7.921767479546468849e+01
6.915284199189180470e+01
4.809777079611440342e+01
9.094115313395434441e+01
7.625104735164116221e+01
4.867004554480438117e+01
6.881743965013519926e+01
5.802742646561383566e+01
8.309175651049868350e+01
5.707383132594325303e+01
5.338897097924085955e+01
6.620721679360609357e+01
6.618042678080044539e+01
7.455539327685600881e+01
7.145578275331456553e+01
8.661444580566350737e+01
7.699333304470805217e+01
6.809098488215765599e+01
7.689080280212684215e+01
9.775334038054943164e+01
3.750816207470344921e+01
3.107939653353792053e+01
6.991315247425828261e+01
9.095820774155323818e+01
8.583291262032815894e+01
7.940400213815144070e+01
6.297879713751992625e+01
5.931235584223202295e+01
8.008800714769277818e+01
7.641000516220954353e+01
6.475252032846975681e+01
9.316236722339480991e+01
3.875713554373639624e+01
8.496210920169060898e+01
8.071497176278182906e+01
6.466721649250791870e+01
6.330420382740962282e+01
1.033246447960128336e+02
8.270950502948389271e+01
8.543134995746909510e+01
6.267425485972866284e+01
8.951037183850073120e+01
5.658606031720375995e+01
8.909655187242408658e+01
6.659876542065592275e+01
5.297194225877191798e+01
