6.373556481449130118e+00
5.821798118565546076e+00
7.144850515503378574e+00
1.079382539541318842e+01
5.746496517202653642e+00
8.759502776350315045e+00
1.051770993240554475e+01
1.542235030366282444e+01
7.938653678188904550e+00
2.356117333429914140e+01
8.636871861707545506e+00
5.006662228138289983e+00
6.259570450296267907e+00
4.214261501141095323e+00
6.321040701937897133e+00
9.687563619862784137e+00
1.166304705755175419e+01
9.837343814939750075e+00
1.611127969260460091e+01
7.837233071832317322e+00
1.250599856069078619e+01
7.099295739719539533e+00
6.571318149520856799e+00
8.823201736835041942e+00
9.464788546091360999e+00
1.157698867005866461e+01
1.049994708981378189e+01
1.609085316431529478e+01
3.947432358156656829e+00
1.003770668806154909e+01
1.069870189425905238e+01
9.083807327082380922e+00
4.945929864264375198e+00
1.393062174571624290e+01
1.215163454940207899e+01
5.042045440317076022e+00
1.894365915609289530e+01
6.381918903346303296e+00
8.710147338975769316e+00
1.068872718750407991e+01
6.849493087488705001e+00
7.471427053931679829e+00
8.853373493884815204e+00
5.851495535331117992e+00
5.331666406168587891e+00
9.478396488858226832e+00
1.016836051463339707e+01
8.354373438837622956e+00
6.884443009826979321e+00
3.108411527166604404e+00
7.467261881037788207e+00
1.058720401658950117e+01
8.217596296295461400e+00
7.312090444371340148e+00
1.019716736266607704e+01
1.097876738679408071e+01
4.905325903772574492e+00
7.290785661062567868e+00
1.547557214881999954e+01
8.647671491345066741e+00
6.248911016240260352e+00
1.017098269042322478e+01
1.009818465533946075e+01
6.821534529219458243e+00
6.562519841239847551e+00
1.253794241492598260e+01
7.553071487076558732e+00
6.464948225280351402e+00
7.507033738804931744e+00
4.193116051604369510e+00
4.161196409153928855e+00
6.203941399536980761e+00
5.915704147061070728e+00
7.316343956436772267e+00
6.974238309665077296e+00
5.912698199637794083e+00
1.066583330077870606e+01
8.055363982396380962e+00
6.280127387243033432e+00
5.810335618533580160e+00
1.299572579307862163e+01
7.498147919467994527e+00
7.075466219424852987e+00
9.654014708917737053e+00
3.667272677193351260e+00
4.955804677345547304e+00
1.027402333828162817e+01
6.701243665668834559e+00
8.580598269740093542e+00
9.821518325708211705e+00
5.096403960964371649e+00
1.110675470153185707e+01
7.094285650358948203e+00
5.859086011391954507e+00
6.060436361260538973e+00
9.959027172481366819e+00
8.103222952765289477e+00
3.065217048686039725e+00
8.014985963805550284e+00
9.641576634555161007e+00
7.801424371371052935e+00
6.040603354706290062e+00
6.495810615739620708e+00
4.409081537009720719e+00
5.234076380370805914e+00
4.498888751680797604e+00
1.031159002719216211e+01
7.680856433728959765e+00
1.070077878785776271e+01
8.188338591490271767e+00
4.508756911709578041e+00
8.228946199578386356e+00
3.964284999284934941e+00
7.508217720160580200e+00
6.963396361610395324e+00
4.730985333122712078e+00
5.878775382679628514e+00
4.587906809089400184e+00
5.685849882725439564e+00
1.755448660599335042e+01
5.094659513211412971e+00
7.460711911220148984e+00
7.040833284017832483e+00
6.926920110858953983e+00
4.182503237695499365e+00
6.936537721050433980e+00
7.753422183497784559e+00
6.377042156569663334e+00
8.800505036012925331e+00
9.979089248133931278e+00
8.147528595974499410e+00
3.997777160150653319e+00
9.272659932415411532e+00
6.711846905948383402e+00
1.317506061550466434e+01
1.091787525116494528e+01
5.202563470700445336e+00
7.588295080070504461e+00
4.791659420284375415e+00
1.023501614828015605e+01
7.968270410404842075e+00
5.462600113499065380e+00
4.962078417580904954e+00
8.296183861671984516e+00
6.781019261307419832e+00
5.512007095625170550e+00
9.329999404549225162e+00
1.270170592217176697e+01
3.862066228789397648e+00
6.365183073216005738e+00
1.554720410734854852e+01
6.216823054333208809e+00
6.934615266104449560e+00
1.508288212953125651e+01
3.323986896618108755e+00
5.519259209551788281e+00
4.508756911709578041e+00
4.096611065529923934e+00
5.249338582674540454e+00
4.948624949305503229e+00
5.234076380370805914e+00
4.756282395129858287e+00
8.038794823990858873e+00
2.412928142780514484e+00
6.695271963607354770e+00
7.075466219424852987e+00
6.569288816573338963e+00
1.114629983447421857e+01
3.833188403057347315e+00
8.048188201908137884e+00
6.144916598294886789e+00
7.138627319029898999e+00
7.604092465391397049e+00
5.953150426454887345e+00
2.499777767900356995e+00
2.663331247391757639e+00
1.144183357489329644e+01
9.422431863495868143e+00
7.178362549278831217e+00
8.768630958643937490e+00
4.602414825091520889e+00
3.896437118987322368e+00
8.231646250902670658e+00
5.339163480046913435e+00
1.086809806523457667e+01
4.376706016578626901e+00
1.202478921044171756e+01
5.467479614350046369e+00
5.782732917920384352e+00
3.774770044504550892e+00
1.355974434370599369e+01
6.741579109443787132e+00
6.053098380168623116e+00
9.594906055935211953e+00
4.240545038343800144e+00
3.981066300488964149e+00
1.003194896318756157e+01
4.964764736509565068e+00
6.469071717711041281e+00
6.707872654989476935e+00
7.316343956436773155e+00
4.369591895513051050e+00
5.322488974989886046e+00
1.019716736266607704e+01
1.342369381189676680e+01
7.795725324389857214e+00
6.567258856546533963e+00
3.592584956081994463e+00
7.889796504909925901e+00
8.910418371521931391e+00
2.704728370013438798e+00
5.125101625008685602e+00
3.159465496286076203e+00
8.726969691708571730e+00
5.467479614350046369e+00
5.630867310340980758e+00
7.290785661062569645e+00
7.998888811717677072e+00
1.257758146686220257e+01
1.141149517908245947e+01
5.438136935875496292e+00
3.902136167109839349e+00
8.665640964945025004e+00
6.876691711054735201e+00
8.354373438837622956e+00
9.498537899183338240e+00
6.669999167083071612e+00
4.800925836637021327e+00
8.490517586630916824e+00
6.737622396332074715e+00
5.895384258515770526e+00
7.022503510540635929e+00
1.629260227492492419e+01
1.014867260066830390e+01
4.484045792213397164e+00
5.022615520489964069e+00
7.499333303701069653e+00
1.231512168929817008e+01
8.106513156441279122e+00
1.288133878480373085e+01
1.016442598259023988e+01
1.519590588137329590e+01
5.185449728701348349e+00
5.026153819992203786e+00
6.416645021608514021e+00
7.370813312578802012e+00
2.135415650406262245e+00
7.770599862444483641e+00
6.227537412350263146e+00
4.704607670500626782e+00
7.429670248402683974e+00
7.144228439796700414e+00
1.025800500422312567e+01
6.579429222120174003e+00
5.276362383309166404e+00
9.334285665699807666e+00
4.234251868853443845e+00
7.864406454964600890e+00
7.301750170716302613e+00
8.405289339986392605e+00
5.081557066709200932e+00
8.905928113091615472e+00
4.639923371014750941e+00
7.451770855903238733e+00
6.701906859659835014e+00
3.461534662865911827e+00
4.962078417580905842e+00
7.060374557265986617e+00
4.173993557999607695e+00
3.981066300488964593e+00
5.599999999999999645e+00
3.947432358156656385e+00
5.874994089831542254e+00
3.265986323710904138e+00
8.576453553512404682e+00
6.744874597302261243e+00
1.518098225485499420e+01
7.818496587508936280e+00
1.323732097770038507e+01
3.218004902972578574e+00
8.661536943419580581e+00
7.948165406767358832e+00
6.248199740725324247e+00
4.245782220824175113e+00
3.667272677193351260e+00
6.294971538193534499e+00
2.993325909419153330e+00
3.960920207336786181e+00
6.255308856394615091e+00
3.108411527166604404e+00
3.556527644893104245e+00
4.880801391392832755e+00
4.479087208597553271e+00
8.616779496359930235e+00
3.440930106817050582e+00
6.629898608240971214e+00
3.604934889225539507e+00
3.833188403057347315e+00
5.688194402053743381e+00
6.984427121978024289e+00
3.145366963222786971e+00
3.843609414773220045e+00
8.038794823990858873e+00
2.357022603955158502e+00
9.929529473019130137e+00
9.212069377844601448e+00
5.434049032617288333e+00
7.084882183604435113e+00
9.680679498648613546e+00
5.650565360111223789e+00
6.942301891703900552e+00
7.395494123676479958e+00
7.614022152143592237e+00
5.092041721047549707e+00
5.475602452901618733e+00
6.839103255057151998e+00
5.859086011391954507e+00
7.352701695446524965e+00
3.979949748426479861e+00
3.960920207336786181e+00
3.299831645537222080e+00
7.580677190506575513e+00
8.205689083394114292e+00
6.577402391690981176e+00
2.678307923546755731e+00
3.785351884420903534e+00
6.993330155703123552e+00
3.944053188733077864e+00
3.791217922163448328e+00
6.195338749594102801e+00
3.780652501002086829e+00
5.088549236603035375e+00
4.186751591495355029e+00
9.088209700241051792e+00
6.782329983125268136e+00
9.555917305814002560e+00
8.139342042750685735e+00
2.515728301881761109e+00
8.647671491345066741e+00
6.920500945259189685e+00
9.461970666245424155e+00
1.165504182746677309e+01
7.189498514422886011e+00
6.528569691917383011e+00
6.687965975458373791e+00
1.110835521378190194e+01
8.333599995733470323e+00
7.611103000806709318e+00
5.044689176638029515e+00
5.426683046658326681e+00
6.136955452194698069e+00
2.362672686222580420e+00
5.615059117132150668e+00
3.473071007368294882e+00
4.379751388175156634e+00
3.021405118299909542e+00
5.251031644670724141e+00
1.982142499642467692e+00
9.868918661918110402e+00
8.179649544244954384e+00
7.809965144323984809e+00
6.530611678004511589e+00
6.095535707019980265e+00
4.972814986392404712e+00
6.130434097372079449e+00
7.382863039950468220e+00
5.446303537466693712e+00
1.429623104955366131e+01
4.659995231280344541e+00
3.720215047547655196e+00
7.178362549278831217e+00
6.878630354624062804e+00
3.476907949441412349e+00
6.737622396332073826e+00
2.644911256650316123e+00
4.910759162854104964e+00
5.246797965320266321e+00
5.650565360111223789e+00
4.202644669993196302e+00
3.275498265743531867e+00
1.357350360076571860e+01
5.941941321375250773e+00
5.246797965320266321e+00
4.868949236402723812e+00
3.618471132029843051e+00
7.940333046471594436e+00
6.910861017268397966e+00
5.805744281887264435e+00
3.696244340167762932e+00
8.106513156441279122e+00
5.135497379352201186e+00
7.490438349433674148e+00
6.301322612489116182e+00
3.823901439919996648e+00
3.864367132317183540e+00
7.948724565754069715e+00
5.425863986500215397e+00
4.787019485604330882e+00
4.208985098043892314e+00
4.485036851081109610e+00
5.334999739664682217e+00
5.309948733797299703e+00
2.508651696296903655e+00
3.073904502239600767e+00
3.889587238883953191e+00
5.208539995899895914e+00
1.086564412366898047e+01
3.808761828556186391e+00
6.711846905948383402e+00
7.485096303099023629e+00
4.208985098043892314e+00
6.162971866090434681e+00
3.755884272267539625e+00
4.424176006143215822e+00
4.896257073860944331e+00
3.457680661303983882e+00
5.828664798505172051e+00
7.460711911220149872e+00
2.552558629210219809e+00
8.386232103208739019e+00
4.296768811819204892e+00
2.856571371417140348e+00
4.728166193732572076e+00
8.485281374238569541e+00
4.613988392799541316e+00
3.115552385479446240e+00
1.228476925121329266e+01
1.045498286304987978e+01
1.017316732062012896e+01
3.496029493900505436e+00
6.128258770283411039e+00
2.476556749467561325e+00
1.082096730118584738e+01
1.125739263279418978e+01
4.523518787649966733e+00
9.848632166730340032e+00
6.591577116964413285e+00
4.157990967870047072e+00
5.276362383309167292e+00
3.997777160150653319e+00
4.871686908385362891e+00
6.119549729260224780e+00
9.618500691664763735e+00
8.007218965131125188e+00
5.667058809960909826e+00
6.855330448312142444e+00
5.971785513748983476e+00
3.767698973585277500e+00
1.059685487931836079e+01
6.701906859659835014e+00
9.769794720918596909e+00
5.430776494511014185e+00
8.114732829174899464e+00
6.641954197038366203e+00
4.082482904638630394e+00
5.783501438479018653e+00
8.601291892629980396e+00
6.090429650963331554e+00
4.318435930853772753e+00
3.774770044504550892e+00
4.501851470969102209e+00
3.663635110409090068e+00
3.302524287066889830e+00
8.094991592885621756e+00
6.381918903346303296e+00
8.104868221562204766e+00
1.051010096156179685e+01
3.403266404826724933e+00
3.963163719387160278e+00
7.310874700669467430e+00
4.897164712588522484e+00
6.839753081962990144e+00
3.667272677193351260e+00
1.104415380793536983e+01
2.984403904746585567e+00
3.741657386773941329e+00
3.780652501002086829e+00
4.570436400267363197e+00
6.259570450296267907e+00
2.756809750418044214e+00
4.069397989875160881e+00
3.263263533472111178e+00
3.879289740260308150e+00
3.627058802329451659e+00
6.621178142898740404e+00
5.540156435817794822e+00
5.971785513748984364e+00
3.889587238883952303e+00
6.536733808936149082e+00
3.124099870362661679e+00
3.476907949441412349e+00
5.847696602556903045e+00
7.264525678482617543e+00
3.855155278613589420e+00
7.028197176769840127e+00
3.927113726672837313e+00
6.621849355647476898e+00
4.343065993307288153e+00
5.512007095625169661e+00
3.593821859184948231e+00
3.283629428273266981e+00
6.725077446889861754e+00
7.955431408094026047e+00
5.863635580612272413e+00
4.205816078823334969e+00
3.350621832834416391e+00
3.511251755270317965e+00
8.805049056586163658e+00
8.386232103208740796e+00
1.319595897740415502e+01
5.239168721170266885e+00
4.951318567367237300e+00
6.809796864322263943e+00
9.083318042800586412e+00
5.638754787677466851e+00
4.057366414587450620e+00
3.714236873915764736e+00
6.332982446420222900e+00
4.452215428550400311e+00
3.792390040887438030e+00
3.362538723444930877e+00
5.633234713140695682e+00
8.746808941932290082e+00
6.619835513230085233e+00
2.895206766747795424e+00
3.862066228789397204e+00
3.460250472629595286e+00
4.193116051604369510e+00
8.441695458983474509e+00
5.994071144797072037e+00
7.534808115229831849e+00
4.141926551202417706e+00
2.737395355686374820e+00
4.699881795203884494e+00
6.099180272790762913e+00
4.472135954999579610e+00
3.735713526965839915e+00
4.725345372445159953e+00
3.923717058549909265e+00
2.091251618847749683e+00
6.427026269330681885e+00
4.868949236402723812e+00
4.990657939256773368e+00
8.073550781547250921e+00
6.651983831075425790e+00
5.057008338270102321e+00
5.389702115042062758e+00
3.299831645537221636e+00
7.770027884977848132e+00
5.507167047483568112e+00
4.528428719397784796e+00
4.379751388175158411e+00
4.338970692072794400e+00
6.198924637924442038e+00
6.400000000000000355e+00
6.990151802516323620e+00
4.759084879353266295e+00
6.236095644623235401e+00
6.433937795437220331e+00
4.085747585611883892e+00
7.936973954572080103e+00
3.623380864453650929e+00
7.525955088890711409e+00
5.205125678918169463e+00
8.765082239583758650e+00
2.772884579078056078e+00
5.531324936717743945e+00
6.406246951218786734e+00
5.157087894883657597e+00
6.589554023014169815e+00
5.284778982028377037e+00
5.638754787677466851e+00
7.290785661062568757e+00
3.699849846803095588e+00
6.781019261307418056e+00
3.827386691841952793e+00
6.894119877757341364e+00
4.836895239257881229e+00
1.122299227281011369e+01
4.320493798938573882e+00
4.513682901282868087e+00
3.844765561412323951e+00
2.535087112244205798e+00
2.526306042866189205e+00
4.364503280888775372e+00
4.069397989875160881e+00
3.006659275674581799e+00
7.567180599286778886e+00
6.972963661329536933e+00
3.286335345030996891e+00
3.559026084010437074e+00
6.580780095601634905e+00
9.530302548537830987e+00
3.659993928349547954e+00
3.403266404826724933e+00
6.868931665275336940e+00
8.973046057808661047e+00
4.874423042781575788e+00
2.753583523741784500e+00
6.400000000000000355e+00
2.612789058968723488e+00
3.809928549927879438e+00
5.794250023370870473e+00
4.955804677345547304e+00
6.689959308961120676e+00
6.581455428365032390e+00
6.744874597302260355e+00
4.661902329879223927e+00
7.292004754066834238e+00
5.760401220594118854e+00
4.364503280888776260e+00
2.638181191654583646e+00
5.009324638445120215e+00
3.473071007368294882e+00
4.237399621885520773e+00
3.872409528388694344e+00
4.767482447674966650e+00
1.067582939791252628e+01
5.065789397736765842e+00
5.607930891950156926e+00
3.986644370060281162e+00
3.496029493900505436e+00
4.144072071445347838e+00
2.940899333348370170e+00
5.560175856531477834e+00
6.681982407107106781e+00
8.547904226573123765e+00
1.114031717082896478e+01
6.441531908896619640e+00
4.841487374764081864e+00
8.482662055955993097e+00
3.295788558482206643e+00
5.509587603038502479e+00
4.814792022738076938e+00
5.920210206478219384e+00
3.757067414294765761e+00
6.342099196813482997e+00
7.482126851519040223e+00
3.339993346633426619e+00
4.218477871881700203e+00
9.175813618178800368e+00
4.000000000000000000e+00
4.869861964733246396e+00
2.890597785157173139e+00
3.094080369565944455e+00
7.361763073853678563e+00
4.816637831516918489e+00
5.062278801751901369e+00
4.499876541516321105e+00
4.864383025854586151e+00
4.625533002320441511e+00
5.070174224488411596e+00
4.003331945600647757e+00
4.258325179379016667e+00
3.889587238883952303e+00
6.709860074712603151e+00
4.878068834647124596e+00
3.282275633357645717e+00
3.802922852520442376e+00
3.647830405414520971e+00
6.932692278056355129e+00
4.145144415122617332e+00
3.180496117833750080e+00
4.063933507767512054e+00
2.799999999999999822e+00
4.312256434345660416e+00
1.011841006394889142e+01
9.548938277223401272e+00
4.753478258660236655e+00
5.402057221302105638e+00
5.215361924162118967e+00
4.825856285561028969e+00
2.445858177045885817e+00
8.477420991472977008e+00
6.139127697718046228e+00
7.587709360098958022e+00
6.214677966091421979e+00
5.157087894883657597e+00
2.026491220476088539e+00
5.458530530788991086e+00
3.283629428273266981e+00
1.241397062452891120e+01
2.379542439676633148e+00
6.333684200807264908e+00
6.784295591044561036e+00
6.920500945259187908e+00
5.144144459696113891e+00
6.999682532483565645e+00
2.568181371234429911e+00
9.967948635501690191e+00
2.993325909419153330e+00
2.809507667427396882e+00
3.641733408999376920e+00
2.984403904746585567e+00
4.749736834815166731e+00
4.932432350158376444e+00
3.102687007525358975e+00
6.079473661428265174e+00
3.261901286060018279e+00
3.549021774454977241e+00
