8.855883166949904961e+00
1.295462165492386042e+01
1.227716941680324148e+01
6.173779681488119842e+00
1.196587741129843785e+01
1.012367961212171430e+01
9.666436778875658220e+00
9.698568050089777515e+00
1.265859391875732776e+01
7.867231618131840243e+00
1.084722186655284659e+01
1.091095270308183807e+01
6.321040701937897133e+00
1.048088206635724262e+01
7.307226255943874982e+00
1.118332091405172335e+01
8.787870428418177227e+00
1.531390072958407167e+01
6.506065546003120481e+00
6.292853089020909785e+00
7.804841802083855029e+00
1.115267780500370343e+01
2.322584767021432128e+01
5.421766829692655776e+00
1.068872718750407991e+01
1.015129986203189993e+01
1.004301858119471014e+01
9.582391258043173821e+00
1.307006758462505580e+01
1.390922954971506265e+01
1.031159002719216389e+01
9.464788546091360999e+00
1.045285713201047351e+01
5.861361237422204162e+00
1.569231942349150799e+01
1.444006771298374403e+01
1.599583279065728014e+01
1.152504519152383544e+01
1.534695047522109235e+01
9.219303420300015262e+00
5.861361237422205051e+00
8.739183791026100323e+00
6.828046735503662923e+00
9.246260505379099826e+00
9.969731970096063378e+00
3.879289740260308150e+00
1.550684436699556912e+01
1.173863516579144495e+01
7.058485830702093011e+00
6.238233368154445735e+00
9.829660330968829740e+00
4.728166193732572076e+00
1.464908036552314030e+01
9.565214756257869766e+00
5.597618541248888135e+00
5.251877970994968337e+00
4.415125517279586020e+00
5.133766215514254938e+00
1.645384115909986988e+01
6.552353266829660683e+00
6.923069325731823653e+00
8.731551981177229749e+00
2.106181378704123119e+01
8.578008056782310931e+00
1.194691964017875563e+01
1.657655640421804222e+01
7.526545614615571367e+00
5.581716183715861312e+00
8.283853102404835411e+00
7.724132457578793520e+00
5.884065110297660439e+00
7.612854625930770780e+00
6.526527066944222355e+00
4.270831300812524489e+00
1.137052720364754599e+01
8.328265125462804619e+00
1.218085930192666311e+01
8.388881530533932818e+00
1.692519489465991711e+01
5.169998925424345693e+00
7.517682858138906354e+00
4.784233364802441102e+00
4.908043285148257162e+00
6.932692278056356017e+00
4.935134806219132031e+00
8.644587259602905860e+00
3.604934889225539951e+00
6.828046735503662923e+00
7.797435475847170672e+00
1.099373558997223732e+01
1.131292279750119256e+01
9.308538493710431183e+00
9.240971569892179716e+00
1.450823520931780841e+01
5.072803301265813580e+00
1.184342292864130819e+01
3.855155278613589420e+00
5.588082557252234572e+00
9.824233077220609900e+00
5.702241274758158340e+00
6.447738621666772474e+00
6.677990383008614472e+00
1.414684888352644165e+01
1.087014259336095634e+01
9.864864700316754664e+00
1.231909087554759452e+01
1.222674663732480305e+01
1.173522711989655321e+01
7.517682858138906354e+00
1.068456831135446627e+01
1.047664068296703732e+01
1.424484312147927945e+01
6.800000000000000711e+00
7.796295416556649371e+00
8.185081279715893388e+00
4.921607686744466470e+00
5.463413666279434366e+00
1.015348872719782491e+01
6.955733047078662246e+00
1.349501965747199606e+01
5.847696602556903933e+00
1.019019136228559752e+01
6.597642676660269601e+00
5.840852297015869610e+00
4.007770230717103033e+00
6.799999999999999822e+00
7.098043548909955369e+00
3.981066300488964149e+00
9.817444790892496442e+00
7.579504527928516922e+00
5.421766829692656664e+00
5.910442735813733250e+00
1.211537132003069139e+01
3.812260921465545849e+00
4.690415759823429731e+00
7.813378839457925551e+00
1.671991493864593892e+01
3.735713526965839915e+00
6.519713695145413546e+00
9.916092420348293857e+00
4.513682901282868087e+00
6.464948225280350513e+00
7.846867740272760017e+00
8.237043698371939726e+00
8.778762251403477990e+00
7.144228439796700414e+00
5.326662494783514390e+00
9.217374897442329740e+00
9.777525249264252594e+00
7.710310557227177952e+00
7.936973954572079215e+00
1.445667857965845293e+01
9.436571882250930798e+00
9.149620514292140072e+00
1.073726636015372726e+01
8.429050295785931013e+00
9.949651026822778022e+00
7.270641114937679284e+00
9.708186694171516251e+00
6.800000000000001599e+00
5.941941321375250773e+00
6.107918357891391814e+00
8.543743649920422456e+00
1.075050386416066139e+01
6.291440393282146992e+00
9.413937657655386815e+00
8.515606587645741854e+00
1.432852632571356466e+01
5.319147801418319332e+00
1.113832223551744072e+01
5.149325737954004722e+00
1.032924650365811203e+01
6.423567717571149416e+00
9.463379711052260390e+00
7.325450308494503737e+00
8.443274772793367688e+00
1.233783701554783008e+01
1.573474569931850731e+01
8.554141297250902554e+00
1.204141003186734693e+01
1.652795611481750626e+01
5.085928299402840302e+00
7.169069364677367773e+00
2.272404502332765119e+01
8.245133244661497329e+00
1.788034302430092382e+01
5.806509756777779252e+00
1.756840598599909598e+01
8.270429251254133973e+00
1.356891873199760745e+01
7.246761728907301858e+00
1.403266031640314004e+01
1.489817289319585036e+01
1.064497794997977032e+01
1.067999167706708619e+01
7.427875425270225485e+00
4.939635614091387517e+00
8.001666493091715182e+00
9.719167774157527973e+00
1.080411444260421128e+01
7.338180216435739922e+00
1.043370606362965347e+01
1.117258549605536366e+01
4.030991055421592861e+00
6.818276093624318079e+00
1.162870012798793873e+01
4.499876541516321105e+00
6.659996663329160071e+00
6.180255298574286904e+00
7.989993742175272473e+00
5.744175794276804581e+00
6.495810615739619820e+00
6.942301891703900552e+00
1.025973792171233789e+01
9.996443812120832106e+00
8.492087820763252637e+00
9.246260505379098049e+00
6.038395666252934113e+00
1.268174541089146423e+01
4.587906809089401072e+00
3.581433604950210903e+00
8.767110254937040992e+00
5.840852297015868722e+00
7.096164848392090718e+00
3.263263533472111178e+00
1.062617313784955897e+01
6.786915516066353682e+00
8.260750571225353056e+00
1.094511560265836358e+01
5.306599664568640407e+00
6.031767752676010730e+00
4.897164712588522484e+00
5.172577264338887204e+00
9.947864092356711652e+00
8.936815241833450330e+00
4.062839729384691623e+00
5.221323799787006337e+00
8.441695458983474509e+00
5.910442735813733250e+00
1.480090087348289352e+01
3.974362282877034858e+00
1.044477540846778219e+01
1.904310898986822309e+01
5.507167047483569000e+00
5.413563213509810623e+00
1.194691964017875385e+01
4.489988864128730661e+00
8.244594188517305966e+00
6.886379471262254803e+00
1.660307869710380757e+01
1.793643095923922814e+01
1.198035428895527055e+01
1.610990033764606721e+01
9.817444790892498219e+00
2.020890892651060256e+01
1.022850048747235618e+01
1.640270980322729599e+01
8.810599676904327993e+00
1.354728345052574845e+01
7.219110440736834278e+00
1.682062226355889933e+01
9.604165762834375286e+00
2.251063945979520398e+01
2.017413085006527851e+01
8.104868221562204766e+00
1.712178599199147655e+01
8.709126758113519884e+00
9.942948366667817339e+00
1.495088254548502782e+01
1.463086539553358811e+01
8.722894524691266582e+00
9.904880951665530731e+00
1.166647618892125848e+01
6.278711828251256399e+00
7.449384762068162580e+00
8.962638500402038133e+00
1.689365429845051381e+01
1.987181141438517074e+01
9.258269576738168638e+00
2.557133812168094877e+01
1.147092944020763383e+01
1.521169141008177128e+01
4.014606664004166703e+01
2.317431528414353892e+01
2.919238865792855009e+01
1.224563414264674144e+01
1.408640006057852467e+01
1.703669242807678685e+01
1.479549480979486020e+01
1.712645776439353185e+01
1.563102328348623793e+01
2.018536323400916288e+01
3.866643678092582803e+01
2.331465919402068465e+01
2.189916284549099501e+01
2.591953360348565738e+01
2.289065796831148702e+01
2.427399156848058936e+01
2.085505534237042724e+01
2.140923995744724095e+01
1.671911746740505578e+01
1.340082916174302241e+01
1.617185483761491582e+01
2.517459036409530171e+01
2.538626050095252040e+01
2.679170684289366733e+01
2.149315136399396309e+01
1.927231751041431806e+01
2.011853760976566363e+01
1.973310810682279737e+01
2.096621621137734337e+01
1.711477594231240928e+01
2.435204759814299891e+01
3.953136588696232678e+01
2.031244829053247258e+01
3.005328601001893674e+01
1.838066617097674182e+01
3.036328191893769812e+01
2.397739676352617622e+01
1.659236772334396903e+01
3.356347220814119936e+01
2.193829731061389410e+01
2.701818317767170541e+01
2.160082302958744904e+01
2.483724801359621281e+01
2.600734938862902368e+01
1.628687269619991440e+01
1.753346007558753783e+01
2.057895365010896782e+01
2.976082436134232267e+01
1.542206211892560219e+01
2.747038809740812937e+01
1.280555435044583490e+01
3.104147762805974153e+01
2.217806724371325089e+01
1.805054631367766049e+01
2.409831713810922338e+01
4.425029817853082648e+01
4.428764563120911646e+01
4.176356732315326781e+01
2.679800987635711351e+01
3.878120965393191710e+01
4.112657967246432378e+01
2.841939869564840748e+01
2.810330150632760748e+01
4.743819370741493913e+01
4.108203175761069303e+01
4.463162804808068529e+01
2.483599538304568455e+01
2.097448185030774326e+01
3.965349921507558406e+01
2.633493666005083256e+01
3.822157622193109461e+01
3.805925205080450269e+01
1.893098576995456384e+01
2.739067156695667649e+01
2.915811303146271172e+01
2.977127623883277252e+01
4.102714548523533722e+01
2.577457834551108462e+01
4.124797638133967581e+01
1.882834742261430350e+01
3.877800063609949888e+01
6.195360271113286643e+01
4.002077238412849880e+01
5.526035347938579889e+01
6.443235902005210392e+01
5.952194739944437174e+01
2.401795624573877674e+01
6.329451441914658005e+01
4.399070608915276637e+01
5.861535634968023345e+01
5.257181331812281400e+01
4.010796540450399306e+01
5.108902904625306007e+01
5.275536834189378510e+01
5.069499208227793474e+01
6.255926967462313115e+01
5.284778982028376504e+01
4.443152034310777054e+01
7.325923529191085493e+01
1.075036743558098209e+02
6.941834531783845819e+01
5.217006378715244352e+01
7.668451966046052348e+01
7.239103689147036391e+01
5.294710148398640825e+01
6.290889355956667117e+01
6.376191827589742189e+01
5.646316399998222835e+01
8.306516852581604837e+01
5.894275942716704009e+01
7.666191289609781734e+01
8.093964829838752451e+01
7.804084400705397684e+01
4.543928794434270912e+01
4.422920101270452164e+01
9.913994597985663404e+01
7.480392146583403701e+01
5.258576064128217809e+01
6.550609810459549465e+01
7.891767862779543918e+01
6.098903362262942096e+01
9.306069703872486798e+01
1.187439823036659590e+02
1.051666613840463498e+02
1.446004456732028700e+02
6.485265350520876382e+01
1.166793136002360001e+02
1.068623205604087332e+02
1.045890157818794250e+02
9.762968583149059043e+01
1.222466359455343081e+02
1.050772414306098170e+02
1.048585502262717597e+02
9.319074822940073943e+01
9.974821635832226718e+01
1.249685115894755683e+02
8.030846087984062365e+01
9.725558538659304020e+01
1.415720311360969390e+02
1.136062204869668761e+02
7.736051246526801606e+01
1.369988807740170387e+02
1.175774732770789797e+02
1.251569681107155390e+02
7.911999325918407067e+01
1.190494948423647088e+02
1.112647693067706314e+02
1.005963551360916171e+02
1.221753930489551152e+02
1.108920596295735237e+02
1.203754496934025440e+02
1.385838855471058366e+02
1.116380261778614909e+02
8.537577069767640126e+01
1.225050747248183711e+02
1.164568398830895433e+02
1.242510719828561037e+02
1.281912460176417596e+02
1.066677083282471159e+02
7.876502325835299700e+01
1.122612825312251346e+02
1.328334629861349754e+02
1.109545652758621515e+02
1.559947292556884690e+02
1.213476914581493986e+02
1.298715604827409038e+02
9.074467232601345756e+01
1.290573343733534557e+02
1.062565867239401882e+02
1.038301176602113429e+02
1.175522578827532953e+02
1.206751378241967814e+02
9.432671354864903890e+01
7.831804106050887526e+01
1.167187312397724099e+02
1.109648593023935632e+02
1.125746369698294416e+02
9.958679073496088563e+01
7.337526074153936406e+01
7.232967732696049268e+01
1.091996336990193441e+02
9.991694328568880223e+01
6.719074010275191711e+01
9.813858681590143362e+01
1.015627665808467128e+02
1.100113125496141322e+02
9.566181172349926953e+01
9.093651020843546462e+01
1.121961377826052200e+02
1.237410557934951925e+02
8.796489198664556852e+01
8.083222679654996057e+01
8.698004879792198096e+01
1.135594998227801256e+02
8.922291683692530739e+01
1.107728406344363066e+02
9.446104429281356829e+01
9.774979397534413295e+01
5.799563201943171720e+01
7.739784665393906948e+01
9.317257584122535263e+01
9.736793905365129831e+01
9.407514726713603181e+01
1.158693517141900031e+02
1.138978879913446463e+02
9.538958713262854872e+01
1.007880063411427045e+02
7.760486811763522041e+01
9.521400457215665369e+01
1.005682963076447010e+02
9.115847007638218713e+01
1.073279501755665279e+02
1.002426833018527788e+02
1.108578669588526253e+02
9.109311475383611878e+01
9.814945519744648550e+01
9.837953716771254165e+01
9.696698178016863778e+01
1.024544560063424257e+02
9.981427196993868733e+01
9.042231779574970574e+01
9.874510395738897728e+01
1.042464174710841291e+02
8.096622066571273990e+01
8.860810095897301153e+01
9.522035263301410168e+01
1.040229889121737443e+02
1.263430251339582213e+02
1.181567696842725184e+02
8.388918616577203125e+01
1.108854063136052872e+02
8.010742787032923218e+01
1.051833108857526327e+02
9.433604236392838516e+01
9.517483327481529898e+01
1.189781305768230482e+02
1.168655447749915481e+02
1.029152833915136114e+02
1.115448290549090871e+02
1.140615038769288958e+02
1.126870987390403229e+02
1.031183570250978931e+02
1.092069594851903247e+02
1.177257830723584675e+02
9.866635135084750630e+01
1.121069727239716798e+02
8.115992442907604243e+01
1.223520603286543178e+02
9.006728349159619995e+01
1.053096175833696435e+02
9.711413674411957686e+01
1.220397749369715399e+02
1.104392442325945467e+02
1.206254073107688498e+02
1.125696623824060651e+02
1.038071716640468338e+02
9.778061612041973660e+01
1.085875785816325418e+02
1.118555417591020387e+02
1.233935708752013340e+02
9.932818778619133582e+01
1.057463632156365634e+02
1.014346861559474462e+02
1.061744895077071931e+02
8.624126364772003228e+01
8.985979202191724369e+01
1.180477116348395157e+02
1.130151612247961452e+02
1.030371238383956864e+02
1.055098520939579743e+02
8.479848007023605305e+01
1.094133853277965756e+02
1.037792529041008862e+02
1.167628175214847914e+02
9.478921645184938427e+01
1.105705606790925515e+02
1.097187110549315321e+02
1.026983933662060764e+02
1.154364856629922826e+02
1.126300532224365440e+02
1.042565212455423591e+02
1.248950492747143812e+02
1.144120428781671279e+02
1.116953396023705665e+02
1.045252547898778772e+02
9.906644235057601122e+01
1.069285119445074201e+02
9.820454843505636688e+01
1.160239438889902459e+02
1.165957117564792895e+02
9.972214732278213489e+01
1.204247298338491419e+02
1.143172194670018627e+02
1.139074868283711766e+02
1.172785099192895188e+02
1.270505761060881156e+02
1.390073699085371857e+02
1.109383412331171996e+02
1.209652659053645749e+02
1.077147261158947629e+02
1.143408160816697290e+02
1.024922761317489091e+02
1.342196210196805168e+02
1.202063780892400615e+02
1.020073199987791810e+02
1.195228662455664050e+02
1.217882679991066368e+02
1.205203532834000413e+02
1.234485947897162390e+02
1.178081302608421623e+02
1.103931559875379662e+02
1.115340705295421770e+02
1.350243434841781891e+02
1.145075640393341985e+02
1.213350549328410466e+02
1.047510487881731081e+02
1.255625563436630330e+02
1.316676624434919347e+02
1.411488418498556427e+02
1.294628904358310706e+02
1.232930384625723121e+02
1.431903162461298109e+02
1.212324855620619388e+02
1.352221875285265469e+02
1.347345373523639296e+02
1.363176682116689733e+02
1.160826525464602810e+02
1.362076193006674600e+02
1.313858778137471290e+02
1.215619457999363817e+02
1.303446030933216377e+02
1.332543766218914527e+02
1.191996644290578331e+02
1.359589153629384555e+02
1.211388551300623106e+02
1.290920429598801888e+02
1.318801813094834188e+02
1.166132449119262304e+02
1.177717943972815391e+02
1.281827861558121526e+02
1.282699583777207692e+02
1.237474129920388464e+02
1.248309790610220915e+02
1.254439937005975310e+02
1.119569361654540671e+02
1.332150475317592964e+02
1.119058334295203565e+02
1.248970064582102850e+02
1.259229746930859051e+02
1.285746821457820772e+02
1.232269811725049493e+02
1.289076154978181989e+02
1.299930596437962151e+02
1.341550678216153756e+02
1.310937577969803272e+02
1.298822372595866170e+02
1.260913954241129176e+02
1.186740447144567980e+02
1.275281232600175230e+02
1.214346829461098451e+02
1.174685584410663637e+02
1.298977375562108136e+02
1.377209739533766992e+02
1.208360873249378358e+02
1.216555063374536445e+02
1.197747144526849610e+02
1.098345422290577460e+02
1.080009053459995556e+02
1.282689188991454614e+02
1.116142165377391962e+02
1.278624260680204685e+02
1.199893698995410602e+02
1.253915822090497727e+02
1.212566424297379797e+02
1.239934765309135969e+02
1.236355935804895978e+02
1.227142299092579520e+02
1.231913777646615813e+02
1.156537744976598390e+02
1.225008662100893844e+02
1.181365688044514428e+02
1.156716425442679110e+02
1.203122973302766212e+02
1.240738847980866950e+02
1.082927308527934258e+02
1.199532501528083799e+02
1.137505262503089227e+02
1.224132164251701766e+02
1.199927034818738036e+02
1.190035667065860991e+02
9.519439759425621617e+01
1.178710029368263861e+02
1.070128964190765259e+02
1.258949120849960650e+02
1.334440540284787460e+02
1.167678418439293324e+02
1.349394267398853628e+02
1.148863012818422220e+02
1.341158040235709450e+02
1.291131114780972098e+02
1.142002140492253517e+02
1.270026071473425446e+02
1.254043415870793865e+02
1.219927866719995819e+02
1.260376663277027518e+02
1.197392723100208656e+02
1.224584101735042907e+02
1.226283273418775366e+02
1.214190905729224994e+02
1.227618109275935296e+02
1.224531837978180988e+02
1.115601282816680140e+02
1.140197643685807236e+02
1.289216127040855042e+02
1.250069153642665043e+02
1.255094507287089698e+02
1.093897415462508320e+02
1.035379908804278273e+02
