1.324638315415444545e+01
1.228910990357813660e+01
1.159195123063124910e+01
9.544282756359082853e+00
2.059341858188894392e+01
1.295873793580566691e+01
1.853237407589456609e+01
1.626857912254990524e+01
1.333566646253572330e+01
6.060436361260539861e+00
5.615059117132150668e+00
9.513966341939386950e+00
7.330302403948511625e+00
8.086751854456494470e+00
9.235198367598222546e+00
8.286535263104035209e+00
1.353940750385908132e+01
1.447848979233216404e+01
8.205689083394114292e+00
5.344155686354954859e+00
9.269783648440178325e+00
1.394114613493293575e+01
1.295530779256131737e+01
1.054809092785145808e+01
1.562988590276119893e+01
1.002441464071039334e+01
1.422423596854639172e+01
8.630694577430537251e+00
1.079629566101262483e+01
1.147635249836230109e+01
7.602338821412497616e+00
1.303840481040529831e+01
7.336363010526552486e+00
7.338180216435739922e+00
1.493095219111404681e+01
7.684327484490030002e+00
8.394177876494053336e+00
9.889163541753951847e+00
6.206090198793082102e+00
1.033999785084869139e+01
6.308371862497925697e+00
9.841860709348727809e+00
5.402057221302105638e+00
9.868918661918110402e+00
6.402777175222917450e+00
1.087627387175099258e+01
5.595236068895276915e+00
6.151422599691880322e+00
1.285024859249380036e+01
7.050925865129738845e+00
1.176321951394826826e+01
9.817444790892496442e+00
1.131763618821920403e+01
1.291407500881628501e+01
1.040939746361697615e+01
7.713192162349732151e+00
8.405289339986392605e+00
1.018146464032666643e+01
5.567365225630123149e+00
1.113951923957622547e+01
7.319987856699095907e+00
8.830251034559172041e+00
2.064579591318506147e+01
8.785341326449543686e+00
7.464285334548482531e+00
4.664761515876239883e+00
8.782305442700618414e+00
5.863635580612272413e+00
1.253191481334312662e+01
6.999682532483565645e+00
1.353251229036533765e+01
4.898979485566355763e+00
4.333846123505336045e+00
2.801586851926759714e+00
4.756282395129859175e+00
1.162870012798793695e+01
3.151013946159059387e+00
7.187643718369896462e+00
4.186751591495355029e+00
9.618500691664763735e+00
7.266360849833979785e+00
5.511200716117435228e+00
4.292629341868066106e+00
5.083306010855533685e+00
6.134057928212503619e+00
5.467479614350046369e+00
1.444929832975366857e+01
7.915105109149775942e+00
1.155200800245952486e+01
9.105309806188181199e+00
5.387227693556512875e+00
6.046486583132389292e+00
1.661244513409550194e+01
5.690537955432880324e+00
8.486852577172921741e+00
8.965613321029534788e+00
5.523284047255460294e+00
8.160609998986323887e+00
7.978860960201162200e+00
9.964381008817802865e+00
3.806427312965385834e+00
9.017513823419156083e+00
8.840814442120137784e+00
6.257440016137234551e+00
7.163487667020551619e+00
9.753403964200851206e+00
9.659537601079394520e+00
8.101028741256671495e+00
1.401903467908305423e+01
7.400900846068222627e+00
4.813868852942852605e+00
5.787342510456188194e+00
9.032287762367971595e+00
4.650448007092077063e+00
9.024903816046400351e+00
1.291613977419982362e+01
5.759629617721381045e+00
9.713678785895462298e+00
1.402315545406556829e+01
5.140687372975200731e+00
6.661331198291624567e+00
6.096993794759293372e+00
1.309690379016693029e+01
6.097722707882199167e+00
1.193240219830953386e+01
6.874752520798273814e+00
3.930507459462313058e+00
5.105117258420439619e+00
6.203941399536981649e+00
6.826093725957441904e+00
6.255308856394614203e+00
1.100706843603489027e+01
6.569288816573340739e+00
5.489383693397040354e+00
4.800925836637022215e+00
4.659995231280344541e+00
1.730125236314797377e+01
5.790413533495590848e+00
9.328570213179627757e+00
9.659537601079394520e+00
1.180207138128256439e+01
1.153930481249003037e+01
6.942301891703900552e+00
5.874237539176183631e+00
1.024933602185472736e+01
8.204605752597473156e+00
8.031604239917868426e+00
5.352465683111746308e+00
1.183478864290453636e+01
6.671331701142333870e+00
1.171134302954001782e+01
1.171248147158501141e+01
9.255388820693717378e+00
9.570788891204319526e+00
1.578972943262662554e+01
7.632095969580630523e+00
1.709762816559328513e+01
1.049952379872535069e+01
9.562891241088591343e+00
7.801424371371052935e+00
6.609757097570899909e+00
7.727008908152408040e+00
2.084695554644743609e+01
7.666956516260035492e+00
1.293917393894302137e+01
1.137638880410749032e+01
1.783429903927323323e+01
5.470730197047638299e+00
1.736356338236288721e+01
1.103207444983338981e+01
1.440771398321823504e+01
8.423775875461075202e+00
3.696821457534687028e+01
1.344354450615197294e+01
9.810198774744577577e+00
8.585776351359005076e+00
1.030641655582687122e+01
1.134195750300625960e+01
1.137169976545087913e+01
1.250528777046822881e+01
1.223365122202779709e+01
6.469071717711041281e+00
8.261288573151823300e+00
9.099450532861860452e+00
2.853271027357120104e+01
1.500873819553869559e+01
1.342137598509680885e+01
1.266736840161452982e+01
1.735434623756635020e+01
8.838300490227494421e+00
2.967977238606942336e+01
1.733282050523418505e+01
7.031358332498778729e+00
3.172100600898752010e+00
5.650565360111223789e+00
7.334545354386701632e+00
7.343629136121246681e+00
1.194691964017875385e+01
1.039144947647931438e+01
4.166533331199931744e+00
1.308026503299276833e+01
8.155706931686275141e+00
3.457680661303984326e+00
4.582090740650555105e+00
1.321346114973497698e+01
1.417352775031286605e+01
5.678027826631356412e+00
3.461534662865911827e+00
1.516516476080039766e+01
2.183839635952135438e+01
1.050079362080155576e+01
6.140575434490375351e+00
8.792420978699022172e+00
7.894864716313312769e+00
7.244921593011818040e+00
5.813394495091103842e+00
9.611567105431987557e+00
8.978987817244336256e+00
9.113116310510303464e+00
8.599741598185119074e+00
5.148462553682086273e+00
1.092682733255886873e+01
9.852241707685955419e+00
5.467479614350046369e+00
5.071050734863097098e+00
3.667272677193351260e+00
1.520906162639745318e+01
7.889233169326407946e+00
7.903304512811221372e+00
8.774711138012209588e+00
1.149376642648817004e+01
9.513966341939388727e+00
8.444853791247989960e+00
2.343729222130122025e+01
6.454627969311804492e+00
1.047451934723286193e+01
4.945929864264375198e+00
8.355969256897861186e+00
9.220749547744055974e+00
5.611892134862656256e+00
1.208010301648495499e+01
9.047037575299933465e+00
1.020370303152515135e+01
5.352465683111746308e+00
8.774711138012211364e+00
9.474175425861609767e+00
2.079893159649205359e+01
9.680679498648611769e+00
1.013771834947752559e+01
2.228542124349459286e+01
1.073229808672039276e+01
1.388524396616782575e+01
2.120524044245247808e+01
1.923145571424297628e+01
2.764296173229875464e+01
1.199444315784049486e+01
1.803330252615976192e+01
1.730459155510146374e+01
2.226946090252049615e+01
1.084558281821067816e+01
2.050192402895125454e+01
1.493898702500719544e+01
1.531651251282600512e+01
2.494848024763565775e+01
2.814691615237606825e+01
1.749742838247951937e+01
1.831526382253034413e+01
2.017214801540865921e+01
1.249462106490451418e+01
1.332399673104466409e+01
1.851125783588642904e+01
1.230970710004461921e+01
2.039564223608127236e+01
2.063546031040311490e+01
3.051090879596272387e+01
1.697134840449239590e+01
1.306632652618511869e+01
2.105294912041224364e+01
1.241969761664465288e+01
8.429050295785931013e+00
1.447204201210043450e+01
1.396885424395604858e+01
1.971079794314668376e+01
3.404049875597529962e+01
1.209223809814470307e+01
1.867547411267872803e+01
2.696779972897718736e+01
1.838550153427060252e+01
1.161608080779973484e+01
2.384524178018657636e+01
2.111555508781776425e+01
3.184015633685795166e+01
2.689683996308860259e+01
1.863926560308163616e+01
1.887220177933671650e+01
1.948560722402278600e+01
2.332342646830054278e+01
1.870638631293839538e+01
1.553690945959187530e+01
2.438268967024671241e+01
2.645112894041050566e+01
1.046178229982295527e+01
1.595493654014330431e+01
2.043091339666981909e+01
1.800913348523156898e+01
2.973542593533100131e+01
1.370255450636851080e+01
2.315992707722159949e+01
3.484186498388907438e+01
2.469133901233835715e+01
2.381726731223005444e+01
1.104455622568069550e+01
3.244989299759793511e+01
2.474887202816860921e+01
2.267940818353855192e+01
2.556473265175200993e+01
3.252650201502358840e+01
4.117259066687718416e+01
1.953071654827054360e+01
2.949305002877796511e+01
3.136409837165204806e+01
3.571342729127083970e+01
2.998414395791363418e+01
4.111479863341989471e+01
2.312824151455435739e+01
2.643785165250762148e+01
2.272795635335478082e+01
2.657868820439915325e+01
6.176046919798745449e+01
2.802665398033331812e+01
2.909906451340928513e+01
2.616019028133311508e+01
1.586974760003727702e+01
5.975446054944815444e+01
2.079487116254069790e+01
4.728335389495499186e+01
2.373707835621075191e+01
4.659880780544593648e+01
2.758211981217784015e+01
3.278183778998500486e+01
5.283138797680366849e+01
4.313730017822935991e+01
2.272111108394325285e+01
4.047847164440212708e+01
3.474132985364838078e+01
3.355751282003281943e+01
4.017373381811663791e+01
5.332999989582683042e+01
3.882645146460507135e+01
2.739148286116202868e+01
4.632637837488846344e+01
2.891935146037837612e+01
8.025016441658476651e+01
4.008568600164181106e+01
3.678042957878550823e+01
3.973825472877349796e+01
3.678671257699201647e+01
4.381395008695543680e+01
2.844612842237449257e+01
6.583413501621581077e+01
1.026512975509267136e+02
8.769710498199027882e+01
4.617936046908113212e+01
5.172731923805403653e+01
4.853846126755793478e+01
8.219478220801015311e+01
9.153903842380886147e+01
6.028871278182084836e+01
7.498017515761526397e+01
7.699350621968062569e+01
9.201700325966329785e+01
7.840804947339412934e+01
6.606024186721961655e+01
1.123094930191665668e+02
8.803140853632235974e+01
7.141378640632976271e+01
1.004615128074207178e+02
9.777034315169400713e+01
1.104100236995415827e+02
9.465830949026901919e+01
7.989732299784657243e+01
8.743962996770336815e+01
9.805200434236699891e+01
8.911600429901589848e+01
1.230391807514988329e+02
9.578921303222684003e+01
1.328525331168192452e+02
6.482578362212231582e+01
1.320457833059764710e+02
8.092778674019614016e+01
1.010497347294335526e+02
1.123185944831338503e+02
1.023115937820451649e+02
1.317582972297718129e+02
9.434650084779099188e+01
1.447105924096627803e+02
1.295617570461626826e+02
1.129821224796206423e+02
1.089560563815624761e+02
1.264096339507221245e+02
1.243773112571402777e+02
1.162181091262841335e+02
1.386370160607268076e+02
1.168285353270623972e+02
1.270741515808781656e+02
1.288267398054025534e+02
1.153093616706331801e+02
1.204118857182388780e+02
1.068356162002582721e+02
1.403623247963007543e+02
1.469294010363102529e+02
1.127103662786465605e+02
1.459029205404135041e+02
1.354777554516689690e+02
1.219681196961821712e+02
1.220634807521616381e+02
1.151652725434190785e+02
1.336370540764133352e+02
1.178801651395744017e+02
1.439777143248989830e+02
1.438639171810175128e+02
1.386966313778224276e+02
1.259147154051326538e+02
1.206614363507339505e+02
1.538165429623513774e+02
1.105612751172649695e+02
1.493862406277395110e+02
9.822572643321775843e+01
1.033392256384552041e+02
1.052044781471883113e+02
1.043776476710091998e+02
1.076806802025734271e+02
9.869670713858694455e+01
9.601027722766626482e+01
1.376243518503256098e+02
1.175265454647965555e+02
1.194662946422778873e+02
1.282746359270694541e+02
1.239940141924422079e+02
9.333966645180028365e+01
1.195959122304028455e+02
1.396770879166976727e+02
1.165532019675516580e+02
1.371699027564801554e+02
1.329309929583349401e+02
1.419850696376207111e+02
1.252935043097694745e+02
1.391213698737744551e+02
1.326227062844904765e+02
1.458464336973044340e+02
1.262083990865901058e+02
1.201670318995836482e+02
1.216116587978124670e+02
1.076239543761311381e+02
1.381176632038382195e+02
1.335538842565052562e+02
1.347057039128880547e+02
1.199785906827639934e+02
1.163846878053790874e+02
1.198508332145514288e+02
1.135314738544143012e+02
1.066031894457196643e+02
1.260514180800834936e+02
1.092737642600252030e+02
1.287313481635300718e+02
1.068464318543207128e+02
1.104729227759755901e+02
1.187528900233122329e+02
1.232844948347790677e+02
1.107849969786322362e+02
1.009315719793475807e+02
1.038378222678679492e+02
1.138055651831959665e+02
1.083635855196138635e+02
8.443653764152631425e+01
8.917209329281344310e+01
9.990052830468694367e+01
9.442589098805945014e+01
1.004741204932339258e+02
1.293513045933437979e+02
1.214806797624855221e+02
1.186691760034312040e+02
1.096052715682761090e+02
1.218172401591827310e+02
1.132975237544443843e+02
1.170768788256483788e+02
1.239655149180161686e+02
1.263602609824606020e+02
1.089353732979125340e+02
1.108662056514768324e+02
1.211691196450463508e+02
1.042333706427819209e+02
1.104940420716580149e+02
1.005927764139486698e+02
1.170839395002102350e+02
1.246061528710895345e+02
1.261115203126009305e+02
1.005302386791600640e+02
1.233094751698614004e+02
1.045142414538165525e+02
1.265365296399950097e+02
9.673569948863529078e+01
9.263222381487388191e+01
1.049684820420978610e+02
1.032916905338146449e+02
1.017249013543662954e+02
1.038812142144414139e+02
1.108319248030799002e+02
1.019509686074634658e+02
1.084298851793176084e+02
1.096415168730450631e+02
1.111764163640632717e+02
1.044268164792932794e+02
1.056237347064254095e+02
1.177497157344999721e+02
9.615603060766507326e+01
1.059279419647568261e+02
1.183365069996951178e+02
1.005444290959087539e+02
9.653586552848290125e+01
9.706730769019104343e+01
1.204839500606708356e+02
8.645908473569063801e+01
9.860673855720455094e+01
1.033234403866486275e+02
7.965079339773640754e+01
1.014632062484831039e+02
8.522117629374103842e+01
7.870778586363329055e+01
6.596854469282226319e+01
8.080550036283970883e+01
4.946981122080639182e+01
4.349222152676652797e+01
8.800353528252271929e+01
7.996621508834562064e+01
7.467839193650476659e+01
8.658904216020766853e+01
6.649357529532876754e+01
5.605576588441985564e+01
4.285427503632384116e+01
9.518627352022279808e+01
1.000254634247366710e+02
4.215874760948194933e+01
9.349999405822916287e+01
5.407747528623477962e+01
6.713389605854854381e+01
6.121895131411514512e+01
6.304016356436761015e+01
7.276189478932866450e+01
1.039378019137727733e+02
9.270311033976511794e+01
7.701728521716552223e+01
4.999395519015829592e+01
6.759474009779820847e+01
6.742225151980612452e+01
6.829914591950131353e+01
5.288074633865650043e+01
7.550758607951624413e+01
7.420709759405318096e+01
1.031560629984167861e+02
8.933522386059276243e+01
9.315067841346561295e+01
7.243369381717323563e+01
7.954554251077387050e+01
5.693364558852700696e+01
7.987979858651510767e+01
6.980226039001570371e+01
7.906441818050785741e+01
7.068565782548976983e+01
7.271148464995059157e+01
9.706341569647477741e+01
1.092559482235279518e+02
4.784112596222347236e+01
6.016621421805873382e+01
8.935283369255218133e+01
5.491714971967621750e+01
5.485552742330428799e+01
7.840906977016257429e+01
6.572332581021410647e+01
8.602495761889879589e+01
9.404145657929568358e+01
8.607035881571927405e+01
9.807525455259116143e+01
7.822940623576278085e+01
7.675629543489505124e+01
8.365070232819327600e+01
7.908965376920886570e+01
7.980949539719917141e+01
6.261863407431795281e+01
9.067852863581079248e+01
8.827492408505499100e+01
5.882954662034678250e+01
9.132739640071501697e+01
7.806390544504760953e+01
6.358665128957666468e+01
9.855872473922450183e+01
7.446060852707438471e+01
7.075070474717705338e+01
6.244556740785440496e+01
8.528842568341589470e+01
8.114979290724585326e+01
9.289219558176024805e+01
5.536328506630845681e+01
1.138614362577016976e+02
9.172558106778186016e+01
5.260730832202773399e+01
8.659468805879492947e+01
9.066715686141996855e+01
1.049956612860211891e+02
9.828272143837558872e+01
6.425248806250401401e+01
8.929626096439997696e+01
8.885603837419017736e+01
5.608144870533293158e+01
7.579428298581188983e+01
5.716082574630986102e+01
7.969592210395711618e+01
6.777557737776115232e+01
8.731338194496115079e+01
9.374253155437088481e+01
4.860516662066104487e+01
7.288572486357591629e+01
9.111726266496133064e+01
7.846601529041447520e+01
7.148208788842761408e+01
7.175123692313603385e+01
8.279812128840177365e+01
6.994423175327294473e+01
7.616951854617144591e+01
7.182218784377613474e+01
6.991696662629338732e+01
6.041044795581490945e+01
7.288072447499406792e+01
6.020394966740600751e+01
8.195239810741084341e+01
7.437353173153888974e+01
7.234681901937514681e+01
6.905521140523879353e+01
6.122831588951851955e+01
6.621164717949721989e+01
9.257247010975898149e+01
6.991486886842375270e+01
9.566274091829063764e+01
6.173650099864386931e+01
7.478383663748620336e+01
8.098301605206421527e+01
5.434237143641536960e+01
8.451245799026055749e+01
7.143282780969047963e+01
4.975808142067644724e+01
6.939740629158988838e+01
8.312977805816638011e+01
5.490824669897551757e+01
6.489807393135792779e+01
6.723094525588643933e+01
5.838797440873896250e+01
9.210042827744554472e+01
5.930246387986101553e+01
8.212077826118199653e+01
7.010702928776510134e+01
9.592668496768189357e+01
7.209130013778053581e+01
7.302437949068790601e+01
4.416464146300245375e+01
6.642737053019301641e+01
8.071034630083060790e+01
8.164296254628034433e+01
9.594012021394733836e+01
6.589634958697551781e+01
6.694621390008217077e+01
8.664425351208622317e+01
6.773917297661343184e+01
8.634463246522945212e+01
8.838240146595299507e+01
7.155554175293173103e+01
7.301092764480914354e+01
8.956596575832932672e+01
6.993679686370798265e+01
7.105928667121716558e+01
6.017470860382753273e+01
4.278919905251272127e+01
4.844717627363733925e+01
9.966575250416876486e+01
8.995025785893496106e+01
6.779164156934589869e+01
5.645277278890343098e+01
7.682401244981213040e+01
5.736317053069271310e+01
5.955441955798821141e+01
8.451366753371905816e+01
9.361471869078897612e+01
7.418038075454242630e+01
6.531646040624062266e+01
6.677670917983971322e+01
6.968966127689880352e+01
7.732517198314027951e+01
7.481841722166777231e+01
9.368661709242266511e+01
9.188882171165086277e+01
8.376130106174065304e+01
