8.460627767619978812e+00
1.332599798222340404e+01
1.140097461720804972e+01
9.069117315863152839e+00
7.628601153262343892e+00
6.479368967902832566e+00
2.384617369726220915e+01
1.341375744856335572e+01
8.678453523269888947e+00
1.003859219877634601e+01
1.320504953922299052e+01
1.880307303489394144e+01
1.142978564978363742e+01
1.506076580611579274e+01
8.033264176742436646e+00
7.079234107977751655e+00
1.462873883832779320e+01
1.567956915507849480e+01
6.354700797222652575e+00
9.095542253702571855e+00
4.630334761116089659e+00
6.519713695145413546e+00
1.875810935746634911e+01
7.237556370918448501e+00
9.485427419643951197e+00
5.607138307550474821e+00
5.101633725255730667e+00
7.292614224146388047e+00
1.380241524758137039e+01
7.088645067210579853e+00
1.945867415832846703e+01
1.098888327154108602e+01
9.807933296854926652e+00
9.002221947941519531e+00
8.225704968099829983e+00
9.264987857520374348e+00
6.788879796320515858e+00
5.068420748999523440e+00
6.990151802516325397e+00
6.701243665668834559e+00
1.221365356203185115e+01
6.312597634008434433e+00
6.115190557583267683e+00
7.857056276579246656e+00
6.993330155703122664e+00
1.222274746346154117e+01
9.117504531882003604e+00
6.365183073216005738e+00
5.421766829692656664e+00
8.292968909463807492e+00
4.791659420284376303e+00
4.567518168789503896e+00
1.209885210349404083e+01
7.318166133366716508e+00
7.689531122824647902e+00
7.406903686576613133e+00
1.231187322149729724e+01
1.278957909132796011e+01
4.040901989517796444e+00
5.026153819992204674e+00
8.789893186053070906e+00
6.448427887649999413e+00
8.539060578046951733e+00
6.117370531709045878e+00
8.425886039791633308e+00
7.050925865129738845e+00
9.039665677200432015e+00
6.013318551349162711e+00
8.973046057808659270e+00
9.405435780559145087e+00
6.027345094557709615e+00
7.855359104882898791e+00
1.104656809451092236e+01
6.126082670752076353e+00
9.071567303026162321e+00
5.387227693556512875e+00
6.992058987801010872e+00
5.312459150169742017e+00
4.891716354091771635e+00
7.178362549278831217e+00
8.570232720812713367e+00
9.814728161741866685e+00
6.257440016137234551e+00
8.290288830245232887e+00
5.572152985057829966e+00
1.109634574483369640e+01
1.375241392952120734e+01
5.072803301265813580e+00
7.524773898411980078e+00
7.098043548909954481e+00
6.482797749943050469e+00
7.724132457578793520e+00
1.190070025950854138e+01
5.507167047483569000e+00
2.160246899469286941e+00
1.133058790276225025e+01
4.773072618578332538e+00
1.094755173035911611e+01
1.116820884873169284e+01
1.324537655183875984e+01
3.721409529854097009e+00
1.090484092298257934e+01
9.075975613306445311e+00
8.378278794332135959e+00
8.168775237995527405e+00
1.870543593005341876e+01
5.938200251104894356e+00
4.090096440047457982e+00
9.179687721631202280e+00
7.363574011458174695e+00
8.619358058076793228e+00
7.442819059708194018e+00
9.474175425861607991e+00
1.276174839989498544e+01
2.075079650412377674e+01
1.036446922047734276e+01
7.364781055808787613e+00
1.194357102749796873e+01
6.184568609764863112e+00
5.364906543661522420e+00
6.559132733999383902e+00
1.167256993506095419e+01
9.132116707289474888e+00
6.375648115202789512e+00
3.759432581299115839e+00
6.198924637924442038e+00
5.977736472389305611e+00
9.624043964063247358e+00
7.622772898799142105e+00
4.999555535800713102e+00
7.063521312584349232e+00
1.017316732062013074e+01
1.123486636423514362e+01
3.457680661303983882e+00
7.233870947762953030e+00
4.189935029992177817e+00
5.491812087098392858e+00
5.409456740026877597e+00
4.541169697580373921e+00
4.327688631231327854e+00
7.747687827130534721e+00
6.605048574133779660e+00
1.069371570388681825e+01
2.848781415896199487e+00
6.659996663329160960e+00
7.744245175182235208e+00
7.022503510540636817e+00
9.256829310778549313e+00
8.833270440027670034e+00
1.008276857922575864e+01
8.341595903795759881e+00
4.308131845707603880e+00
6.427717756370106450e+00
4.079215610874228126e+00
3.073904502239600767e+00
7.298097164482137522e+00
4.208985098043892314e+00
3.586394041683404144e+00
1.004965449931267862e+01
4.897164712588521596e+00
4.616877251514875269e+00
7.098043548909954481e+00
9.999111071601426204e+00
9.819708074411716225e+00
1.136544470460057887e+01
5.030573194643594981e+00
9.519570485175380625e+00
5.033222956847166252e+00
3.630733014450693741e+00
7.243080989621904386e+00
6.754751414128181253e+00
3.197221015541813038e+00
1.145115229524474110e+01
5.450382249591918082e+00
3.806427312965385834e+00
1.029865147590800944e+01
1.293470783074231889e+01
7.732758599332812288e+00
8.820178884555321730e+00
9.222195448421645736e+00
7.666956516260036381e+00
5.099019513592784492e+00
3.483293460696835098e+00
9.801133721270321786e+00
4.036500134192160694e+00
9.925500267268926535e+00
4.256237253203297932e+00
3.414999593297519453e+00
9.748846085563151576e+00
8.609039177257562514e+00
9.506956517320473310e+00
5.004886501099589324e+00
1.502205785577402963e+01
1.256167009420146918e+01
6.897986823865512207e+00
3.963163719387159833e+00
6.169458827338279328e+00
8.652295777550731870e+00
2.719477073916151788e+00
4.578209256903838842e+00
9.083807327082380922e+00
7.628601153262343892e+00
9.593053042002146924e+00
5.965083588871342712e+00
7.042726744663603711e+00
1.160842605849542153e+01
5.596030339048883029e+00
1.380241524758137039e+01
5.230678732248808416e+00
9.377040518675862302e+00
6.354700797222653463e+00
7.233870947762953030e+00
7.191352832086293390e+00
4.631294515455575578e+00
6.344201201797504019e+00
1.274362585765919320e+01
6.957010852370434151e+00
1.287478155154486359e+01
1.315480478338196058e+01
8.330399483551527595e+00
5.399588461684422747e+00
7.274307909042313725e+00
7.692420511993176113e+00
5.638754787677466851e+00
9.181140088972247426e+00
6.271629240742259803e+00
1.095323392123683881e+01
3.893013685508382338e+00
1.575140205399718063e+01
7.339391437078871760e+00
6.631239200431043201e+00
7.041464494139142438e+00
6.770524351924303907e+00
4.869861964733245507e+00
6.000000000000000000e+00
5.607930891950157815e+00
7.136759301905405195e+00
2.054804667656325634e+00
4.240545038343800144e+00
5.650565360111223789e+00
1.096783175168790336e+01
7.525955088890712297e+00
1.406650868789646225e+01
1.022328496891070415e+01
4.819405219180751487e+00
1.026233674927672190e+01
4.487018312123690400e+00
5.996295152471696532e+00
7.382863039950467332e+00
3.844765561412323507e+00
5.028805910838962667e+00
6.438081149604196085e+00
4.739432689913659402e+00
3.003701420285016077e+00
9.272180613713977948e+00
6.263119563497624220e+00
5.576139644353729885e+00
6.579429222120175780e+00
5.326662494783514390e+00
6.816320284598004875e+00
3.322649545167230212e+00
5.732558087121510049e+00
6.835853193924581461e+00
5.467479614350046369e+00
3.604934889225539951e+00
4.434210439550904326e+00
4.544104850120525896e+00
4.753478258660236655e+00
8.621420352174512303e+00
7.597075460699041827e+00
6.291440393282146992e+00
7.736206362868617958e+00
5.022615520489963181e+00
6.402777175222916561e+00
1.335897534327473224e+01
4.024370206076418377e+00
5.840852297015868722e+00
5.982938705649218036e+00
4.192055979269997401e+00
7.040833284017833371e+00
5.975505557412416735e+00
6.364484791926731333e+00
4.080304999493161056e+00
4.639923371014750941e+00
4.986203187017373750e+00
3.592584956081994463e+00
4.990657939256774256e+00
4.948624949305502341e+00
4.312256434345661305e+00
5.414384134465853649e+00
1.884627873672206633e+01
6.627887211539501777e+00
5.787342510456188194e+00
7.480344614759106392e+00
4.716872787015660151e+00
6.865048352989867375e+00
3.910100879630714843e+00
5.341660166402701471e+00
6.051629716218782207e+00
1.209334068356998237e+01
6.675327707311453196e+00
8.821690440172011094e+00
4.485036851081109610e+00
5.322488974989886046e+00
6.182412330330469885e+00
6.312597634008434433e+00
5.795017016560194634e+00
3.940671121635106466e+00
6.129709074118716572e+00
6.053098380168622228e+00
4.529410067056807598e+00
3.487119154832539092e+00
4.730985333122712078e+00
7.390684827688312808e+00
6.345602151621756448e+00
5.885575587824864563e+00
6.540812046085885179e+00
5.042045440317076022e+00
5.136362742468858933e+00
1.125146903988788338e+01
5.161395160225576539e+00
4.440220214759123429e+00
6.271629240742259803e+00
4.582090740650555105e+00
7.568942389058652687e+00
7.936973954572080103e+00
9.056857438795569593e+00
6.974238309665077296e+00
9.548938277223403048e+00
8.209479615393144414e+00
3.691431519975234110e+00
9.019977827023744510e+00
6.569288816573340739e+00
4.249967320135794147e+00
4.936935621752964742e+00
7.050925865129737957e+00
1.150574735609218102e+01
6.717803873952326477e+00
3.259175083088084790e+00
6.020705015933673465e+00
9.095542253702573632e+00
7.657675887630658096e+00
3.649048582241069205e+00
7.886415887813395642e+00
6.395831976112777539e+00
5.136362742468858933e+00
8.174757896516977596e+00
4.060651288757616051e+00
8.507774222569745248e+00
4.814792022738076938e+00
4.639923371014750941e+00
5.987394165151387782e+00
4.959390643572610280e+00
6.767241354906411210e+00
5.322488974989886046e+00
4.057366414587450620e+00
7.185169912163988926e+00
3.593821859184947787e+00
3.263263533472110733e+00
4.455209185760965696e+00
3.590109871423002641e+00
1.022328496891070415e+01
3.434465832637668914e+00
5.088549236603035375e+00
4.118252056394799965e+00
5.699902533279748162e+00
5.430776494511013297e+00
2.872087897138402290e+00
7.134890795707154787e+00
5.899152481501049650e+00
4.007770230717103033e+00
9.329523031752481543e+00
7.795725324389856326e+00
3.483293460696835098e+00
9.776616092607003594e+00
4.218477871881699315e+00
2.981423969999719148e+00
4.079215610874227238e+00
6.557099629832960908e+00
4.978174587358524583e+00
3.355923452974191701e+00
7.852529670254179806e+00
5.002221728614419050e+00
1.053164543438277612e+01
1.226485493867198961e+01
4.894441291460707610e+00
3.050682983639346535e+00
6.130434097372079449e+00
3.762977544445355704e+00
8.540101482613268402e+00
6.337191807101943297e+00
3.721409529854097009e+00
6.877984200815428828e+00
6.096993794759295149e+00
4.384822307308093414e+00
6.446359868604572441e+00
7.388880534665284827e+00
6.675327707311454084e+00
1.037089945740269847e+01
6.816320284598003987e+00
6.086779845607107831e+00
4.019950248448356689e+00
4.699881795203884494e+00
6.291440393282146992e+00
6.577402391690979400e+00
4.333846123505335157e+00
8.499411744350311437e+00
3.667272677193351260e+00
1.402854233340014645e+01
6.958927120373273212e+00
2.644911256650316567e+00
6.665333199973326295e+00
3.530187278632993308e+00
8.812617217502541678e+00
7.829857384822960675e+00
3.608631627393162233e+00
8.624512868691322609e+00
3.630733014450693297e+00
4.842405279289300424e+00
1.692519489465992066e+01
3.261901286060018723e+00
6.108645967442830838e+00
4.102032016777375389e+00
4.129030017920539031e+00
7.338180216435739922e+00
4.587906809089400184e+00
4.828618389928484689e+00
9.639271526186798056e+00
2.918142483765238548e+00
6.974875546480301836e+00
3.608631627393162233e+00
3.197221015541813038e+00
5.277204647243546098e+00
7.812809993849843870e+00
7.993330553238326530e+00
2.529822128134703529e+00
4.202644669993196302e+00
6.375648115202790400e+00
6.627887211539501777e+00
2.833137248116770479e+00
5.022615520489963181e+00
3.180496117833750080e+00
3.612324582438417586e+00
1.582403235588198598e+01
5.631656555184767043e+00
5.401234426807758560e+00
5.647418289212631670e+00
4.742245131674330594e+00
7.646059260967195570e+00
1.069870189425905060e+01
4.358389100981640674e+00
3.473071007368294882e+00
5.136362742468858933e+00
6.488964991943374727e+00
2.751968992073372533e+00
9.271221901969315837e+00
6.173779681488120730e+00
5.840852297015869610e+00
5.463413666279433478e+00
2.785677655436824107e+00
4.661902329879223927e+00
3.630733014450693297e+00
6.447738621666772474e+00
2.472964932132188043e+00
5.451197625802568503e+00
3.414999593297519009e+00
3.540244812627134419e+00
8.322392818307857709e+00
4.908043285148256274e+00
5.120763831912405806e+00
5.127702539474509713e+00
6.550996531487065511e+00
5.094659513211412971e+00
4.475116385823577403e+00
8.392059739221753745e+00
5.674112754920856538e+00
4.327688631231327854e+00
7.122421560739639723e+00
3.476907949441412349e+00
3.363860216411430404e+00
3.833188403057347315e+00
5.236623169774794917e+00
8.047083667736750101e+00
6.130434097372079449e+00
8.935323161475469789e+00
4.176122603564220270e+00
4.284338403482567337e+00
8.254291812949997365e+00
2.823709144606315835e+00
6.363087999461338740e+00
5.543364401596640789e+00
8.244594188517305966e+00
4.534313619501853410e+00
3.792390040887437586e+00
1.087177793902890244e+01
3.270066258248192526e+00
9.567073162095546479e+00
3.802922852520442820e+00
6.534013570029781448e+00
4.234251868853443845e+00
4.504812241740308032e+00
7.293833011524188059e+00
1.147054198080166287e+01
6.946142014736589765e+00
4.739432689913659402e+00
3.964284999284934941e+00
2.293953404544700536e+00
5.135497379352202074e+00
6.536733808936147305e+00
4.412104562073145608e+00
4.795368135561184353e+00
3.502380143083652531e+00
6.360992235667500161e+00
4.218477871881699315e+00
2.462158041682584564e+00
7.721830525637471077e+00
5.157087894883657597e+00
5.389702115042062758e+00
2.547329756605706486e+00
7.988881162104129352e+00
4.014418457953225605e+00
2.390722810272147836e+00
2.561249694973139590e+00
5.052612085732377523e+00
3.895296308797744800e+00
7.341207893346525459e+00
1.146279004237430676e+01
4.557777236036589130e+00
1.081233863078042212e+01
9.249624617007739857e+00
5.619806244188692013e+00
3.116978594016255766e+00
5.195724738239657192e+00
3.889587238883951859e+00
6.239658110292047866e+00
3.593821859184948231e+00
7.347259504211228531e+00
7.356327586204652214e+00
7.623355924758830504e+00
4.725345372445159953e+00
5.384752135015646424e+00
6.216108107168020425e+00
4.589843860815601140e+00
8.015540461434206065e+00
5.236623169774794917e+00
4.516635916254485572e+00
7.734482673212359494e+00
6.907644718393929573e+00
5.057887130237508799e+00
4.657133119086127593e+00
9.949651026822778022e+00
5.251031644670725029e+00
6.096993794759293372e+00
7.374430298146577911e+00
4.508756911709578041e+00
5.630867310340979870e+00
3.673327283721576464e+00
5.798850460795368811e+00
4.261455150532503566e+00
3.492213560989011700e+00
7.877957998251972072e+00
3.363860216411429960e+00
5.769652406245014298e+00
5.460972644339304516e+00
4.528428719397785684e+00
4.202644669993196302e+00
2.576819745345025670e+00
6.396526835365857089e+00
5.619806244188693789e+00
9.060291876583715265e+00
4.999555535800712214e+00
6.129709074118716572e+00
4.639923371014750941e+00
6.645299090334459535e+00
4.582090740650555105e+00
4.544104850120525896e+00
5.942689252817746848e+00
8.842825089051324028e+00
3.492213560989011700e+00
5.309948733797299703e+00
3.649048582241068761e+00
4.434210439550903438e+00
9.168545262047967270e+00
6.280835047100735480e+00
1.104817732579551937e+01
4.928826770473206054e+00
1.278784144759735675e+01
4.777726097911711101e+00
1.350160484288195128e+01
5.174295443181934573e+00
5.895384258515772302e+00
7.605845705040886529e+00
4.800925836637021327e+00
7.564830908002284637e+00
5.309948733797300591e+00
6.811754546370559993e+00
6.020705015933673465e+00
9.364234559689801785e+00
6.033241251599342547e+00
2.156128217172831096e+00
5.985166849990251947e+00
9.149620514292140072e+00
4.412104562073145608e+00
3.363860216411429960e+00
2.748737083745107057e+00
6.287200401521243265e+00
3.749962962780062359e+00
3.047767853509989688e+00
4.993328882953067982e+00
6.997142273814360713e+00
7.370813312578802012e+00
6.715156985010352741e+00
5.148462553682086273e+00
4.271871824960211228e+00
6.257440016137234551e+00
9.467136138593691186e+00
4.977281721314690266e+00
6.617821057988463984e+00
4.563624290699954678e+00
7.228339289829226466e+00
4.245782220824175113e+00
3.201388587611458281e+00
3.738092205033649584e+00
3.355923452974191701e+00
1.308875683766627063e+01
6.980608060111157975e+00
9.400709193105239336e+00
6.423567717571148528e+00
5.463413666279433478e+00
1.199147845578498739e+01
8.463253905364451768e+00
3.249615361854384155e+00
5.359933664597807734e+00
5.569759619788112737e+00
1.615288072003119524e+01
6.173779681488119842e+00
4.330768471709790290e+00
6.177378084592199947e+00
4.349201714746690151e+00
7.175885543494498364e+00
6.701243665668833671e+00
6.265957406671563312e+00
1.182201336490532029e+01
4.891716354091770746e+00
2.332380757938119942e+00
1.059979035432095529e+01
4.270831300812524489e+00
3.145366963222786971e+00
6.099180272790762913e+00
3.860915262818735982e+00
2.958978802822952670e+00
7.689531122824647014e+00
6.737622396332073826e+00
5.859086011391955395e+00
4.161196409153928855e+00
5.652924513520020788e+00
4.000000000000000000e+00
4.555826550205302361e+00
3.659993928349547510e+00
4.657133119086127593e+00
3.808761828556186835e+00
2.999259167787198255e+00
5.071050734863097098e+00
6.169458827338279328e+00
3.919183588453085232e+00
7.922962408930976252e+00
4.373658524495126265e+00
6.617821057988464872e+00
4.412104562073145608e+00
5.555377774933242030e+00
2.658320271650251421e+00
6.627887211539503554e+00
4.111771718695806044e+00
6.084588911522472721e+00
5.157087894883657597e+00
2.499777767900356995e+00
9.246260505379098049e+00
9.166606060405708689e+00
3.590109871423002641e+00
4.277070648625450389e+00
5.081557066709200932e+00
3.530187278632994197e+00
6.454627969311803604e+00
3.405877273185279996e+00
2.604269997949947957e+00
6.518350166176169580e+00
6.354001363970056993e+00
3.714236873915765180e+00
3.567756842735907430e+00
4.749736834815166731e+00
5.931460378542726453e+00
3.138293945583952027e+00
4.013311184877976778e+00
3.739280976634708598e+00
2.205044721138830432e+00
6.009621914526367625e+00
4.193116051604370398e+00
4.805552344250693331e+00
5.994071144797072925e+00
1.927577639306794932e+00
