1.000000000000000000e+00
1.000000000000000000e+00
1.000000000000000000e+00
1.000000000000000000e+00
1.000000000000000000e+00
1.000000000000000000e+00
1.000000000000000000e+00
1.000000000000000000e+00
1.000000000000000000e+00
1.000000000000000000e+00
1.000000000000000000e+00
1.000000000000000000e+00
1.000000000000000000e+00
1.000000000000000000e+00
1.000000000000000000e+00
1.000000000000000000e+00
1.000000000000000000e+00
1.000000000000000000e+00
1.000000000000000000e+00
1.000000000000000000e+00
1.000000000000000000e+00
1.000000000000000000e+00
1.000000000000000000e+00
1.000000000000000000e+00
1.000000000000000000e+00
1.000000000000000000e+00
1.000000000000000000e+00
1.000000000000000000e+00
1.000000000000000000e+00
1.000000000000000000e+00
1.000000000000000000e+00
1.000000000000000000e+00
1.000000000000000000e+00
1.000000000000000000e+00
1.000000000000000000e+00
1.000000000000000000e+00
1.000000000000000000e+00
1.000000000000000000e+00
1.000000000000000000e+00
1.000000000000000000e+00
1.000000000000000000e+00
1.000000000000000000e+00
1.000000000000000000e+00
1.000000000000000000e+00
1.000000000000000000e+00
1.000000000000000000e+00
1.000000000000000000e+00
1.000000000000000000e+00
1.000000000000000000e+00
1.000000000000000000e+00
1.000000000000000000e+00
1.000000000000000000e+00
1.000000000000000000e+00
1.000000000000000000e+00
1.000000000000000000e+00
1.000000000000000000e+00
1.000000000000000000e+00
1.000000000000000000e+00
1.000000000000000000e+00
1.000000000000000000e+00
1.000000000000000000e+00
1.000000000000000000e+00
1.000000000000000000e+00
1.000000000000000000e+00
1.000000000000000000e+00
1.000000000000000000e+00
1.000000000000000000e+00
1.000000000000000000e+00
1.000000000000000000e+00
1.000000000000000000e+00
1.000000000000000000e+00
1.000000000000000000e+00
1.000000000000000000e+00
1.000000000000000000e+00
1.000000000000000000e+00
1.000000000000000000e+00
1.000000000000000000e+00
1.000000000000000000e+00
1.000000000000000000e+00
1.000000000000000000e+00
1.000000000000000000e+00
1.000000000000000000e+00
1.000000000000000000e+00
1.000000000000000000e+00
1.000000000000000000e+00
1.000000000000000000e+00
1.000000000000000000e+00
1.000000000000000000e+00
1.000000000000000000e+00
1.000000000000000000e+00
1.000000000000000000e+00
1.000000000000000000e+00
1.000000000000000000e+00
1.000000000000000000e+00
1.000000000000000000e+00
1.000000000000000000e+00
1.000000000000000000e+00
1.000000000000000000e+00
1.000000000000000000e+00
1.000000000000000000e+00
1.000000000000000000e+00
1.000000000000000000e+00
9.900548088322935758e-01
9.802085739701018596e-01
9.704603107817338925e-01
9.608090444327470614e-01
9.512538097884636334e-01
9.417936513174566260e-01
9.324276229959952422e-01
9.231547882134424343e-01
9.139742196785926032e-01
9.048849993269415526e-01
8.958862182288799270e-01
8.869769764987989191e-01
8.781563832051010321e-01
8.694235562811064577e-01
8.607776224368453022e-01
8.522177170717282202e-01
8.437429841880854653e-01
8.353525763055663633e-01
8.270456543763905488e-01
8.188213877014428599e-01
8.106789538472020107e-01
8.026175385634972681e-01
7.946363357020823637e-01
7.867345471360202014e-01
7.789113826798691465e-01
7.711660600106644559e-01
7.634978045896847476e-01
7.559058495849976245e-01
7.483894357947760145e-01
7.409478115713770130e-01
7.335802327461771188e-01
7.262859625551540965e-01
7.190642715652102446e-01
7.119144376012283004e-01
7.048357456738540971e-01
6.978274879079955362e-01
6.908889634720359885e-01
6.840194785077496897e-01
6.772183460609155770e-01
6.704848860126214616e-01
6.638184250112512119e-01
6.572182964051491716e-01
6.506838401759548196e-01
6.442144028725997895e-01
6.378093375459624736e-01
6.314680036841724409e-01
6.251897671485594499e-01
6.189740001102377320e-01
6.128200809873238786e-01
6.067273943827771188e-01
6.006953310228597687e-01
5.947232876962093018e-01
5.888106671935159353e-01
5.829568782478026234e-01
5.771613354752963554e-01
5.714234593168904253e-01
5.657426759801873484e-01
5.601184173821193157e-01
5.545501210921398583e-01
5.490372302759793932e-01
5.435791936399625435e-01
5.381754653758771267e-01
5.328255051063937042e-01
5.275287778310270292e-01
5.222847538726355099e-01
5.170929088244532457e-01
5.119527234976490870e-01
5.068636838694067226e-01
5.018252810315224632e-01
4.968370111395138400e-01
4.918983753622346300e-01
4.870088798319917034e-01
4.821680355951573627e-01
4.773753585632738994e-01
4.726303694646442066e-01
4.679325937964042836e-01
4.632815617770724703e-01
4.586768082995709150e-01
4.541178728847146684e-01
4.496042996351629628e-01
4.451356371898296804e-01
4.407114386787463478e-01
4.363312616783748821e-01
4.319946681673652034e-01
4.277012244827523846e-01
4.234505012765899523e-01
4.192420734730151755e-01
4.150755202257406240e-01
4.109504248759693334e-01
4.068663749107288563e-01
4.028229619216191493e-01
3.988197815639719090e-01
3.948564335164153061e-01
3.909325214408418958e-01
3.870476529427739898e-01
3.832014395321245437e-01
3.793934965843471230e-01
3.756234433019738916e-01
3.718909026765346848e-01
3.681955014508566104e-01
3.645368700817375740e-01
3.609146427029917836e-01
3.573284570888628497e-01
3.537779546178008161e-01
3.502627802365997911e-01
3.467825824248924049e-01
3.433370131599973174e-01
3.399257278821166683e-01
3.365483854598799729e-01
3.332046481562305207e-01
3.298941815946515033e-01
3.266166547257279840e-01
3.233717397940418237e-01
3.201591123053958432e-01
3.169784509943637807e-01
3.138294377921640455e-01
3.107117577948523279e-01
3.076250992318306787e-01
3.045691534346707252e-01
3.015436148062460298e-01
2.985481807901724793e-01
2.955825518405522101e-01
2.926464313920190130e-01
2.897395258300811127e-01
2.868615444617599874e-01
2.840121994865205113e-01
2.811912059674905873e-01
2.783982818029675510e-01
2.756331476982074591e-01
2.728955271374955971e-01
2.701851463564944877e-01
2.675017343148674009e-01
2.648450226691740905e-01
2.622147457460358155e-01
2.596106405155685914e-01
2.570324465650791201e-01
2.544799060730238982e-01
2.519527637832266742e-01
2.494507669793523952e-01
2.469736654596356995e-01
2.445212115118604035e-01
2.420931598885879554e-01
2.396892677826326923e-01
2.373092948027807070e-01
2.349530029497507722e-01
2.326201565923939618e-01
2.303105224441304999e-01
2.280238695396208382e-01
2.257599692116690204e-01
2.235185950683556133e-01
2.212995229703985101e-01
2.191025310087386380e-01
2.169273994823490703e-01
2.147739108762644622e-01
2.126418498398296719e-01
2.105310031651643488e-01
2.084411597658419601e-01
2.063721106557810103e-01
2.043236489283463131e-01
2.022955697356580707e-01
2.002876702681069265e-01
1.982997497340728554e-01
1.963316093398459194e-01
1.943830522697464758e-01
1.924538836664437813e-01
1.905439106114698022e-01
1.886529421059274236e-01
1.867807890513902835e-01
1.849272642309927883e-01
1.830921822907083107e-01
1.812753597208135448e-01
1.794766148375374903e-01
1.776957677648929035e-01
1.759326404166883795e-01
1.741870564787199316e-01
1.724588413911390117e-01
1.707478223309967236e-01
1.690538281949612032e-01
1.673766895822071943e-01
1.657162387774757384e-01
1.640723097343027015e-01
1.624447380584138068e-01
1.608333609912851736e-01
1.592380173938672261e-01
1.576585477304708049e-01
1.560947940528133182e-01
1.545465999842238480e-01
1.530138107040054651e-01
1.514962729319526968e-01
1.499938349130237603e-01
1.485063464021647295e-01
1.470336586492849984e-01
1.455756243843819298e-01
1.441320978028140798e-01
1.427029345507203340e-01
1.412879917105844818e-01
1.398871277869434271e-01
1.385002026922373952e-01
1.371270777328010837e-01
1.357676155949943952e-01
1.344216803314705888e-01
1.330891373475816541e-01
1.317698533879188838e-01
1.304636965229866996e-01
1.291705361360103443e-01
1.278902429098733307e-01
1.266226888141862572e-01
1.253677470924831339e-01
1.241252922495461042e-01
1.228952000388554150e-01
1.216773474501649938e-01
1.204716126972010110e-01
1.192778752054834551e-01
1.180960156002683059e-01
1.169259156946102218e-01
1.157674584775434945e-01
1.146205281023810890e-01
1.134850098751296332e-01
1.123607902430202171e-01
1.112477567831527125e-01
1.101457981912536549e-01
1.090548042705454801e-01
1.079746659207270615e-01
1.069052751270631874e-01
1.058465249495834093e-01
1.047983095123876524e-01
1.037605239930586565e-01
1.027330646121797225e-01
1.017158286229564584e-01
1.007087143009423452e-01
9.971162093386584657e-02
9.872444881155936769e-02
9.774709921598799534e-02
9.677947441137779716e-02
9.582147763444184840e-02
9.487301308470420802e-02
9.393398591491944338e-02
9.300430222158811988e-02
9.208386903556609049e-02
9.117259431276780735e-02
9.027038692496150429e-02
8.937715665065665283e-02
8.849281416608137385e-02
8.761727103625031876e-02
8.675043970612081323e-02
8.589223349183758294e-02
8.504256657206391012e-02
8.420135397939987332e-02
8.336851159188507498e-02
8.254395612458685638e-02
8.172760512127126564e-02
8.091937694615768117e-02
8.011919077575509196e-02
7.932696659077961843e-02
7.854262516815259387e-02
7.776608807307809623e-02
7.699727765119955547e-02
7.623611702083406272e-02
7.548253006528432563e-02
7.473644142522671563e-02
7.399777649117557365e-02
7.326646139602187302e-02
7.254242300764672524e-02
7.182558892160786912e-02
7.111588745389937904e-02
7.041324763378303819e-02
6.971759919669132111e-02
6.902887257720077829e-02
6.834699890207555917e-02
6.767190998337987984e-02
6.700353831165935248e-02
6.634181704918974687e-02
6.568668002329346167e-02
6.503806171972188743e-02
6.439589727610421643e-02
6.376012247546090916e-02
6.313067373978208108e-02
6.250748812366964391e-02
6.189050330804263256e-02
6.127965759390537059e-02
6.067488989617735723e-02
6.007613973758490350e-02
5.948334724261312295e-02
5.889645313151858214e-02
5.831539871440104272e-02
5.774012588533462831e-02
5.717057711655698649e-02
5.660669545271666131e-02
5.604842450517732305e-02
5.549570844637902872e-02
5.494849200425527130e-02
5.440672045670584545e-02
5.387033962612448879e-02
5.333929587398119482e-02
5.281353609545817035e-02
5.229300771413947224e-02
5.177765867675315076e-02
5.126743744796605912e-02
5.076229300523007332e-02
5.026217483368001365e-02
4.976703292108194260e-02
4.927681775283195703e-02
4.879148030700476008e-02
4.831097204945127011e-02
4.783524492894536406e-02
4.736425137237849220e-02
4.689794428000255977e-02
4.643627702071968788e-02
4.597920342741926292e-02
4.552667779236102552e-02
4.507865486260440036e-02
4.463508983548301889e-02
4.419593835412456706e-02
4.376115650301491689e-02
4.333070080360666709e-02
4.290452820997113503e-02
4.248259610449382773e-02
4.206486229361258017e-02
4.165128500359820823e-02
4.124182287637703087e-02
4.083643496539513668e-02
4.043508073152356913e-02
4.003772003900452764e-02
3.964431315143757822e-02
3.925482072780615145e-02
3.886920381854330059e-02
3.848742386163672702e-02
3.810944267877263564e-02
3.773522247151770564e-02
3.736472581753939870e-02
3.699791566686353589e-02
3.663475533816940716e-02
3.627520851512146954e-02
3.591923924273784235e-02
3.556681192379460704e-02
3.521789131526619626e-02
3.487244252480097700e-02
3.453043100723204861e-02
3.419182256112261037e-02
3.385658332534591947e-02
3.352467977569899282e-02
3.319607872155030948e-02
3.287074730252059068e-02
3.254865298519683814e-02
3.222976355987890867e-02
3.191404713735852827e-02
3.160147214573032909e-02
3.129200732723470130e-02
3.098562173513187690e-02
3.068228473060734263e-02
3.038196597970786034e-02
3.008463545030805666e-02
2.979026340910724199e-02
2.949882041865595564e-02
2.921027733441231705e-02
2.892460530182741282e-02
2.864177575345995888e-02
2.836176040611939481e-02
2.808453125803766354e-02
2.781006058606891318e-02
2.753832094291724236e-02
2.726928515439185768e-02
2.700292631668973695e-02
2.673921779370511814e-02
2.647813321436597034e-02
2.621964646999676296e-02
2.596373171170767921e-02
2.571036334780960053e-02
2.545951604125501824e-02
2.521116470710422011e-02
2.496528451001684551e-02
2.472185086176826793e-02
2.448083941879082223e-02
2.424222607973934573e-02
2.400598698308110263e-02
2.377209850470956426e-02
2.354053725558195864e-02
2.331128007938043645e-02
2.308430405019630538e-02
2.285958647023752024e-02
2.263710486755879728e-02
2.241683699381449152e-02
2.219876082203364742e-02
2.198285454441737882e-02
2.176909657015798152e-02
2.155746552327991380e-02
2.134794024050211056e-02
2.114049976912171086e-02
2.093512336491868547e-02
2.073179049008148922e-02
2.053048081115317267e-02
2.033117419699810580e-02
2.013385071678876204e-02
1.993849063801269791e-02
1.974507442449922878e-02
1.955358273446583181e-02
1.936399641858391196e-02
1.917629651806390667e-02
1.899046426275933369e-02
1.880648106928981336e-02
1.862432853918267670e-02
1.844398845703311765e-02
1.826544278868261206e-02
1.808867367941558238e-02
1.791366345217377046e-02
1.774039460578860639e-02
1.756884981323105291e-02
1.739901191987892892e-02
1.723086394180134429e-02
1.706438906406037431e-02
1.689957063902949863e-02
1.673639218472889809e-02
1.657483738317714131e-02
1.641489007875944484e-02
1.625653427661205921e-02
1.609975414102284008e-02
1.594453399384756012e-02
1.579085831294215619e-02
1.563871173061045713e-02
1.548807903206746509e-02
1.533894515391778963e-02
1.519129518264933365e-02
1.504511435314191681e-02
1.490038804719079520e-02
1.475710179204475780e-02
1.461524125895888142e-02
1.447479226176164036e-02
1.433574075543626175e-02
1.419807283471626394e-02
1.406177473269483447e-02
1.392683281944819169e-02
1.379323360067254665e-02
1.366096371633471196e-02
1.353000993933601778e-02
1.340035917418963378e-02
1.327199845571099338e-02
1.314491494772130308e-02
1.301909594176384882e-02
1.289452885583318442e-02
1.277120123311690364e-02
1.264910074074997864e-02
1.252821516858141325e-02
1.240853242795325433e-02
1.229004055049168730e-02
1.217272768691024520e-02
1.205658210582480350e-02
1.194159219258045940e-02
1.182774644809005474e-02
1.171503348768429022e-02
1.160344203997318649e-02
1.149296094571897880e-02
1.138357915672017460e-02
1.127528573470671334e-02
1.116806985024616436e-02
1.106192078166072859e-02
1.095682791395509101e-02
1.085278073775488954e-02
1.074976884825582131e-02
1.064778194418307920e-02
1.054680982676126956e-02
1.044684239869449714e-02
1.034786966315666412e-02
1.024988172279173333e-02
1.015286877872400954e-02
1.005682112957823407e-02
9.961729170509468420e-03
9.867583392242555360e-03
9.774374380121212888e-03
9.682092813166542564e-03
9.590729463144967784e-03
9.500275193645341815e-03
9.410720959165334853e-03
9.322057804206860740e-03
9.234276862380555451e-03
9.147369355519074929e-03
9.061326592799312865e-03
8.976139969873292088e-03
8.891800968007726111e-03
8.808301153232157149e-03
8.725632175495521420e-03
8.643785767831150407e-03
8.562753745530065838e-03
8.482528005322525003e-03
8.403100524567646418e-03
8.324463360451160934e-03
8.246608649191123491e-03
8.169528605251542147e-03
8.093215520563778673e-03
8.017661763755774482e-03
7.942859779388876384e-03
7.868802087202328086e-03
7.795481281365189766e-03
7.722890029735774223e-03
7.651021073128422625e-03
7.579867224587592128e-03
7.509421368669132180e-03
7.439676460728742585e-03
7.370625526217500570e-03
7.302261659984429082e-03
7.234578025585924194e-03
7.167567854602147417e-03
7.101224445960153953e-03
7.035541165263789823e-03
6.970511444130260761e-03
6.906128779533254880e-03
6.842386733152662492e-03
6.779278930730717884e-03
6.716799061434601190e-03
6.654940877225313037e-03
6.593698192232880922e-03
6.533064882137765497e-03
6.473034883558440727e-03
6.413602193445016100e-03
6.354760868478954647e-03
6.296505024478720250e-03
6.238828835811375054e-03
6.181726534809984727e-03
6.125192411196862807e-03
6.069220811512532690e-03
6.013806138550391658e-03
5.958942850796958984e-03
5.904625461877739331e-03
5.850848540008573087e-03
5.797606707452466687e-03
5.744894639981793644e-03
5.692707066345878419e-03
5.641038767743867741e-03
5.589884577302840774e-03
5.539239379561133880e-03
5.489098109956761992e-03
5.439455754320981704e-03
5.390307348376855573e-03
5.341647977242843653e-03
5.293472774941273065e-03
5.245776923911772346e-03
5.198555654529484968e-03
5.151804244628129664e-03
5.105518019027754928e-03
5.059692349067229297e-03
5.014322652141359887e-03
4.969404391242658245e-03
4.924933074507595668e-03
4.880904254767441663e-03
4.837313529103525953e-03
4.794156538406963916e-03
4.751428966942718851e-03
4.709126541918037465e-03
4.667245033055159725e-03
4.625780252168308279e-03
4.584728052744834262e-03
4.544084329530588898e-03
4.503845018119375168e-03
4.464006094546519449e-03
4.424563574886471173e-03
4.385513514854392364e-03
4.346852009411737890e-03
4.308575192375741457e-03
4.270679236032809065e-03
4.233160350755723646e-03
4.196014784624691255e-03
4.159238823052139461e-03
4.122828788411273156e-03
4.086781039668281948e-03
4.051091972018252066e-03
4.015758016524672604e-03
3.980775639762557799e-03
3.946141343465075189e-03
3.911851664173732548e-03
3.877903172892024301e-03
3.844292474742536537e-03
3.811016208627442982e-03
3.778071046892401454e-03
3.745453694993780992e-03
3.713160891169216618e-03
3.681189406111412370e-03
3.649536042645219486e-03
3.618197635407912564e-03
3.587171050532650656e-03
3.556453185335096013e-03
3.526040968003127558e-03
3.495931357289668636e-03
3.466121342208553988e-03
3.436607941733438570e-03
3.407388204499677952e-03
3.378459208509198945e-03
3.349818060838292803e-03
3.321461897348328834e-03
3.293387882399325534e-03
3.265593208566393551e-03
3.238075096358984141e-03
3.210830793942950467e-03
3.183857576865343694e-03
3.157152747781979008e-03
3.130713636187691749e-03
3.104537598149294080e-03
3.078622016041166701e-03
3.052964298283502090e-03
3.027561879083141144e-03
