2.339999999999999858e+01
2.026666666666666572e+01
1.839999999999999858e+01
2.180000000000000071e+01
2.086666666666666714e+01
1.919999999999999929e+01
2.019999999999999929e+01
1.966666666666666785e+01
2.366666666666666785e+01
2.126666666666666572e+01
1.846666666666666501e+01
1.900000000000000000e+01
2.460000000000000142e+01
2.619999999999999929e+01
2.480000000000000071e+01
1.800000000000000000e+01
1.986666666666666714e+01
1.860000000000000142e+01
2.260000000000000142e+01
2.053333333333333499e+01
2.593333333333333357e+01
1.786666666666666714e+01
2.046666666666666501e+01
1.953333333333333499e+01
2.513333333333333286e+01
2.539999999999999858e+01
2.180000000000000071e+01
2.139999999999999858e+01
1.980000000000000071e+01
2.293333333333333357e+01
2.086666666666666714e+01
1.860000000000000142e+01
2.726666666666666572e+01
2.473333333333333428e+01
1.566666666666666607e+01
2.500000000000000000e+01
1.813333333333333286e+01
2.313333333333333286e+01
2.360000000000000142e+01
2.319999999999999929e+01
1.619999999999999929e+01
1.946666666666666501e+01
2.653333333333333499e+01
2.206666666666666643e+01
2.100000000000000000e+01
1.813333333333333286e+01
2.160000000000000142e+01
1.800000000000000000e+01
2.400000000000000000e+01
2.160000000000000142e+01
2.180000000000000071e+01
2.326666666666666572e+01
2.493333333333333357e+01
1.939999999999999858e+01
2.139999999999999858e+01
2.353333333333333499e+01
2.419999999999999929e+01
2.813333333333333286e+01
1.980000000000000071e+01
1.839999999999999858e+01
1.733333333333333215e+01
1.559999999999999964e+01
2.206666666666666643e+01
1.880000000000000071e+01
2.226666666666666572e+01
1.419999999999999929e+01
1.966666666666666785e+01
1.900000000000000000e+01
2.119999999999999929e+01
1.853333333333333499e+01
2.260000000000000142e+01
2.460000000000000142e+01
2.033333333333333215e+01
2.113333333333333286e+01
1.973333333333333428e+01
2.160000000000000142e+01
2.793333333333333357e+01
1.993333333333333357e+01
1.733333333333333215e+01
2.419999999999999929e+01
2.319999999999999929e+01
2.186666666666666714e+01
2.053333333333333499e+01
1.953333333333333499e+01
2.186666666666666714e+01
2.419999999999999929e+01
1.819999999999999929e+01
1.919999999999999929e+01
1.806666666666666643e+01
1.880000000000000071e+01
2.219999999999999929e+01
2.319999999999999929e+01
2.433333333333333215e+01
2.180000000000000071e+01
2.100000000000000000e+01
2.393333333333333357e+01
1.826666666666666572e+01
2.473333333333333428e+01
2.446666666666666501e+01
2.613333333333333286e+01
2.186666666666666714e+01
1.866666666666666785e+01
2.153333333333333499e+01
1.739999999999999858e+01
1.980000000000000071e+01
1.613333333333333286e+01
2.186666666666666714e+01
1.706666666666666643e+01
2.180000000000000071e+01
3.013333333333333286e+01
2.426666666666666572e+01
2.280000000000000071e+01
2.139999999999999858e+01
2.460000000000000142e+01
1.813333333333333286e+01
2.113333333333333286e+01
2.273333333333333428e+01
2.433333333333333215e+01
2.053333333333333499e+01
1.673333333333333428e+01
2.300000000000000000e+01
2.593333333333333357e+01
2.333333333333333215e+01
1.693333333333333357e+01
1.786666666666666714e+01
1.546666666666666679e+01
1.566666666666666607e+01
2.100000000000000000e+01
1.873333333333333428e+01
1.440000000000000036e+01
1.953333333333333499e+01
2.239999999999999858e+01
1.673333333333333428e+01
1.559999999999999964e+01
2.260000000000000142e+01
1.866666666666666785e+01
1.726666666666666572e+01
1.506666666666666643e+01
1.653333333333333499e+01
1.666666666666666785e+01
1.526666666666666750e+01
1.753333333333333499e+01
1.519999999999999929e+01
1.466666666666666607e+01
1.566666666666666607e+01
1.786666666666666714e+01
1.680000000000000071e+01
2.186666666666666714e+01
2.606666666666666643e+01
1.706666666666666643e+01
1.526666666666666750e+01
2.126666666666666572e+01
1.673333333333333428e+01
1.666666666666666785e+01
1.513333333333333286e+01
1.559999999999999964e+01
1.866666666666666785e+01
1.713333333333333286e+01
1.553333333333333321e+01
1.480000000000000071e+01
1.519999999999999929e+01
1.446666666666666679e+01
1.686666666666666714e+01
1.206666666666666643e+01
1.660000000000000142e+01
1.806666666666666643e+01
1.500000000000000000e+01
2.066666666666666785e+01
1.540000000000000036e+01
2.546666666666666501e+01
2.013333333333333286e+01
1.739999999999999858e+01
1.980000000000000071e+01
1.526666666666666750e+01
1.519999999999999929e+01
2.406666666666666643e+01
1.700000000000000000e+01
1.666666666666666785e+01
2.200000000000000000e+01
1.666666666666666785e+01
1.600000000000000000e+01
1.646666666666666501e+01
1.473333333333333250e+01
1.459999999999999964e+01
1.800000000000000000e+01
1.586666666666666714e+01
2.373333333333333428e+01
2.026666666666666572e+01
1.953333333333333499e+01
2.000000000000000000e+01
2.080000000000000071e+01
1.986666666666666714e+01
1.893333333333333357e+01
1.806666666666666643e+01
3.206666666666666998e+01
2.833333333333333215e+01
1.813333333333333286e+01
2.580000000000000071e+01
2.353333333333333499e+01
2.693333333333333357e+01
2.460000000000000142e+01
2.680000000000000071e+01
2.286666666666666714e+01
2.000000000000000000e+01
2.406666666666666643e+01
2.673333333333333428e+01
3.060000000000000142e+01
2.906666666666666643e+01
2.880000000000000071e+01
2.880000000000000071e+01
2.433333333333333215e+01
2.280000000000000071e+01
2.839999999999999858e+01
3.033333333333333215e+01
2.346666666666666501e+01
3.346666666666666856e+01
3.033333333333333215e+01
2.313333333333333286e+01
2.173333333333333428e+01
2.760000000000000142e+01
2.793333333333333357e+01
1.786666666666666714e+01
2.926666666666666572e+01
3.180000000000000071e+01
2.753333333333333499e+01
3.913333333333333286e+01
3.546666666666666856e+01
3.713333333333333286e+01
2.080000000000000071e+01
4.760000000000000142e+01
3.886666666666666714e+01
2.500000000000000000e+01
3.153333333333333499e+01
4.579999999999999716e+01
3.673333333333333428e+01
3.173333333333333428e+01
3.666666666666666430e+01
2.726666666666666572e+01
4.613333333333333286e+01
4.493333333333333002e+01
4.046666666666666856e+01
5.200000000000000000e+01
3.886666666666666714e+01
4.286666666666666714e+01
4.079999999999999716e+01
4.006666666666666998e+01
4.560000000000000142e+01
3.826666666666666572e+01
3.713333333333333286e+01
4.406666666666666998e+01
3.526666666666666572e+01
4.586666666666666714e+01
4.260000000000000142e+01
6.039999999999999858e+01
3.653333333333333144e+01
4.773333333333333428e+01
3.973333333333333428e+01
5.113333333333333286e+01
4.239999999999999858e+01
5.746666666666666856e+01
6.426666666666666572e+01
7.653333333333333144e+01
6.793333333333333712e+01
5.939999999999999858e+01
4.600000000000000000e+01
4.153333333333333144e+01
5.446666666666666856e+01
5.226666666666666572e+01
5.779999999999999716e+01
5.720000000000000284e+01
8.186666666666666003e+01
4.573333333333333428e+01
7.000000000000000000e+01
5.439999999999999858e+01
5.933333333333333570e+01
6.360000000000000142e+01
6.146666666666666856e+01
5.826666666666666572e+01
6.079999999999999716e+01
5.060000000000000142e+01
7.000000000000000000e+01
8.453333333333333144e+01
7.266666666666667140e+01
6.459999999999999432e+01
8.320000000000000284e+01
6.286666666666666714e+01
7.813333333333333997e+01
7.859999999999999432e+01
9.126666666666666572e+01
6.713333333333333997e+01
6.513333333333333997e+01
7.746666666666666856e+01
7.306666666666666288e+01
9.546666666666666856e+01
7.606666666666666288e+01
8.713333333333333997e+01
1.222666666666666657e+02
1.257999999999999972e+02
1.097999999999999972e+02
1.237999999999999972e+02
1.295333333333333314e+02
1.153333333333333286e+02
8.993333333333333712e+01
1.192666666666666657e+02
1.084000000000000057e+02
9.733333333333332860e+01
1.056666666666666714e+02
1.281333333333333258e+02
1.204000000000000057e+02
1.638000000000000114e+02
8.233333333333332860e+01
1.339333333333333371e+02
1.308666666666666742e+02
1.226666666666666714e+02
1.354000000000000057e+02
1.351333333333333258e+02
1.044666666666666686e+02
1.461999999999999886e+02
1.510666666666666629e+02
1.583333333333333428e+02
1.695999999999999943e+02
1.838000000000000114e+02
1.344000000000000057e+02
1.602666666666666799e+02
1.686666666666666572e+02
1.403333333333333428e+02
1.625333333333333314e+02
2.001333333333333258e+02
1.935333333333333314e+02
1.330666666666666629e+02
2.256666666666666572e+02
1.961999999999999886e+02
2.666666666666666856e+02
2.222666666666666799e+02
2.433333333333333428e+02
1.831333333333333258e+02
2.411333333333333258e+02
2.159333333333333371e+02
2.700666666666666629e+02
2.270666666666666629e+02
1.905999999999999943e+02
2.144666666666666686e+02
2.488666666666666742e+02
3.006000000000000227e+02
2.600666666666666629e+02
2.626666666666666856e+02
2.598666666666666742e+02
1.724000000000000057e+02
2.540666666666666629e+02
2.698000000000000114e+02
2.471999999999999886e+02
2.334000000000000057e+02
2.459333333333333371e+02
3.078000000000000114e+02
2.284666666666666686e+02
2.020000000000000000e+02
2.358666666666666742e+02
2.133333333333333428e+02
2.310000000000000000e+02
2.460000000000000000e+02
2.459333333333333371e+02
2.304666666666666686e+02
1.947333333333333201e+02
2.683333333333333144e+02
2.686666666666666856e+02
2.395333333333333314e+02
3.019333333333333371e+02
2.362666666666666799e+02
2.490000000000000000e+02
2.730000000000000000e+02
2.871333333333333258e+02
2.763333333333333144e+02
2.731999999999999886e+02
3.044666666666666401e+02
2.841999999999999886e+02
2.248666666666666742e+02
2.594666666666666401e+02
2.515999999999999943e+02
2.625333333333333599e+02
2.558000000000000114e+02
2.729333333333333371e+02
2.846000000000000227e+02
2.908000000000000114e+02
2.668000000000000114e+02
2.508666666666666742e+02
2.549333333333333371e+02
3.043333333333333144e+02
2.631333333333333258e+02
2.502666666666666799e+02
2.741333333333333258e+02
2.998000000000000114e+02
2.797333333333333485e+02
2.821999999999999886e+02
2.826000000000000227e+02
2.878000000000000114e+02
2.930666666666666629e+02
2.613999999999999773e+02
2.524000000000000057e+02
2.748666666666666742e+02
2.869333333333333371e+02
2.855333333333333599e+02
2.638666666666666742e+02
2.305999999999999943e+02
2.842666666666666515e+02
2.454000000000000057e+02
3.071999999999999886e+02
2.943999999999999773e+02
2.651333333333333258e+02
2.820666666666666629e+02
2.791333333333333258e+02
2.642666666666666515e+02
2.716000000000000227e+02
2.790666666666666629e+02
2.593999999999999773e+02
2.746666666666666856e+02
2.843333333333333144e+02
2.524000000000000057e+02
2.677333333333333485e+02
2.969333333333333371e+02
3.047333333333333485e+02
2.453333333333333428e+02
2.900000000000000000e+02
2.741333333333333258e+02
2.650000000000000000e+02
2.779333333333333371e+02
2.905333333333333599e+02
2.781999999999999886e+02
2.415999999999999943e+02
2.968000000000000114e+02
3.004666666666666401e+02
2.876000000000000227e+02
2.921333333333333258e+02
2.785333333333333599e+02
2.919333333333333371e+02
2.878666666666666742e+02
2.720666666666666629e+02
2.971333333333333258e+02
3.001333333333333258e+02
2.908000000000000114e+02
2.886000000000000227e+02
2.791333333333333258e+02
3.163333333333333144e+02
3.366000000000000227e+02
3.113999999999999773e+02
3.548000000000000114e+02
3.245333333333333599e+02
3.111333333333333258e+02
3.480666666666666629e+02
3.488666666666666742e+02
3.418666666666666742e+02
3.246666666666666856e+02
3.432666666666666515e+02
3.368000000000000114e+02
3.218666666666666742e+02
3.396000000000000227e+02
3.722666666666666515e+02
3.523333333333333144e+02
2.958000000000000114e+02
3.086666666666666856e+02
3.312666666666666515e+02
3.004666666666666401e+02
3.250666666666666629e+02
3.660000000000000000e+02
3.493999999999999773e+02
2.919333333333333371e+02
3.172666666666666515e+02
3.107333333333333485e+02
3.292666666666666515e+02
3.512666666666666515e+02
3.181333333333333258e+02
3.356000000000000227e+02
2.973999999999999773e+02
3.118000000000000114e+02
3.170000000000000000e+02
3.645333333333333599e+02
3.227333333333333485e+02
3.413333333333333144e+02
3.300000000000000000e+02
3.273333333333333144e+02
3.167333333333333485e+02
3.018000000000000114e+02
2.985333333333333599e+02
3.176666666666666856e+02
3.206000000000000227e+02
3.468000000000000114e+02
3.514666666666666401e+02
3.386666666666666856e+02
3.380666666666666629e+02
3.457333333333333485e+02
3.555333333333333599e+02
3.578000000000000114e+02
3.620666666666666629e+02
3.421333333333333258e+02
3.222666666666666515e+02
3.850000000000000000e+02
3.675333333333333599e+02
3.490666666666666629e+02
3.906000000000000227e+02
3.696000000000000227e+02
3.688666666666666742e+02
3.837333333333333485e+02
3.599333333333333371e+02
3.793333333333333144e+02
3.861333333333333258e+02
3.634666666666666401e+02
3.750000000000000000e+02
3.680000000000000000e+02
3.856000000000000227e+02
3.427333333333333485e+02
3.648000000000000114e+02
3.858000000000000114e+02
3.616666666666666856e+02
3.442666666666666515e+02
3.653333333333333144e+02
3.890666666666666629e+02
3.608000000000000114e+02
3.526000000000000227e+02
3.967333333333333485e+02
3.832666666666666515e+02
3.593333333333333144e+02
3.832666666666666515e+02
3.597333333333333485e+02
3.820000000000000000e+02
3.788666666666666742e+02
3.930666666666666629e+02
3.973333333333333144e+02
4.044666666666666401e+02
3.763999999999999773e+02
3.691333333333333258e+02
3.829333333333333371e+02
3.616000000000000227e+02
4.056000000000000227e+02
4.007333333333333485e+02
3.967333333333333485e+02
3.460666666666666629e+02
3.994666666666666401e+02
3.667333333333333485e+02
4.104666666666666401e+02
4.104666666666666401e+02
4.121333333333333258e+02
4.191333333333333258e+02
4.078666666666666742e+02
3.985333333333333599e+02
3.893333333333333144e+02
3.941999999999999886e+02
3.942666666666666515e+02
3.928000000000000114e+02
4.068666666666666742e+02
4.065333333333333599e+02
4.078666666666666742e+02
3.931999999999999886e+02
3.900000000000000000e+02
4.011999999999999886e+02
3.941333333333333258e+02
3.857333333333333485e+02
4.005333333333333599e+02
4.023999999999999773e+02
4.120666666666666629e+02
3.889333333333333371e+02
3.891333333333333258e+02
3.967333333333333485e+02
4.151333333333333258e+02
4.073999999999999773e+02
4.166666666666666856e+02
4.156666666666666856e+02
4.209333333333333371e+02
4.397333333333333485e+02
4.208666666666666742e+02
3.840000000000000000e+02
4.320666666666666629e+02
4.131333333333333258e+02
3.857333333333333485e+02
3.916666666666666856e+02
4.347333333333333485e+02
4.101999999999999886e+02
4.068000000000000114e+02
4.050000000000000000e+02
3.981333333333333258e+02
4.124666666666666401e+02
4.244666666666666401e+02
4.148666666666666742e+02
4.343333333333333144e+02
3.991333333333333258e+02
4.090000000000000000e+02
4.248666666666666742e+02
4.243333333333333144e+02
4.057333333333333485e+02
4.069333333333333371e+02
4.260666666666666629e+02
4.033999999999999773e+02
4.122666666666666515e+02
4.104666666666666401e+02
4.428666666666666742e+02
4.016000000000000227e+02
3.945333333333333599e+02
4.356000000000000227e+02
4.396666666666666856e+02
4.205333333333333599e+02
4.279333333333333371e+02
4.191999999999999886e+02
3.993999999999999773e+02
4.098000000000000114e+02
4.413999999999999773e+02
4.316666666666666856e+02
4.514666666666666401e+02
4.496000000000000227e+02
4.200000000000000000e+02
4.459333333333333371e+02
4.135333333333333599e+02
4.232666666666666515e+02
4.387333333333333485e+02
4.229333333333333371e+02
4.292666666666666515e+02
4.234666666666666401e+02
4.370000000000000000e+02
4.405333333333333599e+02
4.101999999999999886e+02
4.173333333333333144e+02
4.094666666666666401e+02
4.547333333333333485e+02
4.378666666666666742e+02
4.214666666666666401e+02
4.064666666666666401e+02
4.273999999999999773e+02
4.214666666666666401e+02
4.467333333333333485e+02
4.483999999999999773e+02
4.362666666666666515e+02
4.334666666666666401e+02
4.171999999999999886e+02
4.548000000000000114e+02
4.153999999999999773e+02
4.146666666666666856e+02
4.207333333333333485e+02
4.362666666666666515e+02
4.240000000000000000e+02
4.330000000000000000e+02
4.159333333333333371e+02
4.170666666666666629e+02
4.289333333333333371e+02
4.266666666666666856e+02
4.301333333333333258e+02
4.262666666666666515e+02
4.346000000000000227e+02
4.331999999999999886e+02
4.028666666666666742e+02
4.413333333333333144e+02
4.594666666666666401e+02
4.421333333333333258e+02
4.270000000000000000e+02
4.198000000000000114e+02
4.555333333333333599e+02
4.571999999999999886e+02
4.333333333333333144e+02
4.238000000000000114e+02
4.333999999999999773e+02
4.222666666666666515e+02
4.363333333333333144e+02
4.278666666666666742e+02
4.536000000000000227e+02
3.998666666666666742e+02
4.299333333333333371e+02
4.356000000000000227e+02
4.442666666666666515e+02
4.521999999999999886e+02
4.218666666666666742e+02
4.330000000000000000e+02
4.363999999999999773e+02
4.059333333333333371e+02
4.175333333333333599e+02
4.396666666666666856e+02
4.583999999999999773e+02
4.301333333333333258e+02
4.091999999999999886e+02
4.351999999999999886e+02
4.481333333333333258e+02
4.446666666666666856e+02
4.196000000000000227e+02
4.446666666666666856e+02
4.303333333333333144e+02
4.466666666666666856e+02
4.406000000000000227e+02
4.473333333333333144e+02
4.453333333333333144e+02
4.358000000000000114e+02
4.531999999999999886e+02
4.549333333333333371e+02
4.158000000000000114e+02
4.408666666666666742e+02
4.514666666666666401e+02
4.523333333333333144e+02
4.473999999999999773e+02
4.318666666666666742e+02
4.393333333333333144e+02
4.276666666666666856e+02
4.103999999999999773e+02
4.436666666666666856e+02
4.660666666666666629e+02
4.525333333333333599e+02
4.750000000000000000e+02
