1.228983319658977358e+01
9.168545262047967270e+00
1.044860437251470131e+01
1.686495379971930575e+01
6.173779681488120730e+00
1.019280792192874330e+01
1.722865829560348061e+01
7.354514864278193009e+00
1.552489040934660736e+01
8.613684203379849080e+00
8.762546560345469970e+00
1.019803902718556898e+01
1.397521615813747253e+01
1.043839068055991071e+01
1.469330913488630586e+01
4.366539438350083735e+00
8.593537623638409784e+00
8.155161964465612812e+00
1.020979921448017436e+01
1.348513584984922886e+01
1.297929975854715323e+01
6.323149707402333952e+00
1.224672291767157617e+01
7.319987856699095907e+00
1.543963154425073014e+01
1.868618027670003556e+01
9.662297863344930349e+00
1.140643093463799929e+01
1.087014259336095456e+01
1.011577426047501760e+01
9.534964895349933300e+00
5.559376463837168991e+00
1.035030863737351936e+01
1.514580983491987354e+01
8.104868221562206543e+00
1.150651989091402072e+01
1.009862476885948190e+01
1.209334068356998237e+01
1.068207220845593497e+01
1.127356790609491632e+01
7.323023055177872997e+00
7.126164622166837326e+00
1.630078389389772653e+01
1.350785779545454979e+01
9.252026804976301477e+00
8.546864272286585518e+00
1.409869970363697611e+01
7.598245411496876045e+00
1.171893055416463092e+01
1.044860437251470131e+01
1.032279032045115130e+01
1.174431304457135639e+01
1.345345886958277859e+01
1.127711547042652818e+01
1.443975992413539622e+01
1.060104816620612489e+01
1.385255692402429339e+01
1.554720410734854674e+01
7.511768544535079251e+00
8.220300075625788239e+00
5.664705542999467269e+00
7.125540915139939813e+00
8.629149565410383360e+00
1.238386046433017817e+01
1.181223471189465002e+01
3.448671241700683954e+00
7.281635957820345340e+00
6.439461675223067338e+00
1.187265766372466480e+01
7.864406454964600890e+00
1.591142147431628118e+01
1.113433129259828291e+01
6.579429222120174892e+00
9.091143431323084556e+00
8.683061416087966222e+00
1.351443672522092321e+01
1.360130712672703091e+01
8.330399483551527595e+00
7.524773898411979189e+00
1.490950479839398746e+01
1.077775486824598339e+01
1.781335329340199181e+01
9.728766051709172302e+00
8.647671491345066741e+00
1.103851841910357656e+01
1.532840500508777559e+01
5.798850460795368811e+00
7.816222446510419530e+00
1.076083433361723962e+01
1.276035527196114927e+01
1.085172797300043079e+01
9.887365675446620372e+00
1.801357512791086180e+01
9.606941934524915183e+00
8.869423130433380820e+00
1.522045407411428641e+01
9.814728161741866685e+00
8.160609998986322111e+00
9.844569851220294154e+00
1.212637162917617673e+01
1.376888601965395864e+01
8.745792639257398804e+00
9.287027990099355534e+00
8.987398585426893405e+00
7.669854409743816603e+00
6.053832578531461728e+00
8.436955743763398630e+00
6.308371862497925697e+00
1.117258549605536366e+01
1.805128496503472846e+01
1.608505172167279440e+01
1.296251004499771575e+01
1.119999999999999929e+01
1.771176633389980637e+01
7.022503510540635929e+00
1.003903492484323401e+01
1.471718572131083747e+01
1.267368226768456552e+01
1.178624433632510105e+01
6.454627969311803604e+00
1.415156057354335317e+01
1.998154704276478810e+01
2.062576597904238440e+01
6.244642147918130881e+00
7.473211417382013444e+00
6.621849355647476898e+00
3.218004902972578574e+00
9.273618495495703939e+00
6.005182946607224181e+00
6.550318058435534496e+00
8.570232720812713367e+00
1.616498273016914311e+01
8.520302550705318723e+00
6.661331198291624567e+00
1.129483657842526334e+01
1.148719093406023006e+01
9.276972686292777937e+00
5.012872319228656615e+00
6.849493087488705001e+00
8.129507296810114525e+00
9.110189655301120126e+00
7.855924869520809928e+00
8.833270440027671810e+00
7.272474743090476146e+00
5.861361237422205051e+00
1.305816049662262301e+01
8.990365213197218708e+00
1.839154395065539305e+01
2.209816483079282534e+01
9.190333085488372689e+00
1.002973357350809991e+01
1.491963657585383807e+01
1.112634511219005518e+01
7.699927849589818685e+00
8.609039177257562514e+00
9.119941520280342218e+00
1.653951497340703369e+01
1.063871337250055937e+01
9.308538493710432959e+00
9.296594358509286948e+00
5.968807809493171135e+00
5.725576147622369660e+00
1.475066853475537343e+01
3.295788558482207087e+00
1.147054198080166287e+01
9.204829650183041778e+00
7.865536642001400125e+00
1.363166248930123103e+01
7.255342858886821844e+00
2.116874005593047769e+01
1.105662194745252513e+01
1.442590262918291799e+01
1.636337373526621164e+01
7.970501169242050210e+00
7.147960081962778212e+00
1.737993734805227319e+01
1.044349877515512759e+01
1.138224738597591568e+01
1.813284313062901987e+01
7.542472332656507739e+00
7.312090444371340148e+00
8.800505036012927107e+00
6.627887211539503554e+00
8.639444426582070236e+00
1.083820403326430615e+01
1.068248826610895641e+01
1.786791040447153733e+01
2.260815978554841976e+01
9.471829578046447651e+00
1.230176139149729053e+01
1.496306563954503943e+01
9.694442852594582050e+00
1.201369588798088728e+01
1.121586178390031563e+01
2.215841951844841162e+01
2.006544846800644422e+01
9.386988630841925030e+00
1.695169608033367226e+01
1.544826491515758704e+01
2.271113285495806267e+01
1.495236882013460011e+01
1.851197810427976265e+01
1.401364414498320876e+01
9.919677414109795421e+00
1.744120281275221274e+01
1.863855025358881079e+01
3.971867738650588109e+01
1.985435860347937975e+01
2.457695397454018504e+01
1.926724335930458665e+01
1.619739348029662196e+01
1.267122724916572629e+01
2.254417884953896234e+01
2.499511063299291891e+01
1.366195040573961528e+01
3.029602100753313110e+01
2.594524148192796531e+01
1.562846406045357028e+01
1.152658762263238934e+01
1.647543626129517591e+01
2.108543467788974723e+01
9.728766051709172302e+00
1.794237690187364365e+01
2.731104782562055888e+01
1.848915598097676849e+01
3.848786244461435047e+01
1.951364195177881555e+01
2.315992707722159949e+01
1.389100428334827164e+01
4.500488862334846374e+01
2.571864865985164528e+01
1.566312016596097401e+01
1.964643026664697345e+01
3.572897983430257085e+01
3.525236004707895887e+01
1.448432102501030450e+01
1.845595357119816526e+01
1.229887077020578623e+01
3.422448765950420579e+01
3.203844912323663152e+01
2.961276001246009315e+01
4.306738905482894353e+01
2.028748930307104814e+01
1.741212859538494939e+01
3.230727472257602528e+01
1.488832503078241665e+01
2.345435282984091785e+01
2.212529974687097933e+01
2.417399888769382343e+01
4.138351792145703456e+01
1.274083548629715601e+01
2.289648201992805809e+01
3.028927202822807985e+01
3.527000614308612114e+01
2.626243620754851804e+01
1.995483789850359813e+01
2.336226777424562329e+01
3.561996943039427066e+01
2.701801867889896158e+01
3.359537005137595855e+01
6.065472409924520036e+01
6.631527392355063455e+01
3.779500260910458564e+01
4.846276921514080271e+01
1.672523044186038632e+01
2.089614531172887979e+01
3.258397697574001484e+01
2.806056940896879937e+01
2.517988615277413444e+01
2.665883218247440922e+01
9.306547277171175381e+01
2.527308625571654943e+01
3.548896542119348396e+01
2.630792022693292864e+01
2.997480423437138697e+01
2.800666587320477774e+01
4.091269838190692099e+01
2.376121957214224167e+01
3.124995999997440066e+01
2.289337604344686028e+01
5.451238391411624917e+01
7.130765893101681741e+01
5.568442830410989330e+01
3.798561131095124210e+01
8.531291422365862331e+01
4.219931542362058252e+01
8.391890265144213856e+01
6.916338144808518962e+01
7.599075967218352901e+01
4.848761583011572895e+01
5.221093967955587800e+01
5.259767633228253914e+01
5.349450646769462736e+01
8.710519821202150581e+01
6.780999598551497343e+01
7.663668979165412054e+01
6.575354658791333406e+01
1.097580369115021455e+02
9.711244341826986215e+01
9.713166322059969104e+01
1.286503616611922212e+02
7.651637442767106734e+01
4.523784060078710212e+01
7.152478979735316500e+01
6.796057680744036134e+01
7.173345724896360309e+01
6.005960002826820698e+01
1.027118082576465810e+02
9.135046068119561369e+01
8.589544031359677945e+01
4.530734549226599484e+01
1.014563726709936873e+02
8.775258147516548490e+01
1.057920391880010698e+02
1.083788417235270742e+02
1.109906102134570460e+02
7.940265878559876001e+01
1.136962033960090679e+02
1.283237918530915067e+02
9.963042819451406729e+01
1.368048732075481837e+02
1.645122893079217192e+02
9.129205880031406650e+01
1.155741993507009227e+02
1.467722347342605929e+02
1.084783644583359035e+02
1.105144736624524029e+02
1.517971746187070039e+02
1.152254987212273107e+02
7.879294948717739544e+01
1.301960914245209722e+02
1.071654173073882390e+02
1.440507626575514735e+02
1.483520437637745886e+02
1.328059570283736264e+02
8.957296219035940510e+01
1.128378581072071825e+02
9.854911916850851128e+01
1.116527155464160188e+02
9.365003411045233861e+01
1.166555042279045864e+02
8.867308247464703186e+01
1.314305224147808815e+02
1.579864129179046301e+02
1.376495388860985258e+02
9.610526636049776528e+01
9.416642477845039139e+01
9.318855437588173629e+01
8.586847824175967503e+01
1.123086224057025078e+02
7.299424634859929029e+01
9.385506557098202052e+01
9.932805355095921129e+01
1.279948957315616127e+02
1.041933245889048720e+02
9.674571480604882368e+01
1.245294431940584161e+02
9.257117381897144526e+01
9.134914704947532016e+01
1.116703481980183739e+02
1.028140500558600223e+02
1.139841314491724518e+02
9.596003797877993691e+01
1.139407253307125814e+02
6.897020290595706626e+01
1.135868928275715461e+02
1.041521109830339640e+02
1.111752170624770599e+02
1.047231270223217336e+02
1.098732603199401439e+02
1.249110972741102046e+02
9.380026060139113042e+01
7.930128204091869293e+01
9.133664227582609385e+01
1.138596797231867583e+02
1.070892877721929608e+02
9.492794928552683587e+01
1.244030010356127463e+02
1.369865524624791533e+02
1.128380550464543717e+02
9.168894274787022880e+01
1.073727463869052201e+02
1.124106756496018846e+02
1.109169058349537664e+02
1.229199558881939822e+02
7.023718546626297154e+01
1.069458845501883957e+02
1.109052849156532403e+02
8.577837075212426043e+01
1.102463100919431582e+02
1.185311210892171800e+02
1.055679665218363255e+02
8.183251187639299928e+01
1.233087182643628097e+02
1.066497069850639576e+02
1.122369319292401570e+02
1.187506070159924008e+02
8.893578207523299284e+01
1.300306972303933435e+02
1.054662452583237098e+02
8.893208394924498350e+01
1.131558610452365770e+02
7.437454761767182276e+01
1.095594004283622525e+02
8.853985919723764653e+01
1.014581687199212041e+02
9.198826012051756607e+01
7.232230330648738459e+01
1.035873008089741205e+02
7.628531240605158814e+01
1.090641809007685055e+02
8.720382254618581896e+01
1.044480519471548234e+02
1.186231006170383324e+02
6.414947821732890532e+01
9.956282215543890857e+01
5.664250465271935298e+01
9.926964401176334718e+01
1.191393954809052786e+02
1.175882458222570506e+02
1.071594865401825132e+02
9.601944247564308910e+01
1.170702732929623124e+02
7.807005401133864098e+01
7.680231477993065425e+01
8.931731199617587436e+01
8.962455020807635719e+01
1.047363674502160080e+02
9.482840643323426377e+01
1.226647825942266365e+02
1.046943487809474220e+02
8.232283333856342722e+01
1.029205950667255394e+02
1.213394503952536638e+02
9.547555824514577694e+01
7.750567004348062028e+01
8.476388119686095024e+01
8.243693886170743212e+01
1.215594230544606233e+02
7.632719043696027938e+01
6.947792615084465240e+01
1.078725585535491405e+02
1.056066917071703983e+02
1.111232348941180419e+02
9.300336911460071576e+01
1.015525260914545385e+02
1.147343986005165988e+02
8.814493115822875779e+01
9.246467193234157378e+01
8.455914432448385298e+01
9.151951825825035769e+01
9.179285859416781079e+01
9.080249629461368954e+01
1.016516054417680408e+02
8.006897026938712258e+01
1.076645820231622110e+02
1.061079115282592369e+02
7.457363251623637268e+01
7.135046523246285233e+01
9.438747562868474006e+01
8.879629621905533554e+01
9.500488876309938746e+01
7.566417029655890758e+01
9.005983196371916222e+01
8.082447374128430795e+01
9.841305243151890636e+01
1.100947874434671974e+02
9.309741612359007945e+01
9.343836946826978362e+01
8.600454768337672817e+01
7.971181426446983664e+01
8.008229100951929524e+01
1.094831493883876306e+02
9.968617423360841201e+01
9.313278453667942358e+01
8.880650626815331350e+01
1.056766556792726846e+02
1.223345140724126736e+02
1.007456643676981685e+02
6.512804482112312598e+01
9.764985065699453060e+01
8.197305790454704777e+01
1.052328634769365010e+02
8.131568114453693852e+01
9.811299608104933156e+01
1.128461292596644228e+02
9.592265402685413278e+01
1.001774869363815128e+02
9.598573968159136882e+01
1.269266804979245507e+02
1.073320082733943934e+02
1.014590010244970273e+02
1.112971198589113868e+02
8.152011340085886104e+01
9.876369103403672511e+01
9.185631291436763490e+01
1.057799392869723505e+02
9.224084417075405895e+01
8.937919220937274645e+01
1.200088144910846069e+02
1.232322829276304361e+02
8.010615179594857693e+01
8.124749568790139165e+01
1.049329097831350168e+02
1.038273353002741572e+02
1.059565948867742691e+02
9.694534542720450077e+01
9.378756136432308210e+01
1.208842237661952055e+02
1.219405319544462571e+02
1.097300931072845458e+02
1.052702342650676428e+02
1.138375841080420798e+02
1.026688311460147531e+02
9.659707840072367446e+01
7.532171001776313801e+01
8.969340369651864364e+01
9.997964237227940032e+01
1.110738293008553654e+02
1.071918321929842222e+02
1.039515699202705150e+02
1.130400912164450773e+02
1.316804212224935782e+02
9.107935489938918749e+01
1.008678783800318115e+02
9.779956827898348592e+01
9.697688155202536109e+01
9.594289968517733769e+01
1.033820530309245243e+02
8.859455714407941684e+01
1.115107169737509878e+02
8.501592007775171567e+01
9.193872355481605041e+01
8.951384747003611153e+01
1.099063035296682074e+02
8.343609663821901279e+01
8.252471683616302300e+01
1.009381768983151204e+02
8.287570344933563149e+01
7.937326726017744249e+01
1.017944770385680329e+02
1.116069691173250931e+02
9.994189422970841008e+01
9.719373550914801285e+01
9.892973937766809911e+01
8.942666766065305239e+01
1.012806003141766666e+02
9.254250674990144887e+01
9.814673821489037664e+01
9.903121842238547856e+01
1.297835120498748154e+02
1.049044009245242819e+02
9.912967937673022334e+01
9.265409986731414449e+01
1.080348503441777837e+02
9.209043863989839451e+01
9.689499471076923953e+01
8.845297557962020107e+01
8.792759647700044923e+01
1.078590850240359771e+02
8.450914480430833464e+01
8.333055995385019799e+01
7.542660892107859638e+01
8.046669428334240592e+01
8.546942273247329069e+01
7.526085008525717512e+01
7.319969641709967334e+01
1.161176797716676532e+02
1.045243193392491463e+02
8.004121160724363904e+01
7.754471111702088137e+01
8.948628696932036064e+01
9.176176884859087579e+01
7.468821117746018956e+01
8.523473470364062621e+01
1.202326633379354774e+02
8.994590967168360862e+01
1.041382841332726343e+02
9.527284794502342891e+01
7.217281728986027645e+01
9.009096637411668951e+01
8.457948267096985262e+01
6.819175577410773315e+01
9.310997082303627792e+01
7.619262139837134384e+01
6.816613691725694935e+01
8.264015703975614713e+01
7.771955280937281429e+01
8.741888939023544935e+01
8.546094624641908410e+01
9.346476460261494879e+01
7.619874597976588859e+01
7.525854694909334341e+01
9.180254172225662046e+01
9.280938649846912369e+01
9.372214252779329513e+01
6.653386773332478299e+01
8.077199734781575557e+01
8.222040838840169386e+01
8.281642349196202701e+01
8.119343158983572550e+01
7.947091711227866995e+01
7.177167500715957260e+01
8.715630913607013497e+01
7.147388023296031179e+01
7.146449001660430156e+01
9.145199104812681412e+01
7.722647790032178250e+01
9.575027705210860063e+01
1.018073125511565991e+02
7.503018651775356318e+01
7.534230035127824010e+01
6.644643623919111519e+01
8.325772570091551472e+01
7.959815743261063403e+01
8.279280698761752433e+01
1.065033332811701143e+02
9.775524993006200702e+01
8.698418757963362680e+01
7.669373435221999102e+01
8.565190534301551395e+01
6.983587107560762774e+01
1.048471056136293953e+02
8.637885543735033878e+01
8.804685621241048921e+01
6.852392931588853742e+01
6.527664207049868139e+01
8.477379049892456919e+01
7.429658284350782083e+01
8.386115509181432515e+01
6.755264613618034275e+01
8.923736138337275747e+01
8.113007388686939692e+01
8.066016502724390591e+01
6.222803941061366828e+01
7.852388171760232183e+01
8.387927833102365582e+01
1.130448092080697222e+02
9.409248405454899000e+01
8.534749882425117562e+01
8.896416257247759063e+01
9.351211448553367234e+01
9.240812855058921116e+01
7.169081763610549274e+01
8.719266024155932371e+01
7.519385317667632762e+01
8.105197235244939691e+01
5.472094865974293754e+01
6.274696982502201337e+01
7.878409314914613049e+01
1.009364156288502272e+02
7.583654938235403620e+01
6.859951408962990627e+01
7.682071479895394361e+01
8.720871516081405161e+01
7.244565779488328872e+01
7.942582843270960780e+01
7.597777452796458419e+01
9.710672250444639531e+01
6.975079449965666356e+01
1.058803517603190159e+02
8.117755573775029632e+01
7.817143553327733230e+01
6.223768061945182239e+01
6.273563580613493684e+01
9.133737217347319870e+01
8.171413586399846452e+01
8.678463765744105274e+01
8.079724967816389380e+01
9.289123867309673699e+01
9.852760470491956823e+01
5.583762172585791461e+01
6.935884146155332530e+01
9.036385708161570562e+01
7.577440201017755328e+01
7.706349474441333314e+01
6.641753449872172155e+01
6.754534279529073615e+01
7.881003884164898921e+01
7.183561481295720341e+01
6.595318204773914772e+01
7.418247771542817759e+01
6.988148697775557139e+01
6.604813059849276158e+01
8.331802526064412007e+01
6.256005115087423007e+01
7.464714030393632527e+01
1.253204957964444901e+02
8.658242059191667295e+01
7.527891840054263639e+01
7.306131367252820041e+01
7.625728380511158377e+01
8.683076771641617597e+01
8.732519046007794827e+01
1.026876601912593685e+02
8.476854762626682316e+01
8.970593935495884352e+01
6.321546927418601314e+01
6.987118306013017843e+01
4.810959710217217378e+01
