9.900050000000000239e-01
9.800100000000000477e-01
9.700150000000000716e-01
9.600200000000000955e-01
9.500250000000001194e-01
9.400300000000001432e-01
9.300350000000001671e-01
9.200400000000001910e-01
9.100450000000002149e-01
9.027153333333335361e-01
8.940530000000002087e-01
8.860570000000003166e-01
8.780610000000003135e-01
8.713976666666669590e-01
8.634016666666669559e-01
8.587373333333336856e-01
8.507413333333336825e-01
8.427453333333336793e-01
8.380810000000004090e-01
8.314176666666670545e-01
8.287523333333337572e-01
8.220890000000004028e-01
8.174246666666671324e-01
8.127603333333337510e-01
8.094286666666671293e-01
8.054306666666671832e-01
8.014326666666671262e-01
7.987673333333338288e-01
7.941030000000004474e-01
7.901050000000005014e-01
7.874396666666672040e-01
7.854406666666672310e-01
7.821090000000004983e-01
7.787773333333338766e-01
7.741130000000004951e-01
7.701150000000005491e-01
7.667833333333339274e-01
7.634516666666671947e-01
7.614526666666672217e-01
7.594536666666672486e-01
7.587873333333339243e-01
7.574546666666672756e-01
7.567883333333339513e-01
7.534566666666672186e-01
7.514576666666672455e-01
7.514576666666672455e-01
7.501250000000005969e-01
7.481260000000006238e-01
7.474596666666672995e-01
7.467933333333339752e-01
7.447943333333338911e-01
7.441280000000005668e-01
7.421290000000005938e-01
7.394636666666672964e-01
7.387973333333339720e-01
7.387973333333339720e-01
7.387973333333339720e-01
7.381310000000006477e-01
7.354656666666673503e-01
7.347993333333339150e-01
7.341330000000005906e-01
7.314676666666672933e-01
7.294686666666673203e-01
7.281360000000006716e-01
7.248043333333339389e-01
7.228053333333339658e-01
7.214726666666673172e-01
7.208063333333339928e-01
7.194736666666673441e-01
7.181410000000006955e-01
7.181410000000006955e-01
7.168083333333340468e-01
7.154756666666673981e-01
7.154756666666673981e-01
7.134766666666673141e-01
7.128103333333339897e-01
7.121440000000006654e-01
7.101450000000006924e-01
7.068133333333340707e-01
7.068133333333340707e-01
7.054806666666674220e-01
7.054806666666674220e-01
7.054806666666674220e-01
7.048143333333339866e-01
7.048143333333339866e-01
7.034816666666673379e-01
7.034816666666673379e-01
7.028153333333340136e-01
7.021490000000006892e-01
7.008163333333340406e-01
6.994836666666673919e-01
6.981510000000007432e-01
6.954856666666674458e-01
6.948193333333340105e-01
6.948193333333340105e-01
6.934866666666673618e-01
6.934866666666673618e-01
6.934866666666673618e-01
6.928203333333340375e-01
6.928203333333340375e-01
6.921540000000007131e-01
6.914876666666673888e-01
6.901550000000007401e-01
6.894886666666674158e-01
6.888223333333340914e-01
6.874896666666674427e-01
6.861570000000007941e-01
6.841580000000007100e-01
6.834916666666673857e-01
6.821590000000007370e-01
6.814926666666674127e-01
6.801600000000007640e-01
6.794936666666674396e-01
6.788273333333341153e-01
6.781610000000007910e-01
6.781610000000007910e-01
6.781610000000007910e-01
6.774946666666674666e-01
6.768283333333341423e-01
6.734966666666674096e-01
6.734966666666674096e-01
6.721640000000007609e-01
6.721640000000007609e-01
6.721640000000007609e-01
6.721640000000007609e-01
6.714976666666674365e-01
6.714976666666674365e-01
6.714976666666674365e-01
6.701650000000007878e-01
6.694986666666674635e-01
6.694986666666674635e-01
6.694986666666674635e-01
6.681660000000008148e-01
6.681660000000008148e-01
6.681660000000008148e-01
6.674996666666674905e-01
6.661670000000008418e-01
6.661670000000008418e-01
6.661670000000008418e-01
6.648343333333340821e-01
6.648343333333340821e-01
6.648343333333340821e-01
6.641680000000007578e-01
6.635016666666674334e-01
6.628353333333341091e-01
6.621690000000007847e-01
6.621690000000007847e-01
6.615026666666674604e-01
6.595036666666674874e-01
6.595036666666674874e-01
6.588373333333341630e-01
6.575046666666675144e-01
6.561720000000008657e-01
6.555056666666675413e-01
6.541730000000007816e-01
6.535066666666674573e-01
6.521740000000008086e-01
6.521740000000008086e-01
6.515076666666674843e-01
6.515076666666674843e-01
6.515076666666674843e-01
6.515076666666674843e-01
6.515076666666674843e-01
6.508413333333341599e-01
6.508413333333341599e-01
6.495086666666675113e-01
6.495086666666675113e-01
6.475096666666675382e-01
6.475096666666675382e-01
6.468433333333342139e-01
6.468433333333342139e-01
6.461770000000008896e-01
6.461770000000008896e-01
6.455106666666675652e-01
6.448443333333341299e-01
6.441780000000008055e-01
6.428453333333341568e-01
6.408463333333341838e-01
6.395136666666675351e-01
6.388473333333342108e-01
6.361820000000009134e-01
6.361820000000009134e-01
6.355156666666675891e-01
6.328503333333341807e-01
6.321840000000008564e-01
6.301850000000008833e-01
6.301850000000008833e-01
6.295186666666675590e-01
6.288523333333342347e-01
6.268533333333342616e-01
6.261870000000009373e-01
6.255206666666676130e-01
6.248543333333341776e-01
6.241880000000008533e-01
6.235216666666675289e-01
6.235216666666675289e-01
6.235216666666675289e-01
6.235216666666675289e-01
6.228553333333342046e-01
6.221890000000008802e-01
6.221890000000008802e-01
6.215226666666675559e-01
6.208563333333342316e-01
6.208563333333342316e-01
6.208563333333342316e-01
6.201900000000009072e-01
6.201900000000009072e-01
6.201900000000009072e-01
6.201900000000009072e-01
6.195236666666675829e-01
6.195236666666675829e-01
6.195236666666675829e-01
6.195236666666675829e-01
6.188573333333342585e-01
6.181910000000009342e-01
6.181910000000009342e-01
6.175246666666676099e-01
6.175246666666676099e-01
6.161920000000009612e-01
6.161920000000009612e-01
6.161920000000009612e-01
6.161920000000009612e-01
6.161920000000009612e-01
6.161920000000009612e-01
6.161920000000009612e-01
6.155256666666676368e-01
6.155256666666676368e-01
6.155256666666676368e-01
6.148593333333342015e-01
6.148593333333342015e-01
6.148593333333342015e-01
6.148593333333342015e-01
6.148593333333342015e-01
6.141930000000008771e-01
6.141930000000008771e-01
6.141930000000008771e-01
6.141930000000008771e-01
6.141930000000008771e-01
6.141930000000008771e-01
6.128603333333342285e-01
6.128603333333342285e-01
6.121940000000009041e-01
6.108613333333342554e-01
6.108613333333342554e-01
6.108613333333342554e-01
6.095286666666676068e-01
6.095286666666676068e-01
6.095286666666676068e-01
6.095286666666676068e-01
6.081960000000009581e-01
6.068633333333343094e-01
6.055306666666676607e-01
6.041980000000009010e-01
6.035316666666675767e-01
6.021990000000009280e-01
6.015326666666676036e-01
5.995336666666676306e-01
5.995336666666676306e-01
5.988673333333343063e-01
5.988673333333343063e-01
5.975346666666676576e-01
5.968683333333343333e-01
5.955356666666676846e-01
5.942030000000009249e-01
5.942030000000009249e-01
5.935366666666676005e-01
5.928703333333342762e-01
5.922040000000009519e-01
5.902050000000009788e-01
5.895386666666676545e-01
5.895386666666676545e-01
5.895386666666676545e-01
5.888723333333343302e-01
5.888723333333343302e-01
5.888723333333343302e-01
5.888723333333343302e-01
5.875396666666676815e-01
5.868733333333343571e-01
5.862070000000010328e-01
5.848743333333342731e-01
5.842080000000009488e-01
5.828753333333343001e-01
5.815426666666676514e-01
5.788773333333343540e-01
5.755456666666677323e-01
5.748793333333342970e-01
5.742130000000009726e-01
5.708813333333343509e-01
5.695486666666677023e-01
5.682160000000010536e-01
5.648843333333343208e-01
5.608863333333343748e-01
5.588873333333344018e-01
5.542230000000010204e-01
5.515576666666677230e-01
5.488923333333344257e-01
5.462270000000011283e-01
5.435616666666677199e-01
5.415626666666677469e-01
5.408963333333344226e-01
5.395636666666677739e-01
5.395636666666677739e-01
5.375646666666678009e-01
5.342330000000010681e-01
5.322340000000010951e-01
5.309013333333344464e-01
5.282360000000011491e-01
5.242380000000010920e-01
5.215726666666677946e-01
5.195736666666678216e-01
5.175746666666678486e-01
5.155756666666678756e-01
5.142430000000011159e-01
5.115776666666678185e-01
5.095786666666678455e-01
5.069133333333345481e-01
5.049143333333344641e-01
5.015826666666678424e-01
4.995836666666678694e-01
4.982510000000012207e-01
4.955856666666678678e-01
4.935866666666678948e-01
4.902550000000012176e-01
4.895886666666678932e-01
4.869233333333345404e-01
4.855906666666678917e-01
4.849243333333345674e-01
4.835916666666679187e-01
4.822590000000012145e-01
4.795936666666679171e-01
4.789273333333345928e-01
4.769283333333345642e-01
4.769283333333345642e-01
4.742630000000012669e-01
4.729303333333346182e-01
4.722640000000012384e-01
4.709313333333345897e-01
4.682660000000012923e-01
4.662670000000012638e-01
4.636016666666679664e-01
4.602700000000012892e-01
4.569383333333346120e-01
4.542730000000013146e-01
4.502750000000013131e-01
4.482760000000013401e-01
4.469433333333346359e-01
4.456106666666679872e-01
4.429453333333346898e-01
4.402800000000013370e-01
4.396136666666680126e-01
4.356156666666680111e-01
4.342830000000013624e-01
4.316176666666680095e-01
4.276196666666680080e-01
4.256206666666680349e-01
4.209563333333347090e-01
4.182910000000014117e-01
4.156256666666680588e-01
4.122940000000013816e-01
4.089623333333347599e-01
4.056306666666680827e-01
4.029653333333347853e-01
3.996336666666681081e-01
3.956356666666681066e-01
3.909713333333347807e-01
3.863070000000014548e-01
3.829753333333348331e-01
3.796436666666681559e-01
3.783110000000015072e-01
3.736466666666681813e-01
3.683160000000015311e-01
3.636516666666682052e-01
3.596536666666682036e-01
3.569883333333348507e-01
3.536566666666682290e-01
3.503250000000015518e-01
3.456606666666681704e-01
3.409963333333348445e-01
3.376646666666681673e-01
3.349993333333348700e-01
3.323340000000015171e-01
3.296686666666682197e-01
3.263370000000015425e-01
3.223390000000015410e-01
3.170083333333348907e-01
3.143430000000015379e-01
3.096786666666682120e-01
3.070133333333348591e-01
3.036816666666682374e-01
2.990173333333349115e-01
2.943530000000015856e-01
2.903550000000016396e-01
2.856906666666682582e-01
2.803600000000016079e-01
2.763620000000016064e-01
2.730303333333349292e-01
2.663670000000016302e-01
2.617026666666683044e-01
2.583710000000016271e-01
2.530403333333349769e-01
2.483760000000016510e-01
2.437116666666683251e-01
2.383810000000016749e-01
2.330503333333350247e-01
2.283860000000016710e-01
2.237216666666683451e-01
2.183910000000016949e-01
2.130603333333350446e-01
2.097286666666683674e-01
2.063970000000017180e-01
2.010663333333350400e-01
1.977346666666683350e-01
1.930703333333350369e-01
1.890723333333350353e-01
1.844080000000017094e-01
1.790773333333350592e-01
1.737466666666684090e-01
1.710813333333350839e-01
1.670833333333350545e-01
1.630853333333350252e-01
1.597536666666683758e-01
1.550893333333350499e-01
1.497586666666683997e-01
1.450943333333350460e-01
1.397636666666683958e-01
1.344330000000017455e-01
1.311013333333350683e-01
1.257706666666683903e-01
1.217726666666683888e-01
1.171083333333350768e-01
1.117776666666683849e-01
1.064470000000017208e-01
1.031153333333350575e-01
9.911733333333505591e-02
9.445300000000173002e-02
9.178766666666840490e-02
8.845600000000172769e-02
8.379166666666840180e-02
7.979366666666838637e-02
7.579566666666837094e-02
7.179766666666838326e-02
6.913233333333505815e-02
6.580066666666838093e-02
6.246900000000172454e-02
5.913733333333506120e-02
5.647200000000172221e-02
5.580566666666839093e-02
5.380666666666839709e-02
5.114133333333505810e-02
4.914233333333505732e-02
4.780966666666839476e-02
4.581066666666839399e-02
4.314533333333506193e-02
4.114633333333506116e-02
3.848100000000172910e-02
3.648200000000172832e-02
3.381666666666838933e-02
3.181766666666838855e-02
2.981866666666838084e-02
2.715333333333504531e-02
2.515433333333504801e-02
2.315533333333504376e-02
2.182266666666838120e-02
1.982366666666838043e-02
1.782466666666837618e-02
1.649200000000171015e-02
1.449300000000171458e-02
1.249400000000171380e-02
1.049500000000171303e-02
8.496000000001713987e-03
6.497000000001710608e-03
5.164333333335043713e-03
4.498000000001708965e-03
3.165333333335041636e-03
2.499000000001708188e-03
1.832666666668374741e-03
5.000000000017078457e-04
-8.326666666649592662e-04
-2.165333333331626378e-03
-2.831666666664960693e-03
-3.497999999998294141e-03
-4.164333333331628022e-03
-4.830666666664961036e-03
-5.496999999998294917e-03
-6.163333333331628798e-03
-6.829666666664961812e-03
-7.495999999998294826e-03
-8.162333333331628707e-03
-8.828666666664961721e-03
-9.494999999998293000e-03
-9.494999999998293000e-03
-9.494999999998293000e-03
-9.494999999998293000e-03
-9.494999999998293000e-03
-9.494999999998293000e-03
-9.494999999998293000e-03
-9.494999999998293000e-03
-9.494999999998293000e-03
-9.494999999998293000e-03
-9.494999999998293000e-03
-9.494999999998293000e-03
-9.494999999998293000e-03
-9.494999999998293000e-03
-9.494999999998293000e-03
-9.494999999998293000e-03
-9.494999999998293000e-03
-9.494999999998293000e-03
-9.494999999998293000e-03
-9.494999999998293000e-03
-9.494999999998293000e-03
-9.494999999998293000e-03
-9.494999999998293000e-03
-9.494999999998293000e-03
-9.494999999998293000e-03
-9.494999999998293000e-03
-9.494999999998293000e-03
-9.494999999998293000e-03
-9.494999999998293000e-03
-9.494999999998293000e-03
-9.494999999998293000e-03
-9.494999999998293000e-03
-9.494999999998293000e-03
-9.494999999998293000e-03
-9.494999999998293000e-03
-9.494999999998293000e-03
-9.494999999998293000e-03
-9.494999999998293000e-03
-9.494999999998293000e-03
-9.494999999998293000e-03
-9.494999999998293000e-03
-9.494999999998293000e-03
-9.494999999998293000e-03
-9.494999999998293000e-03
-9.494999999998293000e-03
-9.494999999998293000e-03
-9.494999999998293000e-03
-9.494999999998293000e-03
-9.494999999998293000e-03
-9.494999999998293000e-03
-9.494999999998293000e-03
-9.494999999998293000e-03
-9.494999999998293000e-03
-9.494999999998293000e-03
-9.494999999998293000e-03
-9.494999999998293000e-03
-9.494999999998293000e-03
-9.494999999998293000e-03
-9.494999999998293000e-03
-9.494999999998293000e-03
-9.494999999998293000e-03
-9.494999999998293000e-03
-9.494999999998293000e-03
-9.494999999998293000e-03
-9.494999999998293000e-03
-9.494999999998293000e-03
-9.494999999998293000e-03
-9.494999999998293000e-03
-9.494999999998293000e-03
-9.494999999998293000e-03
-9.494999999998293000e-03
-9.494999999998293000e-03
-9.494999999998293000e-03
-9.494999999998293000e-03
-9.494999999998293000e-03
-9.494999999998293000e-03
-9.494999999998293000e-03
-9.494999999998293000e-03
-9.494999999998293000e-03
-9.494999999998293000e-03
-9.494999999998293000e-03
-9.494999999998293000e-03
-9.494999999998293000e-03
-9.494999999998293000e-03
-9.494999999998293000e-03
-9.494999999998293000e-03
-9.494999999998293000e-03
-9.494999999998293000e-03
-9.494999999998293000e-03
-9.494999999998293000e-03
-9.494999999998293000e-03
-9.494999999998293000e-03
-9.494999999998293000e-03
-9.494999999998293000e-03
-9.494999999998293000e-03
-9.494999999998293000e-03
-9.494999999998293000e-03
-9.494999999998293000e-03
-9.494999999998293000e-03
-9.494999999998293000e-03
-9.494999999998293000e-03
-9.494999999998293000e-03
-9.494999999998293000e-03
-9.494999999998293000e-03
-9.494999999998293000e-03
-9.494999999998293000e-03
-9.494999999998293000e-03
-9.494999999998293000e-03
-9.494999999998293000e-03
-9.494999999998293000e-03
-9.494999999998293000e-03
-9.494999999998293000e-03
-9.494999999998293000e-03
-9.494999999998293000e-03
-9.494999999998293000e-03
-9.494999999998293000e-03
-9.494999999998293000e-03
-9.494999999998293000e-03
-9.494999999998293000e-03
-9.494999999998293000e-03
-9.494999999998293000e-03
-9.494999999998293000e-03
-9.494999999998293000e-03
-9.494999999998293000e-03
-9.494999999998293000e-03
-9.494999999998293000e-03
-9.494999999998293000e-03
-9.494999999998293000e-03
-9.494999999998293000e-03
-9.494999999998293000e-03
-9.494999999998293000e-03
-9.494999999998293000e-03
-9.494999999998293000e-03
-9.494999999998293000e-03
-9.494999999998293000e-03
-9.494999999998293000e-03
-9.494999999998293000e-03
-9.494999999998293000e-03
-9.494999999998293000e-03
-9.494999999998293000e-03
-9.494999999998293000e-03
-9.494999999998293000e-03
-9.494999999998293000e-03
-9.494999999998293000e-03
-9.494999999998293000e-03
-9.494999999998293000e-03
-9.494999999998293000e-03
-9.494999999998293000e-03
-9.494999999998293000e-03
-9.494999999998293000e-03
-9.494999999998293000e-03
-9.494999999998293000e-03
-9.494999999998293000e-03
-9.494999999998293000e-03
-9.494999999998293000e-03
-9.494999999998293000e-03
-9.494999999998293000e-03
-9.494999999998293000e-03
-9.494999999998293000e-03
-9.494999999998293000e-03
-9.494999999998293000e-03
-9.494999999998293000e-03
-9.494999999998293000e-03
-9.494999999998293000e-03
-9.494999999998293000e-03
-9.494999999998293000e-03
-9.494999999998293000e-03
-9.494999999998293000e-03
-9.494999999998293000e-03
-9.494999999998293000e-03
-9.494999999998293000e-03
-9.494999999998293000e-03
-9.494999999998293000e-03
-9.494999999998293000e-03
-9.494999999998293000e-03
-9.494999999998293000e-03
-9.494999999998293000e-03
-9.494999999998293000e-03
-9.494999999998293000e-03
-9.494999999998293000e-03
-9.494999999998293000e-03
-9.494999999998293000e-03
-9.494999999998293000e-03
-9.494999999998293000e-03
-9.494999999998293000e-03
-9.494999999998293000e-03
-9.494999999998293000e-03
-9.494999999998293000e-03
-9.494999999998293000e-03
-9.494999999998293000e-03
-9.494999999998293000e-03
-9.494999999998293000e-03
-9.494999999998293000e-03
-9.494999999998293000e-03
-9.494999999998293000e-03
-9.494999999998293000e-03
-9.494999999998293000e-03
-9.494999999998293000e-03
-9.494999999998293000e-03
-9.494999999998293000e-03
-9.494999999998293000e-03
-9.494999999998293000e-03
-9.494999999998293000e-03
-9.494999999998293000e-03
-9.494999999998293000e-03
-9.494999999998293000e-03
-9.494999999998293000e-03
-9.494999999998293000e-03
-9.494999999998293000e-03
-9.494999999998293000e-03
-9.494999999998293000e-03
