2.260000000000000142e+01
1.973333333333333428e+01
2.153333333333333499e+01
2.319999999999999929e+01
2.746666666666666501e+01
2.226666666666666572e+01
2.046666666666666501e+01
1.533333333333333393e+01
2.166666666666666785e+01
2.046666666666666501e+01
1.893333333333333357e+01
1.993333333333333357e+01
2.146666666666666501e+01
1.926666666666666572e+01
1.726666666666666572e+01
2.046666666666666501e+01
2.019999999999999929e+01
1.806666666666666643e+01
1.619999999999999929e+01
2.026666666666666572e+01
1.606666666666666643e+01
2.586666666666666714e+01
2.293333333333333357e+01
2.553333333333333499e+01
1.800000000000000000e+01
1.833333333333333215e+01
1.800000000000000000e+01
2.093333333333333357e+01
2.139999999999999858e+01
2.673333333333333428e+01
1.860000000000000142e+01
2.546666666666666501e+01
2.219999999999999929e+01
1.619999999999999929e+01
1.853333333333333499e+01
1.833333333333333215e+01
2.039999999999999858e+01
2.146666666666666501e+01
1.873333333333333428e+01
2.393333333333333357e+01
2.733333333333333215e+01
1.953333333333333499e+01
2.019999999999999929e+01
1.719999999999999929e+01
2.633333333333333215e+01
1.846666666666666501e+01
2.306666666666666643e+01
1.946666666666666501e+01
2.900000000000000000e+01
2.273333333333333428e+01
2.253333333333333499e+01
2.660000000000000142e+01
1.813333333333333286e+01
2.073333333333333428e+01
2.319999999999999929e+01
2.353333333333333499e+01
2.666666666666666785e+01
2.786666666666666714e+01
2.426666666666666572e+01
2.313333333333333286e+01
3.106666666666666643e+01
2.233333333333333215e+01
2.700000000000000000e+01
2.613333333333333286e+01
2.586666666666666714e+01
2.553333333333333499e+01
2.486666666666666714e+01
2.766666666666666785e+01
3.066666666666666785e+01
2.393333333333333357e+01
2.839999999999999858e+01
3.226666666666666572e+01
2.493333333333333357e+01
2.793333333333333357e+01
3.460000000000000142e+01
3.086666666666666714e+01
2.246666666666666501e+01
2.766666666666666785e+01
2.713333333333333286e+01
2.673333333333333428e+01
3.360000000000000142e+01
2.660000000000000142e+01
2.539999999999999858e+01
4.179999999999999716e+01
3.693333333333333002e+01
3.626666666666666572e+01
3.200000000000000000e+01
4.293333333333333002e+01
4.200000000000000000e+01
3.986666666666666714e+01
4.266666666666666430e+01
4.220000000000000284e+01
4.526666666666666572e+01
3.293333333333333002e+01
4.753333333333333144e+01
3.753333333333333144e+01
5.173333333333333428e+01
3.126666666666666572e+01
4.960000000000000142e+01
4.620000000000000284e+01
4.746666666666666856e+01
6.113333333333333286e+01
4.006666666666666998e+01
4.066666666666666430e+01
4.893333333333333002e+01
4.886666666666666714e+01
6.213333333333333286e+01
6.346666666666666856e+01
4.333333333333333570e+01
5.266666666666666430e+01
4.086666666666666714e+01
6.459999999999999432e+01
5.466666666666666430e+01
4.920000000000000284e+01
7.013333333333333997e+01
5.333333333333333570e+01
4.526666666666666572e+01
5.720000000000000284e+01
3.746666666666666856e+01
5.573333333333333428e+01
6.273333333333333428e+01
6.813333333333333997e+01
5.953333333333333144e+01
1.090000000000000000e+02
9.806666666666666288e+01
7.879999999999999716e+01
1.021333333333333400e+02
6.753333333333333144e+01
9.086666666666666003e+01
7.326666666666666572e+01
1.057999999999999972e+02
7.913333333333333997e+01
1.057999999999999972e+02
1.124000000000000057e+02
1.090000000000000000e+02
7.466666666666667140e+01
8.666666666666667140e+01
8.953333333333333144e+01
8.800000000000000000e+01
1.217999999999999972e+02
1.089333333333333371e+02
1.311333333333333258e+02
1.399333333333333371e+02
1.225333333333333314e+02
1.130666666666666629e+02
1.334000000000000057e+02
1.341999999999999886e+02
1.280666666666666629e+02
1.202000000000000028e+02
1.304666666666666686e+02
1.341333333333333258e+02
1.240666666666666629e+02
1.225999999999999943e+02
1.691333333333333258e+02
1.694666666666666686e+02
1.397333333333333201e+02
1.551999999999999886e+02
1.437333333333333201e+02
1.405999999999999943e+02
1.472666666666666799e+02
1.624666666666666686e+02
1.710666666666666629e+02
2.001999999999999886e+02
1.480000000000000000e+02
2.145999999999999943e+02
1.958000000000000114e+02
1.788000000000000114e+02
1.414666666666666686e+02
1.938666666666666742e+02
1.767333333333333201e+02
1.950666666666666629e+02
1.894000000000000057e+02
2.027333333333333201e+02
1.991333333333333258e+02
2.113333333333333428e+02
1.987333333333333201e+02
1.930666666666666629e+02
1.994000000000000057e+02
2.154666666666666686e+02
1.825333333333333314e+02
2.110666666666666629e+02
2.158000000000000114e+02
2.375999999999999943e+02
1.921333333333333258e+02
2.064666666666666686e+02
2.228666666666666742e+02
2.143333333333333428e+02
2.057333333333333201e+02
2.124000000000000057e+02
2.351333333333333258e+02
2.322666666666666799e+02
2.128000000000000114e+02
2.262666666666666799e+02
1.786666666666666572e+02
2.381333333333333258e+02
2.161999999999999886e+02
2.258000000000000114e+02
2.385999999999999943e+02
2.230000000000000000e+02
2.216666666666666572e+02
2.194000000000000057e+02
2.175999999999999943e+02
2.362666666666666799e+02
2.562666666666666515e+02
2.421333333333333258e+02
2.613333333333333144e+02
2.259333333333333371e+02
2.355999999999999943e+02
2.414666666666666686e+02
2.233333333333333428e+02
2.358666666666666742e+02
2.162666666666666799e+02
2.047333333333333201e+02
2.401333333333333258e+02
2.360000000000000000e+02
2.220000000000000000e+02
2.310666666666666629e+02
2.174000000000000057e+02
2.337333333333333201e+02
2.271999999999999886e+02
2.142666666666666799e+02
2.329333333333333371e+02
2.143333333333333428e+02
2.165999999999999943e+02
2.115999999999999943e+02
2.442666666666666799e+02
2.160000000000000000e+02
2.213333333333333428e+02
2.315999999999999943e+02
2.200000000000000000e+02
2.201333333333333258e+02
2.278000000000000114e+02
2.054666666666666686e+02
2.175999999999999943e+02
2.190000000000000000e+02
2.469333333333333371e+02
2.084000000000000057e+02
2.473333333333333428e+02
2.120000000000000000e+02
2.264000000000000057e+02
2.097333333333333201e+02
2.136666666666666572e+02
2.178666666666666742e+02
2.207333333333333201e+02
2.425333333333333314e+02
2.100666666666666629e+02
2.304666666666666686e+02
2.061999999999999886e+02
2.048666666666666742e+02
2.198000000000000114e+02
2.361333333333333258e+02
2.401333333333333258e+02
2.507333333333333201e+02
2.329333333333333371e+02
2.031999999999999886e+02
2.129333333333333371e+02
1.968666666666666742e+02
2.166666666666666572e+02
1.951999999999999886e+02
1.893333333333333428e+02
1.951999999999999886e+02
2.079333333333333371e+02
2.121999999999999886e+02
1.881333333333333258e+02
2.077333333333333201e+02
1.823333333333333428e+02
2.001999999999999886e+02
2.082666666666666799e+02
1.931999999999999886e+02
1.990000000000000000e+02
2.030000000000000000e+02
2.189333333333333371e+02
2.074000000000000057e+02
2.132666666666666799e+02
2.010666666666666629e+02
1.908000000000000114e+02
1.955333333333333314e+02
2.054666666666666686e+02
1.991333333333333258e+02
2.016666666666666572e+02
2.091999999999999886e+02
2.085333333333333314e+02
2.150666666666666629e+02
1.905999999999999943e+02
1.998666666666666742e+02
2.028666666666666742e+02
2.042666666666666799e+02
2.149333333333333371e+02
1.991333333333333258e+02
2.010000000000000000e+02
2.168000000000000114e+02
1.912666666666666799e+02
2.115999999999999943e+02
2.043333333333333428e+02
2.191999999999999886e+02
2.230666666666666629e+02
2.435999999999999943e+02
2.110666666666666629e+02
2.162666666666666799e+02
2.128666666666666742e+02
2.169333333333333371e+02
2.184666666666666686e+02
2.246666666666666572e+02
2.243333333333333428e+02
2.468000000000000114e+02
2.328000000000000114e+02
2.240000000000000000e+02
2.318000000000000114e+02
2.320000000000000000e+02
2.358666666666666742e+02
2.244000000000000057e+02
2.280666666666666629e+02
2.256666666666666572e+02
2.020666666666666629e+02
1.990000000000000000e+02
2.005333333333333314e+02
2.102666666666666799e+02
2.302666666666666799e+02
2.118000000000000114e+02
2.300666666666666629e+02
2.277333333333333201e+02
2.239333333333333371e+02
2.138000000000000114e+02
2.148666666666666742e+02
2.375999999999999943e+02
2.241999999999999886e+02
2.255333333333333314e+02
2.261333333333333258e+02
2.050000000000000000e+02
2.195333333333333314e+02
2.077333333333333201e+02
2.010666666666666629e+02
2.132666666666666799e+02
2.153333333333333428e+02
2.114666666666666686e+02
2.216666666666666572e+02
2.040000000000000000e+02
2.176666666666666572e+02
1.991999999999999886e+02
2.148000000000000114e+02
1.883333333333333428e+02
1.944000000000000057e+02
2.374666666666666686e+02
1.975999999999999943e+02
2.034000000000000057e+02
1.948666666666666742e+02
1.871333333333333258e+02
2.038000000000000114e+02
2.225999999999999943e+02
1.975333333333333314e+02
1.977333333333333201e+02
2.042666666666666799e+02
2.245333333333333314e+02
1.934000000000000057e+02
1.997333333333333201e+02
1.881999999999999886e+02
2.029333333333333371e+02
1.928666666666666742e+02
2.058666666666666742e+02
1.986666666666666572e+02
2.003333333333333428e+02
2.644666666666666401e+02
2.419333333333333371e+02
2.260000000000000000e+02
2.128000000000000114e+02
2.251333333333333258e+02
2.200666666666666629e+02
2.254000000000000057e+02
2.264000000000000057e+02
2.142666666666666799e+02
2.235333333333333314e+02
2.148666666666666742e+02
2.229333333333333371e+02
2.231333333333333258e+02
2.152666666666666799e+02
2.093333333333333428e+02
2.271333333333333258e+02
2.140000000000000000e+02
2.108666666666666742e+02
2.069333333333333371e+02
2.071333333333333258e+02
2.043333333333333428e+02
2.063333333333333428e+02
1.991999999999999886e+02
1.924666666666666686e+02
2.195333333333333314e+02
2.144666666666666686e+02
1.890666666666666629e+02
2.025999999999999943e+02
1.918000000000000114e+02
1.964000000000000057e+02
2.121999999999999886e+02
1.805333333333333314e+02
1.954666666666666686e+02
2.035999999999999943e+02
2.018666666666666742e+02
1.929333333333333371e+02
1.960666666666666629e+02
1.873333333333333428e+02
1.912666666666666799e+02
2.082666666666666799e+02
1.894666666666666686e+02
2.004666666666666686e+02
1.926666666666666572e+02
1.998000000000000114e+02
1.995333333333333314e+02
1.866666666666666572e+02
2.014666666666666686e+02
2.120000000000000000e+02
2.016666666666666572e+02
1.871333333333333258e+02
1.963333333333333428e+02
1.950666666666666629e+02
2.020000000000000000e+02
2.144666666666666686e+02
1.826666666666666572e+02
1.889333333333333371e+02
1.818666666666666742e+02
1.974000000000000057e+02
1.623333333333333428e+02
1.803333333333333428e+02
1.746666666666666572e+02
1.792666666666666799e+02
1.898000000000000114e+02
1.930000000000000000e+02
1.679333333333333371e+02
1.662666666666666799e+02
1.920666666666666629e+02
1.862666666666666799e+02
1.825333333333333314e+02
1.808666666666666742e+02
1.809333333333333371e+02
1.754666666666666686e+02
1.683333333333333428e+02
1.755333333333333314e+02
1.729333333333333371e+02
1.803333333333333428e+02
1.765999999999999943e+02
1.945999999999999943e+02
1.749333333333333371e+02
1.730000000000000000e+02
1.977333333333333201e+02
1.855333333333333314e+02
1.804000000000000057e+02
1.850000000000000000e+02
1.814000000000000057e+02
1.867333333333333201e+02
2.025333333333333314e+02
1.795333333333333314e+02
1.924666666666666686e+02
1.810000000000000000e+02
2.000000000000000000e+02
2.150666666666666629e+02
2.126666666666666572e+02
2.034000000000000057e+02
2.192666666666666799e+02
2.089333333333333371e+02
2.135333333333333314e+02
1.868000000000000114e+02
2.035333333333333314e+02
1.900666666666666629e+02
1.905999999999999943e+02
1.858000000000000114e+02
2.363333333333333428e+02
2.121333333333333258e+02
2.465333333333333314e+02
2.018666666666666742e+02
2.095333333333333314e+02
1.960000000000000000e+02
2.205333333333333314e+02
1.735333333333333314e+02
2.066666666666666572e+02
1.805999999999999943e+02
2.049333333333333371e+02
1.899333333333333371e+02
2.071999999999999886e+02
2.140000000000000000e+02
2.101999999999999886e+02
1.838000000000000114e+02
2.073333333333333428e+02
1.828666666666666742e+02
1.818666666666666742e+02
2.196666666666666572e+02
2.021999999999999886e+02
2.251999999999999886e+02
2.244000000000000057e+02
2.148666666666666742e+02
2.045999999999999943e+02
2.098000000000000114e+02
2.025333333333333314e+02
2.304000000000000057e+02
2.396666666666666572e+02
1.925333333333333314e+02
1.924000000000000057e+02
2.152666666666666799e+02
2.273333333333333428e+02
2.179333333333333371e+02
2.264000000000000057e+02
2.407333333333333201e+02
2.366666666666666572e+02
