2.127847112302323040e+01
6.577402391690980288e+00
8.499934640271588293e+00
1.146705425701532555e+01
1.437528743673979115e+01
1.466727271475133065e+01
8.995307418624198803e+00
4.988876515698588143e+00
1.299059488843969490e+01
1.145929995922768185e+01
1.032451236405650086e+01
1.117417657915885165e+01
1.252659393273189536e+01
1.226630434247504908e+01
7.663477597598161495e+00
1.129523006504171256e+01
7.493997598078078859e+00
6.297795028597089839e+00
8.084553172563094137e+00
7.567180599286780662e+00
3.889587238883952303e+00
1.766679245238239560e+01
1.541197225824420158e+01
1.124791338673780672e+01
8.164965809277260789e+00
8.783823515733654830e+00
1.050079362080155576e+01
1.619245366075060133e+01
1.453639111563343533e+01
1.546379283645797464e+01
1.127711547042652995e+01
1.853237407589456254e+01
1.110675470153185707e+01
6.754751414128182141e+00
6.671997868371629004e+00
8.227325743453269169e+00
1.059433811051922270e+01
9.061763380024638437e+00
6.536733808936149082e+00
1.096945253369049844e+01
1.967288037431789505e+01
1.005230763998440935e+01
1.323228375350730168e+01
8.059776671843954077e+00
2.526042139175213563e+01
6.993965653015144390e+00
1.243900674848634758e+01
1.314466516204281987e+01
1.915898396749333443e+01
1.212417236579699953e+01
1.356400465283841683e+01
1.614847774043526840e+01
5.463413666279434366e+00
1.562249090965401166e+01
1.200666481584290679e+01
1.182013348298383448e+01
1.821598809349144688e+01
1.593681970225622635e+01
1.595187206011326531e+01
1.275338734959810161e+01
1.804980763209280070e+01
2.005880244569838311e+01
1.396185279013259617e+01
1.982546062236357898e+01
1.898373572883436111e+01
1.610327778918179220e+01
1.682801896309313605e+01
1.979449979722200936e+01
3.211368694013331293e+01
1.880236391757400582e+01
2.941609536744580566e+01
2.378085130706823236e+01
1.407819432866145348e+01
3.357869695043107328e+01
4.021575147459844146e+01
2.591233082701918633e+01
1.248928429583626176e+01
2.304681226450971820e+01
2.159588438157192769e+01
3.682656046327915078e+01
2.433598159105155290e+01
1.789897576213044772e+01
1.577677618104112689e+01
5.939270437800700364e+01
4.634863056828707784e+01
3.411835608909407114e+01
1.983599421926379236e+01
2.951263382952384617e+01
3.792624421162739168e+01
3.786619718018815206e+01
3.146779658988252848e+01
2.810029655834021156e+01
3.908361407148638733e+01
2.502123542557845326e+01
3.889278710620889257e+01
2.957671757011285152e+01
3.852871944695570505e+01
2.184633200842242928e+01
4.168740817081340566e+01
3.814393791941256495e+01
3.307137063315573755e+01
6.175636719309911626e+01
2.149253100239450731e+01
5.200854630624555597e+01
6.079524835233607405e+01
3.197888192055639678e+01
4.514106285363200755e+01
4.952018668067487539e+01
3.075422283560782688e+01
4.834827355299831453e+01
3.105021023367725519e+01
4.248262389887580071e+01
3.737140915489035820e+01
5.538736317970012379e+01
6.557424968859515957e+01
4.317355157449471648e+01
3.617635814850478937e+01
5.701602114026079704e+01
2.808764061923955069e+01
5.388192853102254531e+01
6.510756911109149314e+01
4.075596752487773955e+01
5.256471144112643401e+01
8.090076225434054891e+01
6.185086004971061868e+01
4.706477805464860609e+01
5.943609079413693763e+01
4.490562944170313386e+01
5.764010949176121557e+01
5.643930860274208783e+01
7.191773077621401455e+01
6.777793806902721485e+01
8.675498064472532178e+01
6.451852447165852311e+01
6.987798890447072608e+01
4.388115262337072409e+01
5.615415290865750819e+01
5.790897071170311250e+01
4.541218632335011307e+01
6.918689663994668138e+01
5.941993679640604142e+01
7.037316407709846544e+01
1.066742497304553581e+02
8.382908537945260719e+01
6.927093345857426243e+01
1.148986800040220970e+02
8.183739976318895515e+01
7.371699638180841418e+01
6.622003724956165627e+01
8.525011567277913116e+01
9.038131566990061572e+01
7.348057944488159876e+01
8.208109810831398079e+01
1.057385875113191105e+02
7.889475408556783975e+01
8.538108039190467480e+01
9.280028735587694655e+01
6.689341439102123843e+01
1.127680805902095642e+02
8.860358658404047105e+01
9.946313666658393515e+01
7.176764978425553920e+01
8.631508172581042970e+01
7.775945815997776833e+01
9.033257072248819952e+01
1.085653106045695750e+02
7.092550082069682560e+01
7.547614781431872188e+01
8.972986620344916275e+01
8.096292704414506147e+01
8.061552097594000088e+01
7.470189645071491213e+01
8.254733322295894027e+01
9.826485751387535572e+01
7.111461796908487543e+01
9.022007660283946961e+01
7.917362074720482212e+01
6.322003901717661023e+01
8.223694763034166044e+01
7.362415062705684932e+01
8.837380205065802841e+01
1.015921256791095999e+02
7.822514514740981895e+01
6.155958270019560530e+01
7.393678982001374322e+01
7.422117098390607737e+01
6.247417244127546354e+01
6.296185794237297273e+01
6.625788003450357166e+01
7.972441421686473007e+01
8.950714434551518650e+01
7.798392996850910208e+01
8.172512193662090851e+01
5.350472460965999488e+01
9.109252927045604054e+01
5.208736251081765545e+01
7.117883580578335057e+01
8.062571963503127392e+01
7.168728385611123599e+01
8.754782819820388795e+01
7.993230469174108066e+01
8.902194486005495833e+01
7.264017865861534062e+01
1.008645736729314848e+02
7.044796345924808634e+01
9.821314689094441519e+01
6.535285422654129661e+01
9.271015765995295510e+01
8.919257567508383033e+01
6.370940973583799405e+01
8.180046182972046154e+01
5.514522241822545823e+01
5.229973443739673655e+01
9.403110596440355096e+01
8.949636864141471904e+01
5.754766140629289595e+01
5.880642444117441414e+01
5.345876915904443649e+01
6.894970791977455349e+01
6.987722566520987755e+01
4.910188953141778256e+01
6.177968022650237145e+01
5.623363959608361284e+01
5.270774769108111713e+01
5.935969451853111423e+01
7.668243316141942501e+01
6.160627673649279501e+01
5.938649303971025972e+01
7.690236233909419639e+01
6.381849261773581361e+01
7.523994211114791142e+01
5.394960611533692685e+01
5.145207046908370785e+01
5.340761493769716850e+01
7.403062429382406151e+01
9.438818193443970017e+01
5.433574636768444321e+01
9.419035100381684344e+01
6.646803743153546407e+01
8.326728048879704147e+01
5.740669724769827553e+01
6.911021792920510620e+01
7.078687888459430155e+01
6.397548141454054615e+01
8.499244410861211918e+01
6.496200598982625252e+01
9.435667555728223022e+01
4.751027958943902263e+01
6.225952849876787809e+01
4.345296307503091526e+01
6.974703498277821723e+01
9.743364693757261819e+01
8.458090144287236001e+01
5.924240223203496924e+01
8.281722848135726167e+01
5.314943294356227455e+01
5.728509598684654236e+01
7.546978792131913849e+01
4.703502241238260240e+01
4.500320976207018475e+01
4.720338970879104323e+01
8.420013196083615981e+01
8.679877111265265910e+01
3.839942129193557463e+01
5.891741866563930330e+01
3.954856367668602246e+01
8.457911483733242619e+01
6.252196058630563869e+01
4.550194135052554856e+01
6.031141406621690493e+01
5.000933246238479057e+01
6.519147865241966144e+01
8.433804993398096883e+01
5.164038040999396628e+01
5.047965486763509801e+01
4.800027777697403053e+01
5.003447700225204642e+01
5.324267294400443973e+01
4.516911432482253730e+01
5.569639924527337627e+01
6.479423842698773228e+01
5.601055456092380069e+01
6.120399405993769193e+01
3.959259189966392967e+01
4.256895060434958822e+01
4.735520621384258533e+01
5.525874490873719935e+01
6.452851221660769454e+01
4.312132754089197562e+01
4.322345042528033332e+01
6.899584528554358087e+01
3.164483457936785271e+01
6.268949938652671250e+01
5.086539972209880034e+01
6.218274144272937320e+01
6.017249279271125317e+01
8.387991416304620884e+01
6.453471072910213024e+01
5.916921121288972785e+01
6.286691410343671294e+01
8.760324702252131601e+01
8.860764953182966508e+01
7.380213787930235014e+01
8.839130173395017209e+01
9.870913500448344280e+01
9.229965691521645965e+01
9.639709539192557486e+01
9.847855942623586145e+01
9.274049816558027715e+01
1.122603323628708125e+02
9.488716105634804876e+01
8.178872511266791889e+01
8.598966346150112372e+01
5.497571180884235531e+01
4.174366219359932018e+01
4.084746694172793013e+01
7.102907073085560796e+01
8.394161992453776122e+01
6.494838976705530342e+01
1.005673682441553893e+02
9.643129966746045056e+01
9.512130267307223619e+01
9.688907747178384966e+01
9.392469797070890536e+01
1.159395244657029451e+02
9.329037106439942306e+01
9.129064695916126482e+01
1.070544202211608251e+02
9.459245917795632863e+01
1.048439263328538829e+02
8.494897815094005011e+01
6.661578057954604049e+01
9.185892565353800876e+01
6.821111020615011000e+01
7.010550778806343430e+01
1.147302149489062231e+02
6.542068989751382446e+01
9.124375168866207275e+01
7.680208330507709036e+01
8.826868074237884798e+01
4.352419505924900278e+01
4.989696049527131549e+01
9.639907791168036510e+01
5.148048173822773776e+01
6.147281241871618818e+01
5.737115031868272297e+01
5.542787104777602991e+01
5.544991734288999652e+01
7.774128032562022383e+01
7.821838374420399020e+01
5.198008165527338775e+01
8.227066440853764107e+01
1.034974181105768309e+02
5.276210761521947035e+01
6.797790490707663480e+01
5.958098130555868011e+01
7.698871490174532539e+01
6.364366076488337143e+01
7.850338987726722451e+01
6.871066551530086031e+01
8.694033714118103262e+01
1.299019459267472030e+02
1.387988792782163898e+02
1.209622530654363572e+02
1.261365397760168037e+02
1.186692134558168590e+02
1.233069160897131411e+02
1.163631098472936571e+02
1.184358053968477975e+02
1.225335146897461271e+02
1.223960057445594032e+02
1.057102118477154988e+02
1.194004280654898622e+02
1.251094809445799854e+02
1.238560813561001197e+02
1.254557912396058157e+02
1.192945188272379085e+02
1.240526769830730700e+02
1.294345995302475387e+02
9.947292205531222464e+01
1.091279778771491493e+02
1.027778618618274749e+02
1.096635257908885990e+02
1.004842939634514920e+02
9.805771543104373222e+01
1.215257814439206072e+02
1.154214692141611636e+02
9.317901528181594983e+01
1.163304488658637013e+02
1.102205062590441997e+02
1.081485398267894595e+02
1.116979259729860274e+02
1.148476478741390139e+02
1.115902425045407824e+02
1.130963011478860523e+02
1.107302227136847250e+02
1.179754023326708534e+02
1.095788706315633334e+02
1.073602450734079667e+02
9.967912965555471771e+01
1.360884352993384141e+02
6.962553809885820044e+01
8.340253126987346377e+01
6.189202066682119607e+01
6.739159195824554160e+01
6.276927769396603907e+01
6.715620265884273010e+01
7.679745366149120400e+01
7.953028773157221565e+01
7.624317820121497391e+01
7.223560217941165718e+01
8.098861374017680248e+01
7.904468497136427629e+01
8.979532281806218919e+01
1.018409653441198515e+02
6.772755880896802694e+01
6.758152278709191307e+01
6.417358404272656003e+01
5.690905024686320246e+01
5.411797811777113765e+01
6.505860605809365893e+01
5.926625421678755146e+01
6.783653555095185084e+01
8.992678503464175321e+01
6.994664633371162665e+01
5.941432674214379261e+01
6.747786468333318055e+01
8.935805628046203708e+01
7.457118895540168069e+01
6.899359068461038191e+01
7.093646609623446864e+01
6.898257428913156275e+01
7.801954171160510043e+01
7.497970095669597868e+01
9.062219497574655236e+01
7.523604337165944855e+01
8.838979327702693922e+01
8.735277137370438538e+01
1.021977168694747746e+02
7.100748004416311687e+01
6.926567211348874764e+01
1.184564430028560622e+02
9.550348452049043146e+01
1.050985569200008882e+02
1.138531217548879226e+02
1.022753147147443258e+02
1.380625301166910504e+02
1.089684154035267198e+02
1.179581093251140373e+02
1.229790587412706060e+02
1.120113089528612420e+02
1.242164777045836814e+02
1.251950300753011334e+02
1.318108071778975727e+02
1.170172636836120859e+02
1.468670449382327945e+02
1.308069654958107435e+02
1.076895950818317829e+02
9.938289591272737766e+01
1.226653260796310860e+02
1.151974922566555790e+02
1.110452160158194204e+02
1.173894941352646413e+02
1.495297815003939093e+02
1.189665872793234627e+02
1.476671331821073352e+02
1.253984936999732156e+02
1.285980127719277561e+02
1.099945453193020768e+02
1.342911596329243196e+02
1.063534150316241096e+02
1.050350206148195156e+02
8.956025904384154046e+01
1.197255008574011157e+02
1.137713887095032703e+02
1.265460127121093166e+02
1.220573635632033529e+02
1.174723797324290189e+02
1.043239825415677586e+02
1.204030269091640690e+02
9.940614780898725655e+01
1.158573068716667507e+02
1.322642136869312992e+02
1.314788702922767243e+02
1.400538943883151433e+02
1.511651635353419465e+02
1.314954329582928665e+02
1.309859025493456102e+02
1.263905059725610869e+02
1.198242416578919602e+02
1.199943331995307290e+02
1.226200998567889258e+02
1.095754635957440115e+02
1.311796732221370689e+02
9.459349284643680278e+01
1.181686177554016268e+02
1.052726407424497381e+02
1.218478833081095019e+02
1.435309335609884727e+02
1.393913754704915959e+02
