1.786666666666666714e+01
2.393333333333333357e+01
1.700000000000000000e+01
1.953333333333333499e+01
1.919999999999999929e+01
2.453333333333333499e+01
2.006666666666666643e+01
1.766666666666666785e+01
1.713333333333333286e+01
2.719999999999999929e+01
1.893333333333333357e+01
1.946666666666666501e+01
1.886666666666666714e+01
2.153333333333333499e+01
2.666666666666666785e+01
2.293333333333333357e+01
2.133333333333333215e+01
2.066666666666666785e+01
2.680000000000000071e+01
2.373333333333333428e+01
1.773333333333333428e+01
2.206666666666666643e+01
1.866666666666666785e+01
2.306666666666666643e+01
2.013333333333333286e+01
1.913333333333333286e+01
1.933333333333333215e+01
1.433333333333333393e+01
2.253333333333333499e+01
2.419999999999999929e+01
2.133333333333333215e+01
2.366666666666666785e+01
2.353333333333333499e+01
1.746666666666666501e+01
1.540000000000000036e+01
2.353333333333333499e+01
1.980000000000000071e+01
2.200000000000000000e+01
2.313333333333333286e+01
2.280000000000000071e+01
1.826666666666666572e+01
1.906666666666666643e+01
1.960000000000000142e+01
2.339999999999999858e+01
1.819999999999999929e+01
2.326666666666666572e+01
2.233333333333333215e+01
2.200000000000000000e+01
2.093333333333333357e+01
2.593333333333333357e+01
2.300000000000000000e+01
2.746666666666666501e+01
1.660000000000000142e+01
2.660000000000000142e+01
2.239999999999999858e+01
1.960000000000000142e+01
2.113333333333333286e+01
2.953333333333333499e+01
1.880000000000000071e+01
2.266666666666666785e+01
2.126666666666666572e+01
1.986666666666666714e+01
2.180000000000000071e+01
2.226666666666666572e+01
2.066666666666666785e+01
1.826666666666666572e+01
1.826666666666666572e+01
2.280000000000000071e+01
1.826666666666666572e+01
2.006666666666666643e+01
1.713333333333333286e+01
2.200000000000000000e+01
2.046666666666666501e+01
2.153333333333333499e+01
2.360000000000000142e+01
2.300000000000000000e+01
2.253333333333333499e+01
1.773333333333333428e+01
1.966666666666666785e+01
2.560000000000000142e+01
1.933333333333333215e+01
2.473333333333333428e+01
2.373333333333333428e+01
2.539999999999999858e+01
1.953333333333333499e+01
2.080000000000000071e+01
2.313333333333333286e+01
2.080000000000000071e+01
2.093333333333333357e+01
1.880000000000000071e+01
2.213333333333333286e+01
2.033333333333333215e+01
3.013333333333333286e+01
2.533333333333333215e+01
1.566666666666666607e+01
2.139999999999999858e+01
1.566666666666666607e+01
2.519999999999999929e+01
2.000000000000000000e+01
2.853333333333333499e+01
2.486666666666666714e+01
1.966666666666666785e+01
2.060000000000000142e+01
2.886666666666666714e+01
2.473333333333333428e+01
1.800000000000000000e+01
2.053333333333333499e+01
1.893333333333333357e+01
1.980000000000000071e+01
1.946666666666666501e+01
2.273333333333333428e+01
1.926666666666666572e+01
1.939999999999999858e+01
1.766666666666666785e+01
1.866666666666666785e+01
1.973333333333333428e+01
2.053333333333333499e+01
2.500000000000000000e+01
2.086666666666666714e+01
2.400000000000000000e+01
2.553333333333333499e+01
2.246666666666666501e+01
1.653333333333333499e+01
1.966666666666666785e+01
2.019999999999999929e+01
2.119999999999999929e+01
1.880000000000000071e+01
2.033333333333333215e+01
2.133333333333333215e+01
1.839999999999999858e+01
1.739999999999999858e+01
1.833333333333333215e+01
2.366666666666666785e+01
1.693333333333333357e+01
2.593333333333333357e+01
1.900000000000000000e+01
1.786666666666666714e+01
2.126666666666666572e+01
2.166666666666666785e+01
2.166666666666666785e+01
2.100000000000000000e+01
2.039999999999999858e+01
2.353333333333333499e+01
2.006666666666666643e+01
1.860000000000000142e+01
1.733333333333333215e+01
2.153333333333333499e+01
2.793333333333333357e+01
2.800000000000000000e+01
2.426666666666666572e+01
2.833333333333333215e+01
1.866666666666666785e+01
2.653333333333333499e+01
2.260000000000000142e+01
2.573333333333333428e+01
2.300000000000000000e+01
2.266666666666666785e+01
2.139999999999999858e+01
2.273333333333333428e+01
1.980000000000000071e+01
2.206666666666666643e+01
2.213333333333333286e+01
2.626666666666666572e+01
2.180000000000000071e+01
1.700000000000000000e+01
1.566666666666666607e+01
1.866666666666666785e+01
2.039999999999999858e+01
1.639999999999999858e+01
2.733333333333333215e+01
2.286666666666666714e+01
2.619999999999999929e+01
2.086666666666666714e+01
2.093333333333333357e+01
2.273333333333333428e+01
1.786666666666666714e+01
1.473333333333333250e+01
2.219999999999999929e+01
2.280000000000000071e+01
1.986666666666666714e+01
2.526666666666666572e+01
1.866666666666666785e+01
2.066666666666666785e+01
1.886666666666666714e+01
1.880000000000000071e+01
2.246666666666666501e+01
2.113333333333333286e+01
2.939999999999999858e+01
1.666666666666666785e+01
2.219999999999999929e+01
1.786666666666666714e+01
2.266666666666666785e+01
2.139999999999999858e+01
1.833333333333333215e+01
2.186666666666666714e+01
1.806666666666666643e+01
2.539999999999999858e+01
2.919999999999999929e+01
1.966666666666666785e+01
1.686666666666666714e+01
2.053333333333333499e+01
2.539999999999999858e+01
1.926666666666666572e+01
2.506666666666666643e+01
1.900000000000000000e+01
2.066666666666666785e+01
2.066666666666666785e+01
2.460000000000000142e+01
2.086666666666666714e+01
1.619999999999999929e+01
2.066666666666666785e+01
1.766666666666666785e+01
2.339999999999999858e+01
2.100000000000000000e+01
2.066666666666666785e+01
2.093333333333333357e+01
2.306666666666666643e+01
2.266666666666666785e+01
2.233333333333333215e+01
2.060000000000000142e+01
1.919999999999999929e+01
1.786666666666666714e+01
2.033333333333333215e+01
2.033333333333333215e+01
2.219999999999999929e+01
2.019999999999999929e+01
1.506666666666666643e+01
2.660000000000000142e+01
2.360000000000000142e+01
2.006666666666666643e+01
2.766666666666666785e+01
2.360000000000000142e+01
2.013333333333333286e+01
2.126666666666666572e+01
1.613333333333333286e+01
2.206666666666666643e+01
2.200000000000000000e+01
2.273333333333333428e+01
2.206666666666666643e+01
2.146666666666666501e+01
1.986666666666666714e+01
2.046666666666666501e+01
2.253333333333333499e+01
1.953333333333333499e+01
2.113333333333333286e+01
2.560000000000000142e+01
2.319999999999999929e+01
2.986666666666666714e+01
2.300000000000000000e+01
2.226666666666666572e+01
1.960000000000000142e+01
2.313333333333333286e+01
2.180000000000000071e+01
2.186666666666666714e+01
1.793333333333333357e+01
1.580000000000000071e+01
2.113333333333333286e+01
2.446666666666666501e+01
2.106666666666666643e+01
1.819999999999999929e+01
2.233333333333333215e+01
2.100000000000000000e+01
2.339999999999999858e+01
2.026666666666666572e+01
2.219999999999999929e+01
2.053333333333333499e+01
2.219999999999999929e+01
1.919999999999999929e+01
2.200000000000000000e+01
2.026666666666666572e+01
2.033333333333333215e+01
2.560000000000000142e+01
1.953333333333333499e+01
2.166666666666666785e+01
1.626666666666666572e+01
1.833333333333333215e+01
2.533333333333333215e+01
2.366666666666666785e+01
2.213333333333333286e+01
2.506666666666666643e+01
1.473333333333333250e+01
2.060000000000000142e+01
1.993333333333333357e+01
2.373333333333333428e+01
1.893333333333333357e+01
2.313333333333333286e+01
2.726666666666666572e+01
1.906666666666666643e+01
2.400000000000000000e+01
1.900000000000000000e+01
1.926666666666666572e+01
2.539999999999999858e+01
2.486666666666666714e+01
2.500000000000000000e+01
2.046666666666666501e+01
2.339999999999999858e+01
2.386666666666666714e+01
2.280000000000000071e+01
2.046666666666666501e+01
1.739999999999999858e+01
1.939999999999999858e+01
1.966666666666666785e+01
2.253333333333333499e+01
2.413333333333333286e+01
2.119999999999999929e+01
2.406666666666666643e+01
2.519999999999999929e+01
2.926666666666666572e+01
2.386666666666666714e+01
2.266666666666666785e+01
2.186666666666666714e+01
2.800000000000000000e+01
1.806666666666666643e+01
2.660000000000000142e+01
2.860000000000000142e+01
3.879999999999999716e+01
3.326666666666666572e+01
2.673333333333333428e+01
3.506666666666666998e+01
3.420000000000000284e+01
3.426666666666666572e+01
3.213333333333333286e+01
4.153333333333333144e+01
3.093333333333333357e+01
2.739999999999999858e+01
2.346666666666666501e+01
3.673333333333333428e+01
3.360000000000000142e+01
3.979999999999999716e+01
4.133333333333333570e+01
2.966666666666666785e+01
4.346666666666666856e+01
3.773333333333333428e+01
3.173333333333333428e+01
3.573333333333333428e+01
3.820000000000000284e+01
3.560000000000000142e+01
5.679999999999999716e+01
4.879999999999999716e+01
5.139999999999999858e+01
4.386666666666666714e+01
4.626666666666666572e+01
4.513333333333333286e+01
5.513333333333333286e+01
4.520000000000000284e+01
5.706666666666666998e+01
4.879999999999999716e+01
4.739999999999999858e+01
6.213333333333333286e+01
6.106666666666666998e+01
4.953333333333333144e+01
4.779999999999999716e+01
5.586666666666666714e+01
4.906666666666666998e+01
4.679999999999999716e+01
7.033333333333332860e+01
5.746666666666666856e+01
6.646666666666666856e+01
5.446666666666666856e+01
5.939999999999999858e+01
5.666666666666666430e+01
6.113333333333333286e+01
4.400000000000000000e+01
6.540000000000000568e+01
4.266666666666666430e+01
7.073333333333333428e+01
6.360000000000000142e+01
7.273333333333333428e+01
7.753333333333333144e+01
6.773333333333333428e+01
6.633333333333332860e+01
6.893333333333333712e+01
7.893333333333333712e+01
8.059999999999999432e+01
9.226666666666666572e+01
5.586666666666666714e+01
9.453333333333333144e+01
8.613333333333333997e+01
1.022666666666666657e+02
1.076666666666666714e+02
8.193333333333333712e+01
7.059999999999999432e+01
1.108666666666666600e+02
1.014000000000000057e+02
8.406666666666666288e+01
1.045999999999999943e+02
9.826666666666666572e+01
1.376666666666666572e+02
1.124666666666666686e+02
1.496666666666666572e+02
1.325999999999999943e+02
1.024000000000000057e+02
1.156666666666666714e+02
1.411999999999999886e+02
1.521999999999999886e+02
1.187333333333333343e+02
1.202000000000000028e+02
1.210000000000000000e+02
1.366666666666666572e+02
1.384666666666666686e+02
1.338666666666666742e+02
1.418000000000000114e+02
1.584666666666666686e+02
1.771333333333333258e+02
1.804000000000000057e+02
1.964000000000000057e+02
2.062666666666666799e+02
1.741999999999999886e+02
1.979333333333333371e+02
1.971999999999999886e+02
2.419333333333333371e+02
2.895333333333333599e+02
1.916666666666666572e+02
2.021999999999999886e+02
2.430000000000000000e+02
2.320000000000000000e+02
2.479333333333333371e+02
2.237333333333333201e+02
2.426666666666666572e+02
2.593333333333333144e+02
2.061333333333333258e+02
2.491999999999999886e+02
2.513333333333333428e+02
2.590666666666666629e+02
2.086666666666666572e+02
2.632666666666666515e+02
2.672666666666666515e+02
2.861999999999999886e+02
2.543333333333333428e+02
2.371333333333333258e+02
2.246666666666666572e+02
2.235999999999999943e+02
2.123333333333333428e+02
2.365999999999999943e+02
2.701333333333333258e+02
2.761333333333333258e+02
2.465999999999999943e+02
3.042666666666666515e+02
2.250666666666666629e+02
2.778000000000000114e+02
2.824666666666666401e+02
2.730666666666666629e+02
2.409333333333333371e+02
2.219333333333333371e+02
2.459333333333333371e+02
2.793999999999999773e+02
2.756000000000000227e+02
2.515333333333333314e+02
2.356666666666666572e+02
2.413333333333333428e+02
2.630000000000000000e+02
2.638666666666666742e+02
2.598666666666666742e+02
2.936000000000000227e+02
2.351999999999999886e+02
2.535333333333333314e+02
2.510000000000000000e+02
3.054666666666666401e+02
2.693999999999999773e+02
2.670000000000000000e+02
2.619333333333333371e+02
2.247333333333333201e+02
2.876000000000000227e+02
2.897333333333333485e+02
2.882666666666666515e+02
2.708666666666666742e+02
2.646000000000000227e+02
2.586000000000000227e+02
2.705333333333333599e+02
3.109333333333333371e+02
2.427333333333333201e+02
2.291999999999999886e+02
2.918666666666666742e+02
2.998666666666666742e+02
2.463333333333333428e+02
2.483333333333333428e+02
2.912666666666666515e+02
2.878666666666666742e+02
2.966000000000000227e+02
2.815333333333333599e+02
3.206666666666666856e+02
2.627333333333333485e+02
2.887333333333333485e+02
2.663333333333333144e+02
2.629333333333333371e+02
2.707333333333333485e+02
2.938000000000000114e+02
2.743333333333333144e+02
2.814666666666666401e+02
3.003999999999999773e+02
2.934666666666666401e+02
2.948666666666666742e+02
2.663333333333333144e+02
2.431333333333333258e+02
2.855333333333333599e+02
2.761333333333333258e+02
2.804666666666666401e+02
2.650666666666666629e+02
2.655333333333333599e+02
2.718666666666666742e+02
3.120000000000000000e+02
2.645333333333333599e+02
2.700000000000000000e+02
2.526666666666666572e+02
2.698000000000000114e+02
2.667333333333333485e+02
2.619333333333333371e+02
2.786666666666666856e+02
2.908666666666666742e+02
2.900666666666666629e+02
2.540000000000000000e+02
2.576666666666666856e+02
3.085333333333333599e+02
2.651333333333333258e+02
2.896666666666666856e+02
2.694666666666666401e+02
2.900000000000000000e+02
2.830666666666666629e+02
2.687333333333333485e+02
2.666000000000000227e+02
2.851333333333333258e+02
2.618666666666666742e+02
2.753333333333333144e+02
2.548666666666666742e+02
2.706666666666666856e+02
2.433333333333333428e+02
3.061333333333333258e+02
3.063333333333333144e+02
3.157333333333333485e+02
3.053333333333333144e+02
2.422666666666666799e+02
2.943333333333333144e+02
2.432666666666666799e+02
2.618666666666666742e+02
2.699333333333333371e+02
2.836666666666666856e+02
2.790666666666666629e+02
2.573999999999999773e+02
2.528666666666666742e+02
2.850000000000000000e+02
2.753333333333333144e+02
2.693999999999999773e+02
2.575333333333333599e+02
2.651333333333333258e+02
2.420666666666666629e+02
2.818666666666666742e+02
2.631999999999999886e+02
2.618000000000000114e+02
2.650000000000000000e+02
2.592666666666666515e+02
2.708666666666666742e+02
2.550666666666666629e+02
2.675333333333333599e+02
2.726666666666666856e+02
2.639333333333333371e+02
2.863999999999999773e+02
2.770000000000000000e+02
3.045333333333333599e+02
2.933333333333333144e+02
2.620666666666666629e+02
2.501333333333333258e+02
2.903333333333333144e+02
2.786000000000000227e+02
3.051333333333333258e+02
2.806666666666666856e+02
2.918666666666666742e+02
3.058666666666666742e+02
3.070000000000000000e+02
2.870000000000000000e+02
2.963999999999999773e+02
3.088000000000000114e+02
3.068666666666666742e+02
3.367333333333333485e+02
3.352666666666666515e+02
3.023333333333333144e+02
2.994666666666666401e+02
3.000000000000000000e+02
2.948000000000000114e+02
2.919333333333333371e+02
2.834666666666666401e+02
3.261333333333333258e+02
3.076666666666666856e+02
3.250666666666666629e+02
3.242666666666666515e+02
2.883333333333333144e+02
2.940000000000000000e+02
3.006000000000000227e+02
3.238000000000000114e+02
2.933333333333333144e+02
3.130666666666666629e+02
3.044666666666666401e+02
2.851999999999999886e+02
3.023333333333333144e+02
2.762666666666666515e+02
2.904666666666666401e+02
3.242666666666666515e+02
2.950666666666666629e+02
2.937333333333333485e+02
2.763333333333333144e+02
2.920000000000000000e+02
2.868000000000000114e+02
2.865333333333333599e+02
2.987333333333333485e+02
2.953999999999999773e+02
3.150000000000000000e+02
3.041333333333333258e+02
2.966666666666666856e+02
3.046000000000000227e+02
3.310666666666666629e+02
3.062666666666666515e+02
2.981999999999999886e+02
3.158000000000000114e+02
3.168666666666666742e+02
3.493999999999999773e+02
3.309333333333333371e+02
3.308666666666666742e+02
3.285333333333333599e+02
2.845333333333333599e+02
3.183999999999999773e+02
3.418666666666666742e+02
3.416666666666666856e+02
3.040666666666666629e+02
3.421999999999999886e+02
2.990000000000000000e+02
3.217333333333333485e+02
3.007333333333333485e+02
3.366666666666666856e+02
3.121333333333333258e+02
3.171999999999999886e+02
3.169333333333333371e+02
3.258000000000000114e+02
3.230000000000000000e+02
3.248666666666666742e+02
3.178666666666666742e+02
3.535333333333333599e+02
3.057333333333333485e+02
3.161333333333333258e+02
3.253333333333333144e+02
3.310000000000000000e+02
3.071999999999999886e+02
3.241999999999999886e+02
3.181333333333333258e+02
3.494666666666666401e+02
3.206666666666666856e+02
3.362666666666666515e+02
3.331999999999999886e+02
3.550666666666666629e+02
3.368000000000000114e+02
3.588666666666666742e+02
3.138666666666666742e+02
3.300666666666666629e+02
3.339333333333333371e+02
3.286666666666666856e+02
3.349333333333333371e+02
3.200000000000000000e+02
3.127333333333333485e+02
3.388000000000000114e+02
3.233999999999999773e+02
3.420000000000000000e+02
3.066666666666666856e+02
3.255333333333333599e+02
3.306666666666666856e+02
3.390666666666666629e+02
3.450000000000000000e+02
3.404666666666666401e+02
3.098000000000000114e+02
3.203999999999999773e+02
3.270000000000000000e+02
3.185333333333333599e+02
3.246000000000000227e+02
3.466000000000000227e+02
3.283999999999999773e+02
3.075333333333333599e+02
3.186666666666666856e+02
3.385333333333333599e+02
3.445333333333333599e+02
3.540000000000000000e+02
3.367333333333333485e+02
3.678000000000000114e+02
3.645333333333333599e+02
3.433333333333333144e+02
3.340666666666666629e+02
3.220666666666666629e+02
3.128000000000000114e+02
3.378666666666666742e+02
3.670000000000000000e+02
3.486666666666666856e+02
3.232666666666666515e+02
3.250666666666666629e+02
3.403999999999999773e+02
3.320000000000000000e+02
3.150666666666666629e+02
3.376000000000000227e+02
3.240666666666666629e+02
3.126000000000000227e+02
3.414666666666666401e+02
3.279333333333333371e+02
3.303999999999999773e+02
3.247333333333333485e+02
3.657333333333333485e+02
