4.224794538067962790e+00
1.063620650837923876e+01
6.110100926607787031e+00
1.132470259604590623e+01
1.341243204394092281e+01
1.559002530109841977e+01
1.004301858119471014e+01
6.352602266438183598e+00
7.347259504211228531e+00
1.168588892639323440e+01
8.605941100322626269e+00
8.325596408399555060e+00
6.651983831075424902e+00
1.051897755910187726e+01
1.867142796419765460e+01
6.786915516066353682e+00
1.287719776279848283e+01
1.285128614402292158e+01
1.266596489284044580e+01
1.119206067809776428e+01
8.201354901613647996e+00
1.067374764967248346e+01
1.014998631635640258e+01
1.524671184951766101e+01
1.159808413297453100e+01
1.218122416763693749e+01
8.088400473654987266e+00
5.884065110297661327e+00
1.242506427436985916e+01
1.582908714992750276e+01
1.932413574321558869e+01
1.330496983169154745e+01
1.549135959889325420e+01
4.814792022738076938e+00
5.535341001239218350e+00
1.109874867821693734e+01
9.509293699674369549e+00
1.425014619808044891e+01
1.019062750221441860e+01
8.923377536934468779e+00
6.767241354906411210e+00
8.613684203379849080e+00
1.008497231858703103e+01
9.141845182091705269e+00
7.368401002478986328e+00
1.079794219078596207e+01
1.042859317240612071e+01
1.106947755466956629e+01
1.132234761679553614e+01
1.423360655475468484e+01
8.156796756897485068e+00
2.287609135222963630e+01
8.739183791026102099e+00
1.344023809312915319e+01
1.191525632679940827e+01
8.187795796183488406e+00
1.298135414953137889e+01
1.594936432031766671e+01
1.128538878373270826e+01
1.187527777452899080e+01
1.273560189215867311e+01
1.345048532788150375e+01
8.900936280339651674e+00
1.006291320752704443e+01
9.903983485895405892e+00
6.038395666252935001e+00
1.182915419161018633e+01
8.611620056644394339e+00
7.261466028901388370e+00
1.142784124651526412e+01
6.312597634008435321e+00
1.466969665671379808e+01
6.141299174894148116e+00
6.042810236599819085e+00
1.170071222903403729e+01
1.219836054558152583e+01
9.625429283356089272e+00
1.289685577529999527e+01
9.802494013713493715e+00
1.381207201448549249e+01
1.119325193538003482e+01
1.653870880355806250e+01
1.491516752243239985e+01
1.425388835838604784e+01
7.965481083330050893e+00
1.273420590378528416e+01
1.282636174273732088e+01
9.710475443217665870e+00
8.675380235022682740e+00
1.229742520476000500e+01
9.185979655008072342e+00
7.743097284391792456e+00
1.697789412409233023e+01
1.338988009240145871e+01
3.771236166328253425e+00
8.467978900934193476e+00
4.482063017059096488e+00
1.931562407310033791e+01
9.201449161228174134e+00
1.487219628105486713e+01
2.251774608811656364e+01
9.045563676312395884e+00
1.063202708800161034e+01
1.342568020209363233e+01
1.741442569314940769e+01
7.108680140035373185e+00
1.082507377444709284e+01
7.433856483832750328e+00
8.772684879784522494e+00
7.640826017010348359e+00
1.491516752243239985e+01
1.217903480941281025e+01
9.796598048982785301e+00
6.896053621859066673e+00
6.779052703405952229e+00
1.082261007746693693e+01
1.330597192575156917e+01
1.857238092796217899e+01
6.946142014736589765e+00
1.240967364599085698e+01
8.838300490227492645e+00
1.160383078508511012e+01
4.951318567367238188e+00
1.235943184598529854e+01
8.280096617793780922e+00
9.558242516278818712e+00
9.239047569960877837e+00
9.924156835161809909e+00
1.229995483279873270e+01
1.215894732285653035e+01
5.486954224947267811e+00
8.283853102404835411e+00
1.395548478396775494e+01
6.557099629832960908e+00
1.744502476034037741e+01
8.532291603080617293e+00
5.560175856531477834e+00
1.227173808209560768e+01
8.055363982396380962e+00
9.184528052957078970e+00
9.852241707685955419e+00
1.258994307638706900e+01
1.357383103213270736e+01
1.112035171306295567e+01
8.837797614036354332e+00
8.275801404630785285e+00
1.084353365938531333e+01
1.542062111445435768e+01
1.365283853270081060e+01
1.260405578463623755e+01
1.464543918388550381e+01
8.622966749069346903e+00
1.514757039557462726e+01
1.299640976064800313e+01
1.279305367073171595e+01
1.389484316812056264e+01
1.675974011996871127e+01
1.200444362170386725e+01
1.422423596854639172e+01
8.518215775618740437e+00
1.114430597011565993e+01
8.381461023526201259e+00
1.353743780123189389e+01
8.407932762179616049e+00
8.302610031389727752e+00
4.173993557999607695e+00
8.030497424748288537e+00
1.120595080005857014e+01
6.118823416311342633e+00
2.069675229487842927e+01
1.155777756414364532e+01
1.120833023543947071e+01
1.120039681836714607e+01
1.213516469695496980e+01
1.010918174510457312e+01
8.220840724781268705e+00
4.767482447674965762e+00
1.396280774056564766e+01
1.731742860049762811e+01
8.253214861831452254e+00
1.075463724270708354e+01
6.679986693266852349e+00
8.323994767471258882e+00
1.126568043020729171e+01
7.816222446510420419e+00
1.155200800245952486e+01
1.371552243101062274e+01
1.849612572044931369e+01
5.641118880348314768e+00
7.704544113703289732e+00
1.188762194703194375e+01
1.221838323547305016e+01
1.274781026948027041e+01
5.962847939999438296e+00
1.204362440832861836e+01
7.379852452605148549e+00
1.531796331109328690e+01
2.162775993948518050e+01
7.820201759261429686e+00
8.499934640271588293e+00
9.236642006462931320e+00
1.297587505077531844e+01
9.807933296854926652e+00
1.269890633961138526e+01
8.302610031389727752e+00
1.523883926754994889e+01
1.059979035432095351e+01
1.214248738932843352e+01
8.554660847878320595e+00
6.881860213634102053e+00
4.642796092394705809e+00
6.749485577105528655e+00
9.742005269279353286e+00
1.159310139695155151e+01
9.624043964063247358e+00
9.807933296854926652e+00
1.177832283854067619e+01
1.437899702884577202e+01
1.057460269807912034e+01
9.061272905429273550e+00
9.166606060405708689e+00
9.597684906036224817e+00
8.707595662536370185e+00
1.037089945740269847e+01
1.517102501481030252e+01
8.795453370918407288e+00
5.870453323400350421e+00
1.610300179055652592e+01
1.346501640053463511e+01
8.690735808255183770e+00
1.423454327409988096e+01
1.374433216517509315e+01
7.079234107977751655e+00
1.084722186655284659e+01
5.965083588871342712e+00
9.539159059139100449e+00
1.119523708249777627e+01
8.729006561777550743e+00
7.316343956436772267e+00
9.932214702113970617e+00
8.492087820763250861e+00
6.238233368154445735e+00
1.208231030152024488e+01
1.097795771332516779e+01
8.147528595974501187e+00
1.541773870146548830e+01
1.260264522497823592e+01
1.728917451920581172e+01
1.361861471173432747e+01
1.092072443669476556e+01
9.945183088644807157e+00
1.350983181077971551e+01
1.123803066970958753e+01
1.128932632573303252e+01
1.338888427846854512e+01
6.231104770958892480e+00
9.415353890793955571e+00
1.281075936685860661e+01
8.551543070632860122e+00
1.006114638928718996e+01
1.702808138210396294e+01
1.233963802818650990e+01
1.135370717724685186e+01
1.113233528460622956e+01
1.352627073512873324e+01
1.097795771332516779e+01
9.445986802164540563e+00
5.844655678480983774e+00
1.188836966675133944e+01
1.000311062731099732e+01
7.854227453345675514e+00
1.276871175960989468e+01
7.570703768841807069e+00
9.924156835161811685e+00
7.962132600977928298e+00
5.940445175985457738e+00
1.402695817187588290e+01
1.428130090557423770e+01
1.248394524534968042e+01
2.153591315815411633e+01
6.506065546003120481e+00
1.329059818066892085e+01
8.176932323446379769e+00
8.590433956183792574e+00
8.683061416087966222e+00
1.552145468554914487e+01
1.390187837028587303e+01
6.475252032846975148e+00
1.319090595827291956e+01
7.865536642001400125e+00
9.355687515564470758e+00
1.316966210652346270e+01
1.500162954111615399e+01
1.799259106780714035e+01
8.958174417195106543e+00
1.239247083245844472e+01
1.163825110954772590e+01
9.758415171874307958e+00
1.137756076181924314e+01
8.349051842375077470e+00
8.852871473896668064e+00
8.599741598185119074e+00
1.133647015413331971e+01
1.198257994850116681e+01
1.389580272360446678e+01
1.467636043287148162e+01
1.457486420748634792e+01
2.089167830075463783e+01
1.285232361179184579e+01
1.163710540565059048e+01
1.849636600945049025e+01
2.451666100158556816e+01
5.720916787446649998e+00
1.813210780172380865e+01
1.438425064668530950e+01
3.725801927102406097e+01
3.067347750455141764e+01
1.335897534327472869e+01
2.335085056742520848e+01
1.676981415122620689e+01
2.023023040457577792e+01
2.169137053197781384e+01
2.724179795012722138e+01
2.002487342171119877e+01
1.436569989013181825e+01
1.384613865146364731e+01
2.413701629355947631e+01
2.123456302038416865e+01
2.827295527531567032e+01
1.913693345920976796e+01
2.434657174132644997e+01
2.123477232172635354e+01
2.398740410206064055e+01
2.417565350145104830e+01
3.028413592772441731e+01
2.467711490429948640e+01
2.698839256668194508e+01
4.829796407027248506e+01
4.861851499171894631e+01
3.892008907149794084e+01
2.855840020418199288e+01
5.513917744117053843e+01
2.558871278947462358e+01
4.778126085495117081e+01
1.788928916046321405e+01
3.884750814259376739e+01
2.869889661061321462e+01
3.493193381420501709e+01
4.139221612278757334e+01
3.439082565000278180e+01
4.016941899283859385e+01
2.416664367814998826e+01
5.107232344648344480e+01
2.966584268518631262e+01
3.550812113681413251e+01
3.850137082696608815e+01
4.007637153679903008e+01
4.222458472922564710e+01
2.686476420063194226e+01
3.726982693815467940e+01
3.764866826625110008e+01
4.372011995510635529e+01
2.780407643973571652e+01
3.700594546826226150e+01
2.569478978746901987e+01
4.111847381517083022e+01
3.519810600965151792e+01
4.540553074485774943e+01
6.035104712338377198e+01
4.223342541426426067e+01
4.445622066208007794e+01
3.682112919989764777e+01
4.764936749026394125e+01
5.108528816270558082e+01
8.203695644172950097e+01
4.855219413739769863e+01
5.737928391172393816e+01
4.917976096819594289e+01
8.065024626262602681e+01
5.482051521911199643e+01
5.371339580485383181e+01
4.314131816870381186e+01
8.071007096735546327e+01
6.323163765078364662e+01
5.043605412356873785e+01
9.271303396322798562e+01
6.887134543641660400e+01
1.421715708415559334e+02
6.037976114192201749e+01
8.938878875762640064e+01
9.312056700858300928e+01
5.647630771689428997e+01
8.873380916476473601e+01
9.959665322355633066e+01
7.170606668894899371e+01
6.881421041874676803e+01
6.653139609738147442e+01
8.150664594579593825e+01
8.166163249790088230e+01
7.251194537607042889e+01
5.783409221404121325e+01
1.206516749434779570e+02
7.842947291817166899e+01
1.125390993783444458e+02
1.165491598711319199e+02
8.770237549044306036e+01
1.443918126333884402e+02
8.120853813895843132e+01
1.256855688701858185e+02
1.056208312786828998e+02
9.104245651831284647e+01
1.158826226067663043e+02
1.294587021237103102e+02
8.454442619120435154e+01
8.543145400456047867e+01
9.520854303405060648e+01
1.190582303842209200e+02
1.154645496341722435e+02
1.149734268815576996e+02
1.183540826878772663e+02
6.684595890719364775e+01
1.263752085392278701e+02
8.438456941618862572e+01
9.420011795227340201e+01
7.799116759109470820e+01
1.037988225152653428e+02
9.133343065688247009e+01
1.207345297198223619e+02
1.080713755914220968e+02
1.140905293566862468e+02
9.914747713493380843e+01
1.240213960035391096e+02
1.091394622591765540e+02
9.320000000000000284e+01
1.148668020892991564e+02
1.135516720362242040e+02
7.223646355315760559e+01
1.242183382418053412e+02
9.211548307544298098e+01
1.256615560410846939e+02
1.213363735882837346e+02
9.997297412578839726e+01
1.126188064026411126e+02
1.054472801398352289e+02
1.156266789667890151e+02
1.214796553611618890e+02
1.319175500075710090e+02
1.108325263128513569e+02
1.317683151933304941e+02
1.306326486330614216e+02
1.268978591886666436e+02
1.269991426042798963e+02
1.099683995013516977e+02
1.220725467362202039e+02
1.064075185313519114e+02
1.179626306175910031e+02
9.138781829835600945e+01
1.382846661379666102e+02
1.078015460618878620e+02
1.243682703371992204e+02
1.103143790365617889e+02
1.319224351234045685e+02
1.359523445917722881e+02
1.225656105475303690e+02
1.206877329677249691e+02
1.054595446394282305e+02
1.344548499187242783e+02
1.339700464034156084e+02
1.061501242999219983e+02
1.263742941512324478e+02
7.788578532412417132e+01
1.089153799975008070e+02
1.210079152599347623e+02
1.388586171454820146e+02
1.103447124041544356e+02
8.360435926965105580e+01
9.014023642204530518e+01
9.804343708558751302e+01
1.066957043808856014e+02
1.206260705191414502e+02
1.154456100892922308e+02
1.165455371184251732e+02
9.492907293810937119e+01
7.149607603840149750e+01
8.110114398425928073e+01
1.063506568960541188e+02
1.047258007051430013e+02
9.706675824171504985e+01
1.160872468830615816e+02
1.153815698743376714e+02
1.348870473972781383e+02
1.143928125170264281e+02
1.075389335181552894e+02
7.907284967392762098e+01
1.183885504974568335e+02
9.816303898220665758e+01
1.092073664589018875e+02
8.289790239941069672e+01
1.075595132421530025e+02
1.136883850219048782e+02
1.177047152836282891e+02
8.022374267564990191e+01
7.280384605225194150e+01
8.510986364040826402e+01
9.689182972091437307e+01
9.582725198095906194e+01
7.721698143687191873e+01
1.131798961339375467e+02
1.111376723808008364e+02
9.635107103135329965e+01
8.575702109254184791e+01
8.664692082751059843e+01
1.224972743460940023e+02
5.801363824328053198e+01
8.034979084533381410e+01
1.010503944684147513e+02
1.015132175301981619e+02
8.343417898093215967e+01
9.333628566759136902e+01
1.112227794413836079e+02
1.168719337090342236e+02
7.712489150001371740e+01
9.997844212073364645e+01
9.303323181649783180e+01
9.789223099352109614e+01
8.434110636114645843e+01
1.055132640424363331e+02
9.871822976982969067e+01
7.086180604215191181e+01
1.215448705439911095e+02
8.977265111875045989e+01
9.059703208285701237e+01
6.336188829958344115e+01
7.762805907373670777e+01
8.378740292483642804e+01
1.133535276126077207e+02
9.385340815453758978e+01
7.622580490446350154e+01
9.516712784476698062e+01
1.127829774389734752e+02
8.125488019531844941e+01
5.639716304921729062e+01
5.774872773971350171e+01
1.027260867009392626e+02
6.953892594958756490e+01
9.665324044691355709e+01
7.004017894513594911e+01
6.286302569873645751e+01
8.758386457181102003e+01
9.926897243796214809e+01
1.007259428129394934e+02
7.049110266945436365e+01
7.289157854116085389e+01
8.192815280611556261e+01
8.070395832230839517e+01
1.040011538397531297e+02
1.024714594411536552e+02
9.312777363505594508e+01
9.568675747226235728e+01
7.895438908354338992e+01
6.184697962624277068e+01
1.129617437699841531e+02
9.145694797735889381e+01
9.443365690025753167e+01
8.320069444154630389e+01
1.034490964462984266e+02
1.211455690022911682e+02
1.177936048065994754e+02
1.016733331147684396e+02
1.100495645909908404e+02
9.748722993295071149e+01
1.080727327106868216e+02
1.245388649735049142e+02
1.251396375609618303e+02
1.015313854048206110e+02
1.074174825415097558e+02
1.188831358940367124e+02
1.124954517599118873e+02
1.165518291958083665e+02
1.054298292177735163e+02
1.246279084136276225e+02
1.136049685924382828e+02
1.146923227111949757e+02
1.153114430093079790e+02
1.096890554653876535e+02
1.090791761367249535e+02
1.069478377528035935e+02
1.196986215459476455e+02
1.215887421689286896e+02
1.050634517274627200e+02
1.088790562453995818e+02
1.030690383513238402e+02
1.210849105196661384e+02
9.505259362876721241e+01
1.071060948571814748e+02
1.113070627688208418e+02
7.918625020937803072e+01
9.090542093602316243e+01
9.497274462824701402e+01
9.115773874627065254e+01
1.111372724756790973e+02
8.099700954699225974e+01
1.105950370596358141e+02
8.719847093460603560e+01
1.154798683754012671e+02
9.187372977202035429e+01
9.606641221340346704e+01
9.990115114451884892e+01
8.901570398281167229e+01
8.015274307359807437e+01
9.477496153169006732e+01
9.430107811331392043e+01
1.044553280381405642e+02
1.055245942896725921e+02
1.081070251597410703e+02
1.162662844030413254e+02
1.086393830779407352e+02
9.936388791820810695e+01
1.068499259085689204e+02
9.686751548148406243e+01
9.123206064147017003e+01
9.204235739894733115e+01
9.269678167732327267e+01
8.704175243333894230e+01
1.085967873476108991e+02
1.002978674859152903e+02
1.049696252361711686e+02
9.943565200112527691e+01
1.032971119312313277e+02
1.193384356451106498e+02
1.144343771192322379e+02
9.293653748660965164e+01
1.109215137934126005e+02
9.586995821887526859e+01
1.126036510163956592e+02
9.951446572679213887e+01
9.460927837984789335e+01
8.741522877749747522e+01
1.181936264497089297e+02
9.324748432710308066e+01
9.438446199807819426e+01
9.593599718330735016e+01
1.069628388221296689e+02
9.220171123984388828e+01
9.522007258042928868e+01
1.040590857798267024e+02
8.363768422321497553e+01
1.057923752766080412e+02
1.100229471014519333e+02
9.296082807051342911e+01
1.281704420770335844e+02
1.028749834615890535e+02
1.007337524809281035e+02
9.971791324642840948e+01
1.014554089243151225e+02
1.107372064343727658e+02
1.246992114382979366e+02
9.170154487975288760e+01
9.694672076283274009e+01
1.112514669066834614e+02
1.169853932002719006e+02
1.166182756784811261e+02
1.134251392867658126e+02
1.218933960475299898e+02
9.253458212413826800e+01
9.464333045703750713e+01
8.377971114774744876e+01
9.750350421053251182e+01
1.102886314278231623e+02
8.891329109493884175e+01
1.037122943531768584e+02
1.086773818847939168e+02
1.117490442415007408e+02
8.935522119918654482e+01
8.139604139978526121e+01
1.113737651134931923e+02
1.096223821428209391e+02
9.844624026453332988e+01
1.165087693409098506e+02
1.017211001819299128e+02
1.047941898304587340e+02
8.188159473016848722e+01
1.064934844120626138e+02
9.791915032311096923e+01
1.054968351289375050e+02
9.662849821179395349e+01
1.011656507362498445e+02
7.563902578842632352e+01
1.131833124723879962e+02
1.185528292928234322e+02
1.087841900277793172e+02
8.535374755816069126e+01
1.012309570569530166e+02
1.058775813013416922e+02
1.054291547280289478e+02
1.010068424524904458e+02
7.732913781722615454e+01
1.045490634423219660e+02
9.585855320325997297e+01
1.112381629158306851e+02
