2.386666666666666714e+01
2.080000000000000071e+01
2.139999999999999858e+01
2.119999999999999929e+01
2.419999999999999929e+01
2.319999999999999929e+01
1.939999999999999858e+01
1.906666666666666643e+01
2.400000000000000000e+01
2.273333333333333428e+01
1.739999999999999858e+01
2.173333333333333428e+01
2.426666666666666572e+01
2.680000000000000071e+01
2.126666666666666572e+01
2.073333333333333428e+01
1.819999999999999929e+01
1.380000000000000071e+01
1.946666666666666501e+01
2.080000000000000071e+01
1.766666666666666785e+01
1.313333333333333286e+01
2.033333333333333215e+01
1.906666666666666643e+01
1.886666666666666714e+01
1.613333333333333286e+01
1.873333333333333428e+01
1.693333333333333357e+01
2.000000000000000000e+01
1.673333333333333428e+01
2.060000000000000142e+01
1.773333333333333428e+01
1.513333333333333286e+01
1.900000000000000000e+01
1.473333333333333250e+01
2.213333333333333286e+01
2.206666666666666643e+01
1.926666666666666572e+01
1.673333333333333428e+01
1.693333333333333357e+01
1.326666666666666750e+01
1.826666666666666572e+01
1.833333333333333215e+01
1.440000000000000036e+01
1.506666666666666643e+01
1.459999999999999964e+01
1.566666666666666607e+01
1.506666666666666643e+01
1.839999999999999858e+01
2.160000000000000142e+01
2.060000000000000142e+01
2.100000000000000000e+01
2.206666666666666643e+01
1.313333333333333286e+01
1.966666666666666785e+01
2.453333333333333499e+01
1.900000000000000000e+01
1.593333333333333357e+01
2.066666666666666785e+01
1.819999999999999929e+01
1.586666666666666714e+01
1.739999999999999858e+01
1.493333333333333357e+01
1.680000000000000071e+01
1.553333333333333321e+01
1.593333333333333357e+01
1.813333333333333286e+01
1.646666666666666501e+01
1.633333333333333215e+01
2.206666666666666643e+01
1.733333333333333215e+01
1.860000000000000142e+01
2.300000000000000000e+01
2.039999999999999858e+01
2.619999999999999929e+01
1.739999999999999858e+01
1.913333333333333286e+01
1.633333333333333215e+01
1.686666666666666714e+01
2.013333333333333286e+01
2.566666666666666785e+01
2.653333333333333499e+01
2.186666666666666714e+01
2.300000000000000000e+01
2.239999999999999858e+01
3.100000000000000000e+01
2.760000000000000142e+01
2.566666666666666785e+01
2.733333333333333215e+01
2.239999999999999858e+01
2.346666666666666501e+01
2.866666666666666785e+01
2.706666666666666643e+01
2.746666666666666501e+01
2.173333333333333428e+01
2.953333333333333499e+01
2.560000000000000142e+01
2.993333333333333357e+01
3.360000000000000142e+01
2.686666666666666714e+01
1.953333333333333499e+01
2.939999999999999858e+01
2.453333333333333499e+01
3.239999999999999858e+01
3.506666666666666998e+01
3.626666666666666572e+01
2.506666666666666643e+01
2.880000000000000071e+01
4.513333333333333286e+01
4.900000000000000000e+01
3.453333333333333144e+01
4.053333333333333144e+01
3.046666666666666501e+01
4.860000000000000142e+01
4.153333333333333144e+01
3.400000000000000000e+01
5.833333333333333570e+01
5.926666666666666572e+01
6.293333333333333002e+01
4.873333333333333428e+01
7.173333333333333428e+01
6.006666666666666998e+01
6.160000000000000142e+01
5.620000000000000284e+01
6.959999999999999432e+01
8.066666666666667140e+01
6.606666666666666288e+01
6.886666666666666003e+01
1.025999999999999943e+02
9.400000000000000000e+01
8.153333333333333144e+01
8.246666666666666856e+01
1.127333333333333343e+02
8.500000000000000000e+01
8.259999999999999432e+01
9.206666666666666288e+01
9.059999999999999432e+01
8.120000000000000284e+01
8.820000000000000284e+01
9.459999999999999432e+01
1.136666666666666714e+02
8.700000000000000000e+01
1.167333333333333343e+02
1.020666666666666629e+02
9.633333333333332860e+01
8.866666666666667140e+01
1.058666666666666600e+02
1.135333333333333314e+02
1.184000000000000057e+02
1.082000000000000028e+02
1.050000000000000000e+02
8.793333333333333712e+01
1.358000000000000114e+02
1.213333333333333286e+02
1.343333333333333428e+02
1.074000000000000057e+02
1.409333333333333371e+02
1.244666666666666686e+02
1.197999999999999972e+02
1.295999999999999943e+02
1.159333333333333371e+02
1.270000000000000000e+02
1.231333333333333400e+02
1.382666666666666799e+02
1.229333333333333371e+02
1.404666666666666686e+02
1.390000000000000000e+02
1.712666666666666799e+02
1.661999999999999886e+02
1.803333333333333428e+02
1.764000000000000057e+02
1.598000000000000114e+02
1.585333333333333314e+02
1.605999999999999943e+02
1.777333333333333201e+02
1.814000000000000057e+02
2.218000000000000114e+02
1.942666666666666799e+02
2.384666666666666686e+02
2.181999999999999886e+02
1.894000000000000057e+02
2.279333333333333371e+02
2.245999999999999943e+02
2.263333333333333428e+02
1.997333333333333201e+02
2.285999999999999943e+02
2.278000000000000114e+02
2.200000000000000000e+02
2.018000000000000114e+02
2.114000000000000057e+02
2.114666666666666686e+02
1.778000000000000114e+02
2.176666666666666572e+02
2.239333333333333371e+02
2.015999999999999943e+02
2.134000000000000057e+02
1.940000000000000000e+02
1.834000000000000057e+02
1.971333333333333258e+02
2.167333333333333201e+02
1.936666666666666572e+02
2.103333333333333428e+02
2.540666666666666629e+02
2.673999999999999773e+02
2.124666666666666686e+02
2.170000000000000000e+02
2.541999999999999886e+02
2.105333333333333314e+02
2.450000000000000000e+02
2.658666666666666742e+02
1.818666666666666742e+02
2.010666666666666629e+02
1.675999999999999943e+02
1.720666666666666629e+02
1.742666666666666799e+02
2.335999999999999943e+02
1.910000000000000000e+02
1.695999999999999943e+02
1.986666666666666572e+02
1.711333333333333258e+02
1.539333333333333371e+02
1.745999999999999943e+02
1.476666666666666572e+02
1.419333333333333371e+02
1.900000000000000000e+02
2.288000000000000114e+02
1.640000000000000000e+02
1.531999999999999886e+02
1.694000000000000057e+02
1.822666666666666799e+02
1.590666666666666629e+02
1.592666666666666799e+02
1.272666666666666657e+02
1.675999999999999943e+02
1.492666666666666799e+02
1.880666666666666629e+02
1.498000000000000114e+02
1.620666666666666629e+02
1.618000000000000114e+02
1.720000000000000000e+02
1.481333333333333258e+02
1.727333333333333201e+02
1.544000000000000057e+02
1.455999999999999943e+02
1.563333333333333428e+02
1.320666666666666629e+02
1.506666666666666572e+02
1.610000000000000000e+02
1.691333333333333258e+02
1.670000000000000000e+02
1.784666666666666686e+02
2.148000000000000114e+02
1.808000000000000114e+02
1.477333333333333201e+02
1.747333333333333201e+02
1.474666666666666686e+02
1.399333333333333371e+02
1.957333333333333201e+02
1.608666666666666742e+02
1.488000000000000114e+02
1.475999999999999943e+02
1.555999999999999943e+02
1.608666666666666742e+02
1.414000000000000057e+02
1.450000000000000000e+02
1.572666666666666799e+02
1.854666666666666686e+02
1.468000000000000114e+02
1.626666666666666572e+02
1.670666666666666629e+02
1.277333333333333343e+02
1.291999999999999886e+02
1.572666666666666799e+02
1.408000000000000114e+02
1.672666666666666799e+02
1.671999999999999886e+02
1.648666666666666742e+02
1.664666666666666686e+02
1.270666666666666629e+02
1.439333333333333371e+02
1.190666666666666629e+02
1.590666666666666629e+02
1.143333333333333286e+02
1.198666666666666600e+02
1.364666666666666686e+02
1.343333333333333428e+02
1.175999999999999943e+02
1.447333333333333201e+02
1.200666666666666629e+02
1.497333333333333201e+02
1.220666666666666629e+02
1.298666666666666742e+02
1.320000000000000000e+02
1.307333333333333201e+02
1.391333333333333258e+02
1.373333333333333428e+02
1.388000000000000114e+02
1.212666666666666657e+02
1.270000000000000000e+02
1.249333333333333371e+02
1.342666666666666799e+02
1.595999999999999943e+02
1.509333333333333371e+02
1.478666666666666742e+02
1.725999999999999943e+02
1.705333333333333314e+02
1.751333333333333258e+02
1.937333333333333201e+02
1.593333333333333428e+02
1.878666666666666742e+02
1.798000000000000114e+02
1.655999999999999943e+02
1.841333333333333258e+02
1.698000000000000114e+02
1.722666666666666799e+02
1.925999999999999943e+02
1.582666666666666799e+02
1.743333333333333428e+02
1.828000000000000114e+02
2.244000000000000057e+02
2.310000000000000000e+02
1.641999999999999886e+02
1.748000000000000114e+02
1.848000000000000114e+02
2.043333333333333428e+02
1.654000000000000057e+02
1.696666666666666572e+02
1.398666666666666742e+02
1.622666666666666799e+02
1.606666666666666572e+02
1.734000000000000057e+02
1.991999999999999886e+02
1.764000000000000057e+02
1.749333333333333371e+02
2.111999999999999886e+02
2.083333333333333428e+02
2.126666666666666572e+02
1.758000000000000114e+02
1.714000000000000057e+02
1.991333333333333258e+02
1.861333333333333258e+02
1.971999999999999886e+02
1.994000000000000057e+02
2.035333333333333314e+02
2.416666666666666572e+02
2.458000000000000114e+02
2.723333333333333144e+02
2.378000000000000114e+02
2.545333333333333314e+02
2.598000000000000114e+02
2.455333333333333314e+02
2.775333333333333599e+02
2.404666666666666686e+02
2.697333333333333485e+02
2.402666666666666799e+02
2.580000000000000000e+02
2.493333333333333428e+02
2.763999999999999773e+02
2.769333333333333371e+02
2.743333333333333144e+02
2.609333333333333371e+02
2.620000000000000000e+02
2.550000000000000000e+02
2.539333333333333371e+02
2.390000000000000000e+02
2.210666666666666629e+02
2.031333333333333258e+02
2.228666666666666742e+02
2.422666666666666799e+02
2.658666666666666742e+02
2.663333333333333144e+02
2.523333333333333428e+02
2.910666666666666629e+02
2.425333333333333314e+02
2.341333333333333258e+02
1.990666666666666629e+02
1.821999999999999886e+02
1.772666666666666799e+02
1.871333333333333258e+02
1.873333333333333428e+02
2.055333333333333314e+02
1.813333333333333428e+02
1.848000000000000114e+02
1.731333333333333258e+02
1.823333333333333428e+02
1.770000000000000000e+02
1.654000000000000057e+02
1.913333333333333428e+02
1.864000000000000057e+02
2.002666666666666799e+02
2.198666666666666742e+02
2.022666666666666799e+02
1.852666666666666799e+02
2.173333333333333428e+02
2.143333333333333428e+02
2.046666666666666572e+02
1.898000000000000114e+02
1.930666666666666629e+02
2.008000000000000114e+02
1.995999999999999943e+02
1.708000000000000114e+02
1.646666666666666572e+02
1.589333333333333371e+02
1.760000000000000000e+02
1.430000000000000000e+02
1.403333333333333428e+02
1.579333333333333371e+02
1.506666666666666572e+02
1.915999999999999943e+02
1.800666666666666629e+02
1.725999999999999943e+02
1.581999999999999886e+02
1.583333333333333428e+02
1.846666666666666572e+02
1.943333333333333428e+02
1.711999999999999886e+02
1.901999999999999886e+02
1.432666666666666799e+02
1.468666666666666742e+02
1.649333333333333371e+02
1.633333333333333428e+02
1.756666666666666572e+02
1.785333333333333314e+02
1.661333333333333258e+02
1.661333333333333258e+02
1.829333333333333371e+02
1.761333333333333258e+02
1.758666666666666742e+02
2.053333333333333428e+02
1.943333333333333428e+02
2.054666666666666686e+02
1.621333333333333258e+02
1.545333333333333314e+02
1.584666666666666686e+02
1.595333333333333314e+02
1.830666666666666629e+02
1.831333333333333258e+02
1.821333333333333258e+02
1.860666666666666629e+02
1.751999999999999886e+02
1.758000000000000114e+02
1.847333333333333201e+02
1.826666666666666572e+02
1.684666666666666686e+02
1.682666666666666799e+02
1.731999999999999886e+02
1.737333333333333201e+02
1.950000000000000000e+02
1.910666666666666629e+02
1.920000000000000000e+02
1.984000000000000057e+02
1.900000000000000000e+02
1.720000000000000000e+02
1.951333333333333258e+02
1.831333333333333258e+02
1.765333333333333314e+02
1.851333333333333258e+02
1.798000000000000114e+02
1.704666666666666686e+02
1.730666666666666629e+02
1.720666666666666629e+02
1.785333333333333314e+02
1.694666666666666686e+02
1.816666666666666572e+02
1.862666666666666799e+02
1.837333333333333201e+02
2.066666666666666572e+02
1.874000000000000057e+02
2.079333333333333371e+02
1.920666666666666629e+02
2.055333333333333314e+02
2.505999999999999943e+02
2.214666666666666686e+02
2.025999999999999943e+02
2.300666666666666629e+02
2.280000000000000000e+02
2.270666666666666629e+02
2.065333333333333314e+02
2.434666666666666686e+02
1.985999999999999943e+02
2.002666666666666799e+02
1.990666666666666629e+02
2.033333333333333428e+02
2.000000000000000000e+02
2.377333333333333201e+02
2.064666666666666686e+02
2.318000000000000114e+02
2.390000000000000000e+02
2.318666666666666742e+02
2.341333333333333258e+02
2.107333333333333201e+02
2.100000000000000000e+02
2.065333333333333314e+02
2.122666666666666799e+02
2.110000000000000000e+02
2.086666666666666572e+02
1.668000000000000114e+02
2.026666666666666572e+02
1.785999999999999943e+02
1.494000000000000057e+02
