1.152311686229998244e+01
1.228657804272613596e+01
9.569395661865661040e+00
8.263978057408753131e+00
1.205653349848122780e+01
1.137951375645432961e+01
6.681317235396026177e+00
6.402777175222917450e+00
1.438054240979803922e+01
8.551543070632861898e+00
6.945502141674135821e+00
1.104214149922418287e+01
1.061110529377385703e+01
1.789674085785826207e+01
9.110189655301120126e+00
1.089015865612414125e+01
6.715156985010352741e+00
3.270066258248192526e+00
1.200481384926711748e+01
1.625710101258318829e+01
8.919392106839767465e+00
3.930507459462313058e+00
1.186404465414537768e+01
8.652295777550731870e+00
7.804841802083855029e+00
5.643481982684882325e+00
1.455777760816838473e+01
6.402777175222917450e+00
1.148912529307605723e+01
6.049426051747021305e+00
9.393614852653902503e+00
9.532167760914733279e+00
8.777749648337490385e+00
1.024369724920320657e+01
4.795368135561185241e+00
1.061989746759460118e+01
1.004965449931267685e+01
9.841860709348726033e+00
8.984925647376771352e+00
8.217596296295461400e+00
4.327688631231328742e+00
7.886415887813395642e+00
1.339983416149452289e+01
5.030573194643594981e+00
5.208539995899895914e+00
3.773592452822641885e+00
5.849976258261413875e+00
3.395421754199158038e+00
8.138795979750321763e+00
9.506489011897784280e+00
1.357350360076572215e+01
1.398093940572902483e+01
1.176699716249741634e+01
3.667272677193350816e+00
1.239175353029407134e+01
1.390379644397729031e+01
7.831560082980487003e+00
5.359933664597807734e+00
1.012367961212171608e+01
9.826494797230598266e+00
7.940333046471595324e+00
7.787168933572714558e+00
6.495810615739620708e+00
4.735680169380811044e+00
7.163487667020552507e+00
6.597642676660268712e+00
1.146511617424302010e+01
8.023853327561653259e+00
1.202589797986920672e+01
1.504423108333851999e+01
8.251599171608427596e+00
7.648965071607181976e+00
1.897366596101027625e+01
2.350262396698149914e+01
2.815244216759888829e+01
8.561931246317424637e+00
9.999111071601426204e+00
1.044137070610091023e+01
8.405289339986394381e+00
9.858104392946049899e+00
1.388844443733310463e+01
2.539256234061899775e+01
1.284713543514229883e+01
1.473318250299868737e+01
1.493898702500719722e+01
3.989151956661131493e+01
2.148736062588113072e+01
2.328280242773384145e+01
1.901812001457791013e+01
1.127711547042652818e+01
1.210436101393029062e+01
2.251123176451158869e+01
2.093312101803158498e+01
1.702103274056998927e+01
1.309690379016693207e+01
1.407535276842309102e+01
1.523067081035281767e+01
2.438159597364828457e+01
3.660746736209248553e+01
1.390859047096034473e+01
1.280034721751284721e+01
2.267097998175935203e+01
1.171248147158501141e+01
1.972071668744994355e+01
2.748688576192088107e+01
2.843815902777268434e+01
1.818961852877135499e+01
2.093227173528950757e+01
5.909976499295257213e+01
4.508362600028233658e+01
3.801730600076175648e+01
3.407808027978623500e+01
1.982209765780492816e+01
4.174973053805258161e+01
5.440694400125369157e+01
2.949802253259247564e+01
1.196632311484563331e+02
6.812680986382837034e+01
1.200091477994721600e+02
5.118524092830753602e+01
1.058108165023259204e+02
6.476569736793973675e+01
8.044443216697267474e+01
5.924772850779456945e+01
7.683037593729882531e+01
1.167679560305632549e+02
8.981200117776886316e+01
8.286846337553400588e+01
1.263897675183134766e+02
1.120011904698636016e+02
8.126160771784476822e+01
1.248731979071392004e+02
1.202427914217267642e+02
7.783915038933385233e+01
9.235424552594572845e+01
8.660289961786627089e+01
9.455354743918036320e+01
8.773308004016121231e+01
1.070396811156186914e+02
8.913420592941110954e+01
1.108853261507380665e+02
8.596123157175757967e+01
1.356296263931872375e+02
1.042001066324896925e+02
9.025347023183589101e+01
8.961448295647056739e+01
8.794761066806887584e+01
9.541688646262893769e+01
9.676762544019219092e+01
1.020203901188384918e+02
1.036661307596008754e+02
7.267779731267467014e+01
1.337854999616924090e+02
1.075730242930613088e+02
1.271925923768973234e+02
1.003585571837299710e+02
1.314151014491443163e+02
1.040409321159492180e+02
8.127090500295909692e+01
1.003426130813823391e+02
8.994773791238752381e+01
9.872318201246689284e+01
1.029581576283405582e+02
1.228112191762444638e+02
9.316685152038907347e+01
1.189256723990053928e+02
1.067389338526481595e+02
1.289844779636509315e+02
1.348753498605286438e+02
1.507092860074948817e+02
1.435343396775373321e+02
1.156253720714734499e+02
1.180326885043103573e+02
1.142650719453091028e+02
1.301437495831265494e+02
1.435710277179905177e+02
1.683552592981084501e+02
1.482576436103342701e+02
1.775750983543457266e+02
1.628918659724911038e+02
1.411234920202869887e+02
1.686651383329966336e+02
1.511139967044747152e+02
1.750472951963427306e+02
1.565057897402591891e+02
1.670424297396722295e+02
1.452887699261944476e+02
1.537374385112487971e+02
1.465788524992606199e+02
1.526638136560200110e+02
1.505619990421074306e+02
1.531509930319312787e+02
1.778803592930434263e+02
1.577945781352733547e+02
1.490265300765829011e+02
1.555775476517525533e+02
1.377422714105344426e+02
1.313508279380072850e+02
1.550517619664120161e+02
1.660953407601255378e+02
1.601968233836808224e+02
1.702404834997311127e+02
1.839135545726729788e+02
1.797920280027269087e+02
1.760317648102813735e+02
1.745542895491256559e+02
1.828584880902898249e+02
1.765260572518654669e+02
1.756921550136298436e+02
2.119593881436305196e+02
1.604950120374115841e+02
1.789396422136680940e+02
1.534986644893042751e+02
1.510273558737695225e+02
1.671599898965725117e+02
1.768655986900787696e+02
1.798577215467826420e+02
1.618302814679625783e+02
1.681299761758410796e+02
1.527803943210282682e+02
1.328625689282810072e+02
1.611031967404743739e+02
1.363664996332391866e+02
1.335107819199965888e+02
1.564642664210159637e+02
1.828085337176577241e+02
1.525621184960408243e+02
1.688341197744105386e+02
1.833364120953609415e+02
1.884697912722944295e+02
1.681921388042721901e+02
1.730562400557178080e+02
1.602562392614472344e+02
1.710944378601088829e+02
1.582565287401720298e+02
1.952033014292762800e+02
1.775001220656857015e+02
1.819170018320320423e+02
1.824445851941533192e+02
1.734477827282128715e+02
1.681316415458104245e+02
1.808983016933977694e+02
1.687893361560498704e+02
1.590089305668080897e+02
1.561975956565557624e+02
1.329699046986029600e+02
1.556301884454155697e+02
1.595217853460774222e+02
1.679106376088847412e+02
1.662452004319723642e+02
1.508411379196301425e+02
1.777437106247832048e+02
1.572760630229533660e+02
1.250117150065900375e+02
1.509734928904923947e+02
1.248011039837210490e+02
1.330280505089893666e+02
1.776128623970935507e+02
1.721866687316091031e+02
1.459105662155189407e+02
1.654951358801822892e+02
1.698826261471921839e+02
1.826518972131293310e+02
1.547194450179636078e+02
1.567175803794839055e+02
1.817578853554609566e+02
1.947764074237146588e+02
1.657331992490742323e+02
1.827383071194676916e+02
1.701009373545275025e+02
1.350789727858814047e+02
1.296015432006887806e+02
1.603335966733804128e+02
1.562247099533233268e+02
1.818205953375163801e+02
1.826750119748182613e+02
1.785130683046917852e+02
1.815829899033007564e+02
1.590113063764824233e+02
1.699997908495445529e+02
1.621466277444242507e+02
1.853812168358907684e+02
1.596189907943983428e+02
1.617178063445361147e+02
1.860956265531842746e+02
1.737130456304943493e+02
1.605576947185444965e+02
1.839443635692294947e+02
1.598063272283742435e+02
1.841435913145559766e+02
1.634733277598791972e+02
1.619678431733355524e+02
1.588214930878899338e+02
1.579790984768414148e+02
1.600645147710412743e+02
1.591341851673891199e+02
1.597473839118082992e+02
1.379712369380742416e+02
1.502899420010090523e+02
1.463805390829745079e+02
1.538351787538280178e+02
1.544714860419229581e+02
1.512377671820839282e+02
1.440212330024831999e+02
1.703524972911560553e+02
1.606793356000979145e+02
1.736509397869440932e+02
1.821308931022472564e+02
1.644010002673003328e+02
1.935664801101219155e+02
1.917544262852881332e+02
1.822766395711017253e+02
1.935630359569948666e+02
1.926136720657873411e+02
1.773634560882132689e+02
1.927467422984540804e+02
1.490089333638162259e+02
1.761884092542853750e+02
1.852185015956379459e+02
2.009987727989070834e+02
1.996787419832166393e+02
1.535930553985650135e+02
1.505895968075705582e+02
1.792313960592098283e+02
1.908701711169721023e+02
1.641425396822326945e+02
1.612367479481302723e+02
1.304294786039141059e+02
1.572151250852014925e+02
1.566216956732226038e+02
1.766838230663275340e+02
1.942500793650631579e+02
1.750652449802644526e+02
1.802507389413116528e+02
1.889628534924258645e+02
2.098522231370341160e+02
2.073456587976276637e+02
1.924245999519465329e+02
1.739090950276417686e+02
1.930363926540508146e+02
1.735956476668954167e+02
1.769867038320487325e+02
1.733150503178147801e+02
1.719666117464537365e+02
1.904355242303517741e+02
1.981511880694469312e+02
2.084542049361335216e+02
1.842292774416343093e+02
1.964457063810648947e+02
1.913737007358464837e+02
1.859117592359940545e+02
2.013583428175307120e+02
1.728440015993869849e+02
1.912124356718347826e+02
1.752561807437583354e+02
1.892758128587309443e+02
1.787809336093259844e+02
1.921706880180568646e+02
1.916223600963334661e+02
1.836030742904074771e+02
1.865741913794319373e+02
1.871566189051298181e+02
1.869181639113759275e+02
1.881876604763329226e+02
1.748340165223385156e+02
1.672576721375999682e+02
1.722044779389381119e+02
1.747035075651189118e+02
1.893541537847943630e+02
1.816020802621918051e+02
2.146217344280137809e+02
1.987030168087261188e+02
2.100553789414168477e+02
1.928549944618725647e+02
1.853058252966940245e+02
1.807087773801323181e+02
1.602394874346936149e+02
1.632611268966239777e+02
1.703047725566008808e+02
1.697082463785684183e+02
1.893961867503027747e+02
1.730405219080843437e+02
1.682094725830465052e+02
1.655813462387059474e+02
1.788513970373791153e+02
1.837244313276453340e+02
1.732215537012258437e+02
2.017208191756341478e+02
2.010266317348690848e+02
2.060428650116820393e+02
2.177527241824746511e+02
2.005889550520887781e+02
2.005716718670798855e+02
2.091725497180630668e+02
2.104346823970695937e+02
2.170350714106414216e+02
2.035741306420505623e+02
2.004263677485796507e+02
2.041620924657660510e+02
2.104230025448738388e+02
1.891152029848472864e+02
1.881781661676567410e+02
1.835623297108883492e+02
2.064990718300367405e+02
1.755137221605953641e+02
1.730574727912345736e+02
1.926770931434824945e+02
1.834421495246450320e+02
2.193912182988796360e+02
2.085286444485638242e+02
2.042354197162349863e+02
1.885068345356917519e+02
1.914665041782040191e+02
2.132277863902565969e+02
2.225978935709460416e+02
2.061485548498137632e+02
2.220216806230118323e+02
1.862709376747275201e+02
1.862438783483157181e+02
2.089776596247125724e+02
2.103605370680431577e+02
2.221650037447142552e+02
2.099707492855982593e+02
2.113357097658183648e+02
2.117060435813982622e+02
2.214929544904055945e+02
2.050635240331368436e+02
2.032938322286788662e+02
2.200662526503224683e+02
2.052847345084923916e+02
2.141746535475713529e+02
1.828601894587471008e+02
1.823205479978113601e+02
1.836895448545967042e+02
1.803311275280991595e+02
1.995389574883951411e+02
2.003586340096733238e+02
1.987326065065541627e+02
1.851505573550587087e+02
1.848791316869844366e+02
1.880334012881753551e+02
1.974775824126767816e+02
1.996208628597945278e+02
1.886884086412187287e+02
1.884697912722944295e+02
1.922544147737575315e+02
1.916905376439385407e+02
2.072901348352110915e+02
2.051524527976423826e+02
2.066475259953527654e+02
2.125774525516131348e+02
2.053156918828498476e+02
1.880106379968963211e+02
2.098805586253497779e+02
1.941569353784601617e+02
1.927547203630101365e+02
1.941339285705160194e+02
1.985041393355144521e+02
1.881573336923709121e+02
1.921841015508017563e+02
1.895747756310304908e+02
1.941510980882902118e+02
1.876666785079925148e+02
1.980332183133818660e+02
1.965921214652871640e+02
1.914897618383000690e+02
2.119423401672152067e+02
1.945195105895550114e+02
2.063193210104720379e+02
1.921580830693543476e+02
1.860060453019978866e+02
2.097105306527707000e+02
2.038149051358991244e+02
1.916854367620729249e+02
2.008347468829922207e+02
2.042779152690438593e+02
2.068498542958689654e+02
2.049887368179584257e+02
2.163469025020285130e+02
2.055856026087429882e+02
2.108463790430263884e+02
2.049882815078841531e+02
2.167741271974637982e+02
2.115246242560583312e+02
2.177005486646482382e+02
2.130351666326999123e+02
2.114543922457039002e+02
2.132516510291694658e+02
2.082283575522049262e+02
2.107671279450906923e+02
2.018846095064097597e+02
2.100025396671827593e+02
2.105538305411600959e+02
2.096137612106821564e+02
2.096215637762489337e+02
2.111563928045329703e+02
1.817823607137575834e+02
2.158470652002374379e+02
2.006625027253472240e+02
1.850332582717676360e+02
